ID,V241501x,V241177,V241227x,V241439,V241458x,V241550,V242400,Prompt,Response
fake_0,1,6,6,1,34,2,2,"Today is November 5, 2024. Racially, I am white. Ideologically, I am conservative. Politically, I am a weak Republican. I attend church. I am 34 years old. I am a woman. I am somewhat interested in politics.. Question: Do you think the federal government should be doing more about the opioid drug addiction issue, should be doing less, or is it currently doing the right amount?

Answer choices:
1. Should be doing more 2. Should be doing less 3. Is doing the right amount

When answering, respond ONLY with a single number that corresponds to the option you choose. Do not include any additional text, punctuation or explanation.

My answer is
",1
fake_1,6,6,1,1,61,2,1,"Today is November 5, 2024. Ideologically, I am conservative. Politically, I am a strong democrat. I attend church. I am 61 years old. I am a woman. I am very interested in politics.. Question: Do you think the federal government should be doing more about the opioid drug addiction issue, should be doing less, or is it currently doing the right amount?

Answer choices:
1. Should be doing more 2. Should be doing less 3. Is doing the right amount

When answering, respond ONLY with a single number that corresponds to the option you choose. Do not include any additional text, punctuation or explanation.

My answer is
",1
fake_2,2,6,3,1,28,2,3,"Today is November 5, 2024. Racially, I am black. Ideologically, I am conservative. Politically, I am an independent who leans Democratic. I attend church. I am 28 years old. I am a woman. I am not very interested in politics.. Question: Do you think the federal government should be doing more about the opioid drug addiction issue, should be doing less, or is it currently doing the right amount?

Answer choices:
1. Should be doing more 2. Should be doing less 3. Is doing the right amount

When answering, respond ONLY with a single number that corresponds to the option you choose. Do not include any additional text, punctuation or explanation.

My answer is
",1
fake_3,3,5,1,-1,80,2,2,"Today is November 5, 2024. Racially, I am hispanic. Ideologically, I am slightly conservative. Politically, I am a strong democrat. I am 80 years old. I am a woman. I am somewhat interested in politics.. Question: Do you think the federal government should be doing more about the opioid drug addiction issue, should be doing less, or is it currently doing the right amount?

Answer choices:
1. Should be doing more 2. Should be doing less 3. Is doing the right amount

When answering, respond ONLY with a single number that corresponds to the option you choose. Do not include any additional text, punctuation or explanation.

My answer is
",1
fake_4,1,6,6,1,65,2,2,"Today is November 5, 2024. Racially, I am white. Ideologically, I am conservative. Politically, I am a weak Republican. I attend church. I am 65 years old. I am a woman. I am somewhat interested in politics.. Question: Do you think the federal government should be doing more about the opioid drug addiction issue, should be doing less, or is it currently doing the right amount?

Answer choices:
1. Should be doing more 2. Should be doing less 3. Is doing the right amount

When answering, respond ONLY with a single number that corresponds to the option you choose. Do not include any additional text, punctuation or explanation.

My answer is
",1
fake_5,1,2,1,2,41,1,1,"Today is November 5, 2024. Racially, I am white. Ideologically, I am liberal. Politically, I am a strong democrat. I do not attend church. I am 41 years old. I am a man. I am very interested in politics.. Question: Do you think the federal government should be doing more about the opioid drug addiction issue, should be doing less, or is it currently doing the right amount?

Answer choices:
1. Should be doing more 2. Should be doing less 3. Is doing the right amount

When answering, respond ONLY with a single number that corresponds to the option you choose. Do not include any additional text, punctuation or explanation.

My answer is
",1
fake_6,3,5,3,-1,42,1,3,"Today is November 5, 2024. Racially, I am hispanic. Ideologically, I am slightly conservative. Politically, I am an independent who leans Democratic. I am 42 years old. I am a man. I am not very interested in politics.. Question: Do you think the federal government should be doing more about the opioid drug addiction issue, should be doing less, or is it currently doing the right amount?

Answer choices:
1. Should be doing more 2. Should be doing less 3. Is doing the right amount

When answering, respond ONLY with a single number that corresponds to the option you choose. Do not include any additional text, punctuation or explanation.

My answer is
",1
fake_7,3,5,7,1,64,1,3,"Today is November 5, 2024. Racially, I am hispanic. Ideologically, I am slightly conservative. Politically, I am a strong Republican. I attend church. I am 64 years old. I am a man. I am not very interested in politics.. Question: Do you think the federal government should be doing more about the opioid drug addiction issue, should be doing less, or is it currently doing the right amount?

Answer choices:
1. Should be doing more 2. Should be doing less 3. Is doing the right amount

When answering, respond ONLY with a single number that corresponds to the option you choose. Do not include any additional text, punctuation or explanation.

My answer is
",1
fake_8,3,5,7,1,36,1,2,"Today is November 5, 2024. Racially, I am hispanic. Ideologically, I am slightly conservative. Politically, I am a strong Republican. I attend church. I am 36 years old. I am a man. I am somewhat interested in politics.. Question: Do you think the federal government should be doing more about the opioid drug addiction issue, should be doing less, or is it currently doing the right amount?

Answer choices:
1. Should be doing more 2. Should be doing less 3. Is doing the right amount

When answering, respond ONLY with a single number that corresponds to the option you choose. Do not include any additional text, punctuation or explanation.

My answer is
",1
fake_9,1,99,7,2,54,2,3,"Today is November 5, 2024. Racially, I am white. Politically, I am a strong Republican. I do not attend church. I am 54 years old. I am a woman. I am not very interested in politics.. Question: Do you think the federal government should be doing more about the opioid drug addiction issue, should be doing less, or is it currently doing the right amount?

Answer choices:
1. Should be doing more 2. Should be doing less 3. Is doing the right amount

When answering, respond ONLY with a single number that corresponds to the option you choose. Do not include any additional text, punctuation or explanation.

My answer is
",1
fake_10,6,4,2,2,35,2,3,"Today is November 5, 2024. Ideologically, I am moderate. Politically, I am a weak Democrat. I do not attend church. I am 35 years old. I am a woman. I am not very interested in politics.. Question: Do you think the federal government should be doing more about the opioid drug addiction issue, should be doing less, or is it currently doing the right amount?

Answer choices:
1. Should be doing more 2. Should be doing less 3. Is doing the right amount

When answering, respond ONLY with a single number that corresponds to the option you choose. Do not include any additional text, punctuation or explanation.

My answer is
",1
fake_11,1,2,6,2,61,2,1,"Today is November 5, 2024. Racially, I am white. Ideologically, I am liberal. Politically, I am a weak Republican. I do not attend church. I am 61 years old. I am a woman. I am very interested in politics.. Question: Do you think the federal government should be doing more about the opioid drug addiction issue, should be doing less, or is it currently doing the right amount?

Answer choices:
1. Should be doing more 2. Should be doing less 3. Is doing the right amount

When answering, respond ONLY with a single number that corresponds to the option you choose. Do not include any additional text, punctuation or explanation.

My answer is
",1
fake_12,1,6,2,1,80,2,1,"Today is November 5, 2024. Racially, I am white. Ideologically, I am conservative. Politically, I am a weak Democrat. I attend church. I am 80 years old. I am a woman. I am very interested in politics.. Question: Do you think the federal government should be doing more about the opioid drug addiction issue, should be doing less, or is it currently doing the right amount?

Answer choices:
1. Should be doing more 2. Should be doing less 3. Is doing the right amount

When answering, respond ONLY with a single number that corresponds to the option you choose. Do not include any additional text, punctuation or explanation.

My answer is
",1
fake_13,2,5,5,1,79,2,1,"Today is November 5, 2024. Racially, I am black. Ideologically, I am slightly conservative. Politically, I am an independent who leans Republican. I attend church. I am 79 years old. I am a woman. I am very interested in politics.. Question: Do you think the federal government should be doing more about the opioid drug addiction issue, should be doing less, or is it currently doing the right amount?

Answer choices:
1. Should be doing more 2. Should be doing less 3. Is doing the right amount

When answering, respond ONLY with a single number that corresponds to the option you choose. Do not include any additional text, punctuation or explanation.

My answer is
",1
fake_14,1,5,4,2,63,1,2,"Today is November 5, 2024. Racially, I am white. Ideologically, I am slightly conservative. Politically, I am an independent. I do not attend church. I am 63 years old. I am a man. I am somewhat interested in politics.. Question: Do you think the federal government should be doing more about the opioid drug addiction issue, should be doing less, or is it currently doing the right amount?

Answer choices:
1. Should be doing more 2. Should be doing less 3. Is doing the right amount

When answering, respond ONLY with a single number that corresponds to the option you choose. Do not include any additional text, punctuation or explanation.

My answer is
",1
fake_15,3,-9,3,1,54,2,3,"Today is November 5, 2024. Racially, I am hispanic. Politically, I am an independent who leans Democratic. I attend church. I am 54 years old. I am a woman. I am not very interested in politics.. Question: Do you think the federal government should be doing more about the opioid drug addiction issue, should be doing less, or is it currently doing the right amount?

Answer choices:
1. Should be doing more 2. Should be doing less 3. Is doing the right amount

When answering, respond ONLY with a single number that corresponds to the option you choose. Do not include any additional text, punctuation or explanation.

My answer is
",1
fake_16,1,2,-9,1,34,2,1,"Today is November 5, 2024. Racially, I am white. Ideologically, I am liberal. I attend church. I am 34 years old. I am a woman. I am very interested in politics.. Question: Do you think the federal government should be doing more about the opioid drug addiction issue, should be doing less, or is it currently doing the right amount?

Answer choices:
1. Should be doing more 2. Should be doing less 3. Is doing the right amount

When answering, respond ONLY with a single number that corresponds to the option you choose. Do not include any additional text, punctuation or explanation.

My answer is
",1
fake_17,1,2,7,2,80,2,-6,"Today is November 5, 2024. Racially, I am white. Ideologically, I am liberal. Politically, I am a strong Republican. I do not attend church. I am 80 years old. I am a woman.. Question: Do you think the federal government should be doing more about the opioid drug addiction issue, should be doing less, or is it currently doing the right amount?

Answer choices:
1. Should be doing more 2. Should be doing less 3. Is doing the right amount

When answering, respond ONLY with a single number that corresponds to the option you choose. Do not include any additional text, punctuation or explanation.

My answer is
",1
fake_18,4,2,6,2,-2,1,3,"Today is November 5, 2024. Racially, I am asian. Ideologically, I am liberal. Politically, I am a weak Republican. I do not attend church. I am a man. I am not very interested in politics.. Question: Do you think the federal government should be doing more about the opioid drug addiction issue, should be doing less, or is it currently doing the right amount?

Answer choices:
1. Should be doing more 2. Should be doing less 3. Is doing the right amount

When answering, respond ONLY with a single number that corresponds to the option you choose. Do not include any additional text, punctuation or explanation.

My answer is
",1
fake_19,1,1,2,2,42,1,3,"Today is November 5, 2024. Racially, I am white. Ideologically, I am extremely liberal. Politically, I am a weak Democrat. I do not attend church. I am 42 years old. I am a man. I am not very interested in politics.. Question: Do you think the federal government should be doing more about the opioid drug addiction issue, should be doing less, or is it currently doing the right amount?

Answer choices:
1. Should be doing more 2. Should be doing less 3. Is doing the right amount

When answering, respond ONLY with a single number that corresponds to the option you choose. Do not include any additional text, punctuation or explanation.

My answer is
",1
fake_20,2,3,2,2,78,2,3,"Today is November 5, 2024. Racially, I am black. Ideologically, I am slightly liberal. Politically, I am a weak Democrat. I do not attend church. I am 78 years old. I am a woman. I am not very interested in politics.. Question: Do you think the federal government should be doing more about the opioid drug addiction issue, should be doing less, or is it currently doing the right amount?

Answer choices:
1. Should be doing more 2. Should be doing less 3. Is doing the right amount

When answering, respond ONLY with a single number that corresponds to the option you choose. Do not include any additional text, punctuation or explanation.

My answer is
",1
fake_21,1,6,5,2,52,1,2,"Today is November 5, 2024. Racially, I am white. Ideologically, I am conservative. Politically, I am an independent who leans Republican. I do not attend church. I am 52 years old. I am a man. I am somewhat interested in politics.. Question: Do you think the federal government should be doing more about the opioid drug addiction issue, should be doing less, or is it currently doing the right amount?

Answer choices:
1. Should be doing more 2. Should be doing less 3. Is doing the right amount

When answering, respond ONLY with a single number that corresponds to the option you choose. Do not include any additional text, punctuation or explanation.

My answer is
",1
fake_22,3,6,7,1,40,2,1,"Today is November 5, 2024. Racially, I am hispanic. Ideologically, I am conservative. Politically, I am a strong Republican. I attend church. I am 40 years old. I am a woman. I am very interested in politics.. Question: Do you think the federal government should be doing more about the opioid drug addiction issue, should be doing less, or is it currently doing the right amount?

Answer choices:
1. Should be doing more 2. Should be doing less 3. Is doing the right amount

When answering, respond ONLY with a single number that corresponds to the option you choose. Do not include any additional text, punctuation or explanation.

My answer is
",1
fake_23,1,3,3,1,62,1,3,"Today is November 5, 2024. Racially, I am white. Ideologically, I am slightly liberal. Politically, I am an independent who leans Democratic. I attend church. I am 62 years old. I am a man. I am not very interested in politics.. Question: Do you think the federal government should be doing more about the opioid drug addiction issue, should be doing less, or is it currently doing the right amount?

Answer choices:
1. Should be doing more 2. Should be doing less 3. Is doing the right amount

When answering, respond ONLY with a single number that corresponds to the option you choose. Do not include any additional text, punctuation or explanation.

My answer is
",1
fake_24,3,6,6,1,51,1,-5,"Today is November 5, 2024. Racially, I am hispanic. Ideologically, I am conservative. Politically, I am a weak Republican. I attend church. I am 51 years old. I am a man.. Question: Do you think the federal government should be doing more about the opioid drug addiction issue, should be doing less, or is it currently doing the right amount?

Answer choices:
1. Should be doing more 2. Should be doing less 3. Is doing the right amount

When answering, respond ONLY with a single number that corresponds to the option you choose. Do not include any additional text, punctuation or explanation.

My answer is
",1
fake_25,1,6,7,1,39,1,1,"Today is November 5, 2024. Racially, I am white. Ideologically, I am conservative. Politically, I am a strong Republican. I attend church. I am 39 years old. I am a man. I am very interested in politics.. Question: Do you think the federal government should be doing more about the opioid drug addiction issue, should be doing less, or is it currently doing the right amount?

Answer choices:
1. Should be doing more 2. Should be doing less 3. Is doing the right amount

When answering, respond ONLY with a single number that corresponds to the option you choose. Do not include any additional text, punctuation or explanation.

My answer is
",1
fake_26,1,99,2,1,67,1,3,"Today is November 5, 2024. Racially, I am white. Politically, I am a weak Democrat. I attend church. I am 67 years old. I am a man. I am not very interested in politics.. Question: Do you think the federal government should be doing more about the opioid drug addiction issue, should be doing less, or is it currently doing the right amount?

Answer choices:
1. Should be doing more 2. Should be doing less 3. Is doing the right amount

When answering, respond ONLY with a single number that corresponds to the option you choose. Do not include any additional text, punctuation or explanation.

My answer is
",1
fake_27,1,6,2,2,-2,2,2,"Today is November 5, 2024. Racially, I am white. Ideologically, I am conservative. Politically, I am a weak Democrat. I do not attend church. I am a woman. I am somewhat interested in politics.. Question: Do you think the federal government should be doing more about the opioid drug addiction issue, should be doing less, or is it currently doing the right amount?

Answer choices:
1. Should be doing more 2. Should be doing less 3. Is doing the right amount

When answering, respond ONLY with a single number that corresponds to the option you choose. Do not include any additional text, punctuation or explanation.

My answer is
",1
fake_28,1,1,3,1,47,1,2,"Today is November 5, 2024. Racially, I am white. Ideologically, I am extremely liberal. Politically, I am an independent who leans Democratic. I attend church. I am 47 years old. I am a man. I am somewhat interested in politics.. Question: Do you think the federal government should be doing more about the opioid drug addiction issue, should be doing less, or is it currently doing the right amount?

Answer choices:
1. Should be doing more 2. Should be doing less 3. Is doing the right amount

When answering, respond ONLY with a single number that corresponds to the option you choose. Do not include any additional text, punctuation or explanation.

My answer is
",1
fake_29,2,99,5,2,42,2,3,"Today is November 5, 2024. Racially, I am black. Politically, I am an independent who leans Republican. I do not attend church. I am 42 years old. I am a woman. I am not very interested in politics.. Question: Do you think the federal government should be doing more about the opioid drug addiction issue, should be doing less, or is it currently doing the right amount?

Answer choices:
1. Should be doing more 2. Should be doing less 3. Is doing the right amount

When answering, respond ONLY with a single number that corresponds to the option you choose. Do not include any additional text, punctuation or explanation.

My answer is
",1
fake_30,1,7,6,1,77,1,3,"Today is November 5, 2024. Racially, I am white. Ideologically, I am extremely conservative. Politically, I am a weak Republican. I attend church. I am 77 years old. I am a man. I am not very interested in politics.. Question: Do you think the federal government should be doing more about the opioid drug addiction issue, should be doing less, or is it currently doing the right amount?

Answer choices:
1. Should be doing more 2. Should be doing less 3. Is doing the right amount

When answering, respond ONLY with a single number that corresponds to the option you choose. Do not include any additional text, punctuation or explanation.

My answer is
",1
fake_31,1,4,3,1,47,1,1,"Today is November 5, 2024. Racially, I am white. Ideologically, I am moderate. Politically, I am an independent who leans Democratic. I attend church. I am 47 years old. I am a man. I am very interested in politics.. Question: Do you think the federal government should be doing more about the opioid drug addiction issue, should be doing less, or is it currently doing the right amount?

Answer choices:
1. Should be doing more 2. Should be doing less 3. Is doing the right amount

When answering, respond ONLY with a single number that corresponds to the option you choose. Do not include any additional text, punctuation or explanation.

My answer is
",1
fake_32,1,3,7,1,74,1,3,"Today is November 5, 2024. Racially, I am white. Ideologically, I am slightly liberal. Politically, I am a strong Republican. I attend church. I am 74 years old. I am a man. I am not very interested in politics.. Question: Do you think the federal government should be doing more about the opioid drug addiction issue, should be doing less, or is it currently doing the right amount?

Answer choices:
1. Should be doing more 2. Should be doing less 3. Is doing the right amount

When answering, respond ONLY with a single number that corresponds to the option you choose. Do not include any additional text, punctuation or explanation.

My answer is
",1
fake_33,1,99,3,2,49,2,4,"Today is November 5, 2024. Racially, I am white. Politically, I am an independent who leans Democratic. I do not attend church. I am 49 years old. I am a woman. I am not at all interested in politics.. Question: Do you think the federal government should be doing more about the opioid drug addiction issue, should be doing less, or is it currently doing the right amount?

Answer choices:
1. Should be doing more 2. Should be doing less 3. Is doing the right amount

When answering, respond ONLY with a single number that corresponds to the option you choose. Do not include any additional text, punctuation or explanation.

My answer is
",1
fake_34,1,-9,6,1,-2,2,-6,"Today is November 5, 2024. Racially, I am white. Politically, I am a weak Republican. I attend church. I am a woman.. Question: Do you think the federal government should be doing more about the opioid drug addiction issue, should be doing less, or is it currently doing the right amount?

Answer choices:
1. Should be doing more 2. Should be doing less 3. Is doing the right amount

When answering, respond ONLY with a single number that corresponds to the option you choose. Do not include any additional text, punctuation or explanation.

My answer is
",1
fake_35,6,3,5,1,75,2,2,"Today is November 5, 2024. Ideologically, I am slightly liberal. Politically, I am an independent who leans Republican. I attend church. I am 75 years old. I am a woman. I am somewhat interested in politics.. Question: Do you think the federal government should be doing more about the opioid drug addiction issue, should be doing less, or is it currently doing the right amount?

Answer choices:
1. Should be doing more 2. Should be doing less 3. Is doing the right amount

When answering, respond ONLY with a single number that corresponds to the option you choose. Do not include any additional text, punctuation or explanation.

My answer is
",1
fake_36,1,99,1,1,76,1,1,"Today is November 5, 2024. Racially, I am white. Politically, I am a strong democrat. I attend church. I am 76 years old. I am a man. I am very interested in politics.. Question: Do you think the federal government should be doing more about the opioid drug addiction issue, should be doing less, or is it currently doing the right amount?

Answer choices:
1. Should be doing more 2. Should be doing less 3. Is doing the right amount

When answering, respond ONLY with a single number that corresponds to the option you choose. Do not include any additional text, punctuation or explanation.

My answer is
",1
fake_37,1,7,5,2,70,2,2,"Today is November 5, 2024. Racially, I am white. Ideologically, I am extremely conservative. Politically, I am an independent who leans Republican. I do not attend church. I am 70 years old. I am a woman. I am somewhat interested in politics.. Question: Do you think the federal government should be doing more about the opioid drug addiction issue, should be doing less, or is it currently doing the right amount?

Answer choices:
1. Should be doing more 2. Should be doing less 3. Is doing the right amount

When answering, respond ONLY with a single number that corresponds to the option you choose. Do not include any additional text, punctuation or explanation.

My answer is
",1
fake_38,1,6,1,2,77,1,3,"Today is November 5, 2024. Racially, I am white. Ideologically, I am conservative. Politically, I am a strong democrat. I do not attend church. I am 77 years old. I am a man. I am not very interested in politics.. Question: Do you think the federal government should be doing more about the opioid drug addiction issue, should be doing less, or is it currently doing the right amount?

Answer choices:
1. Should be doing more 2. Should be doing less 3. Is doing the right amount

When answering, respond ONLY with a single number that corresponds to the option you choose. Do not include any additional text, punctuation or explanation.

My answer is
",1
fake_39,2,4,7,2,18,1,1,"Today is November 5, 2024. Racially, I am black. Ideologically, I am moderate. Politically, I am a strong Republican. I do not attend church. I am 18 years old. I am a man. I am very interested in politics.. Question: Do you think the federal government should be doing more about the opioid drug addiction issue, should be doing less, or is it currently doing the right amount?

Answer choices:
1. Should be doing more 2. Should be doing less 3. Is doing the right amount

When answering, respond ONLY with a single number that corresponds to the option you choose. Do not include any additional text, punctuation or explanation.

My answer is
",1
fake_40,3,99,1,2,72,2,3,"Today is November 5, 2024. Racially, I am hispanic. Politically, I am a strong democrat. I do not attend church. I am 72 years old. I am a woman. I am not very interested in politics.. Question: Do you think the federal government should be doing more about the opioid drug addiction issue, should be doing less, or is it currently doing the right amount?

Answer choices:
1. Should be doing more 2. Should be doing less 3. Is doing the right amount

When answering, respond ONLY with a single number that corresponds to the option you choose. Do not include any additional text, punctuation or explanation.

My answer is
",1
fake_41,3,6,7,2,61,1,2,"Today is November 5, 2024. Racially, I am hispanic. Ideologically, I am conservative. Politically, I am a strong Republican. I do not attend church. I am 61 years old. I am a man. I am somewhat interested in politics.. Question: Do you think the federal government should be doing more about the opioid drug addiction issue, should be doing less, or is it currently doing the right amount?

Answer choices:
1. Should be doing more 2. Should be doing less 3. Is doing the right amount

When answering, respond ONLY with a single number that corresponds to the option you choose. Do not include any additional text, punctuation or explanation.

My answer is
",1
fake_42,3,5,7,2,27,1,1,"Today is November 5, 2024. Racially, I am hispanic. Ideologically, I am slightly conservative. Politically, I am a strong Republican. I do not attend church. I am 27 years old. I am a man. I am very interested in politics.. Question: Do you think the federal government should be doing more about the opioid drug addiction issue, should be doing less, or is it currently doing the right amount?

Answer choices:
1. Should be doing more 2. Should be doing less 3. Is doing the right amount

When answering, respond ONLY with a single number that corresponds to the option you choose. Do not include any additional text, punctuation or explanation.

My answer is
",2
fake_43,1,2,1,2,44,1,2,"Today is November 5, 2024. Racially, I am white. Ideologically, I am liberal. Politically, I am a strong democrat. I do not attend church. I am 44 years old. I am a man. I am somewhat interested in politics.. Question: Do you think the federal government should be doing more about the opioid drug addiction issue, should be doing less, or is it currently doing the right amount?

Answer choices:
1. Should be doing more 2. Should be doing less 3. Is doing the right amount

When answering, respond ONLY with a single number that corresponds to the option you choose. Do not include any additional text, punctuation or explanation.

My answer is
",1
fake_44,2,4,6,1,39,1,2,"Today is November 5, 2024. Racially, I am black. Ideologically, I am moderate. Politically, I am a weak Republican. I attend church. I am 39 years old. I am a man. I am somewhat interested in politics.. Question: Do you think the federal government should be doing more about the opioid drug addiction issue, should be doing less, or is it currently doing the right amount?

Answer choices:
1. Should be doing more 2. Should be doing less 3. Is doing the right amount

When answering, respond ONLY with a single number that corresponds to the option you choose. Do not include any additional text, punctuation or explanation.

My answer is
",1
fake_45,1,4,4,1,53,2,2,"Today is November 5, 2024. Racially, I am white. Ideologically, I am moderate. Politically, I am an independent. I attend church. I am 53 years old. I am a woman. I am somewhat interested in politics.. Question: Do you think the federal government should be doing more about the opioid drug addiction issue, should be doing less, or is it currently doing the right amount?

Answer choices:
1. Should be doing more 2. Should be doing less 3. Is doing the right amount

When answering, respond ONLY with a single number that corresponds to the option you choose. Do not include any additional text, punctuation or explanation.

My answer is
",1
fake_46,6,1,7,1,33,2,-6,"Today is November 5, 2024. Ideologically, I am extremely liberal. Politically, I am a strong Republican. I attend church. I am 33 years old. I am a woman.. Question: Do you think the federal government should be doing more about the opioid drug addiction issue, should be doing less, or is it currently doing the right amount?

Answer choices:
1. Should be doing more 2. Should be doing less 3. Is doing the right amount

When answering, respond ONLY with a single number that corresponds to the option you choose. Do not include any additional text, punctuation or explanation.

My answer is
",1
fake_47,1,1,3,2,50,2,1,"Today is November 5, 2024. Racially, I am white. Ideologically, I am extremely liberal. Politically, I am an independent who leans Democratic. I do not attend church. I am 50 years old. I am a woman. I am very interested in politics.. Question: Do you think the federal government should be doing more about the opioid drug addiction issue, should be doing less, or is it currently doing the right amount?

Answer choices:
1. Should be doing more 2. Should be doing less 3. Is doing the right amount

When answering, respond ONLY with a single number that corresponds to the option you choose. Do not include any additional text, punctuation or explanation.

My answer is
",1
fake_48,1,4,5,1,73,2,-6,"Today is November 5, 2024. Racially, I am white. Ideologically, I am moderate. Politically, I am an independent who leans Republican. I attend church. I am 73 years old. I am a woman.. Question: Do you think the federal government should be doing more about the opioid drug addiction issue, should be doing less, or is it currently doing the right amount?

Answer choices:
1. Should be doing more 2. Should be doing less 3. Is doing the right amount

When answering, respond ONLY with a single number that corresponds to the option you choose. Do not include any additional text, punctuation or explanation.

My answer is
",1
fake_49,1,3,2,1,54,2,1,"Today is November 5, 2024. Racially, I am white. Ideologically, I am slightly liberal. Politically, I am a weak Democrat. I attend church. I am 54 years old. I am a woman. I am very interested in politics.. Question: Do you think the federal government should be doing more about the opioid drug addiction issue, should be doing less, or is it currently doing the right amount?

Answer choices:
1. Should be doing more 2. Should be doing less 3. Is doing the right amount

When answering, respond ONLY with a single number that corresponds to the option you choose. Do not include any additional text, punctuation or explanation.

My answer is
",1
fake_50,1,4,6,1,60,1,3,"Today is November 5, 2024. Racially, I am white. Ideologically, I am moderate. Politically, I am a weak Republican. I attend church. I am 60 years old. I am a man. I am not very interested in politics.. Question: Do you think the federal government should be doing more about the opioid drug addiction issue, should be doing less, or is it currently doing the right amount?

Answer choices:
1. Should be doing more 2. Should be doing less 3. Is doing the right amount

When answering, respond ONLY with a single number that corresponds to the option you choose. Do not include any additional text, punctuation or explanation.

My answer is
",1
fake_51,1,7,6,1,76,2,2,"Today is November 5, 2024. Racially, I am white. Ideologically, I am extremely conservative. Politically, I am a weak Republican. I attend church. I am 76 years old. I am a woman. I am somewhat interested in politics.. Question: Do you think the federal government should be doing more about the opioid drug addiction issue, should be doing less, or is it currently doing the right amount?

Answer choices:
1. Should be doing more 2. Should be doing less 3. Is doing the right amount

When answering, respond ONLY with a single number that corresponds to the option you choose. Do not include any additional text, punctuation or explanation.

My answer is
",1
fake_52,3,1,5,2,77,2,2,"Today is November 5, 2024. Racially, I am hispanic. Ideologically, I am extremely liberal. Politically, I am an independent who leans Republican. I do not attend church. I am 77 years old. I am a woman. I am somewhat interested in politics.. Question: Do you think the federal government should be doing more about the opioid drug addiction issue, should be doing less, or is it currently doing the right amount?

Answer choices:
1. Should be doing more 2. Should be doing less 3. Is doing the right amount

When answering, respond ONLY with a single number that corresponds to the option you choose. Do not include any additional text, punctuation or explanation.

My answer is
",1
fake_53,5,6,4,2,77,2,2,"Today is November 5, 2024. Racially, I am native American. Ideologically, I am conservative. Politically, I am an independent. I do not attend church. I am 77 years old. I am a woman. I am somewhat interested in politics.. Question: Do you think the federal government should be doing more about the opioid drug addiction issue, should be doing less, or is it currently doing the right amount?

Answer choices:
1. Should be doing more 2. Should be doing less 3. Is doing the right amount

When answering, respond ONLY with a single number that corresponds to the option you choose. Do not include any additional text, punctuation or explanation.

My answer is
",1
fake_54,3,6,2,-1,29,2,1,"Today is November 5, 2024. Racially, I am hispanic. Ideologically, I am conservative. Politically, I am a weak Democrat. I am 29 years old. I am a woman. I am very interested in politics.. Question: Do you think the federal government should be doing more about the opioid drug addiction issue, should be doing less, or is it currently doing the right amount?

Answer choices:
1. Should be doing more 2. Should be doing less 3. Is doing the right amount

When answering, respond ONLY with a single number that corresponds to the option you choose. Do not include any additional text, punctuation or explanation.

My answer is
",1
fake_55,1,99,7,2,38,2,3,"Today is November 5, 2024. Racially, I am white. Politically, I am a strong Republican. I do not attend church. I am 38 years old. I am a woman. I am not very interested in politics.. Question: Do you think the federal government should be doing more about the opioid drug addiction issue, should be doing less, or is it currently doing the right amount?

Answer choices:
1. Should be doing more 2. Should be doing less 3. Is doing the right amount

When answering, respond ONLY with a single number that corresponds to the option you choose. Do not include any additional text, punctuation or explanation.

My answer is
",1
fake_56,1,6,2,1,49,1,2,"Today is November 5, 2024. Racially, I am white. Ideologically, I am conservative. Politically, I am a weak Democrat. I attend church. I am 49 years old. I am a man. I am somewhat interested in politics.. Question: Do you think the federal government should be doing more about the opioid drug addiction issue, should be doing less, or is it currently doing the right amount?

Answer choices:
1. Should be doing more 2. Should be doing less 3. Is doing the right amount

When answering, respond ONLY with a single number that corresponds to the option you choose. Do not include any additional text, punctuation or explanation.

My answer is
",1
fake_57,2,3,2,2,79,1,2,"Today is November 5, 2024. Racially, I am black. Ideologically, I am slightly liberal. Politically, I am a weak Democrat. I do not attend church. I am 79 years old. I am a man. I am somewhat interested in politics.. Question: Do you think the federal government should be doing more about the opioid drug addiction issue, should be doing less, or is it currently doing the right amount?

Answer choices:
1. Should be doing more 2. Should be doing less 3. Is doing the right amount

When answering, respond ONLY with a single number that corresponds to the option you choose. Do not include any additional text, punctuation or explanation.

My answer is
",1
fake_58,2,3,3,2,71,1,2,"Today is November 5, 2024. Racially, I am black. Ideologically, I am slightly liberal. Politically, I am an independent who leans Democratic. I do not attend church. I am 71 years old. I am a man. I am somewhat interested in politics.. Question: Do you think the federal government should be doing more about the opioid drug addiction issue, should be doing less, or is it currently doing the right amount?

Answer choices:
1. Should be doing more 2. Should be doing less 3. Is doing the right amount

When answering, respond ONLY with a single number that corresponds to the option you choose. Do not include any additional text, punctuation or explanation.

My answer is
",1
fake_59,4,3,1,1,53,2,4,"Today is November 5, 2024. Racially, I am asian. Ideologically, I am slightly liberal. Politically, I am a strong democrat. I attend church. I am 53 years old. I am a woman. I am not at all interested in politics.. Question: Do you think the federal government should be doing more about the opioid drug addiction issue, should be doing less, or is it currently doing the right amount?

Answer choices:
1. Should be doing more 2. Should be doing less 3. Is doing the right amount

When answering, respond ONLY with a single number that corresponds to the option you choose. Do not include any additional text, punctuation or explanation.

My answer is
",1
fake_60,1,1,7,2,45,1,1,"Today is November 5, 2024. Racially, I am white. Ideologically, I am extremely liberal. Politically, I am a strong Republican. I do not attend church. I am 45 years old. I am a man. I am very interested in politics.. Question: Do you think the federal government should be doing more about the opioid drug addiction issue, should be doing less, or is it currently doing the right amount?

Answer choices:
1. Should be doing more 2. Should be doing less 3. Is doing the right amount

When answering, respond ONLY with a single number that corresponds to the option you choose. Do not include any additional text, punctuation or explanation.

My answer is
",1
fake_61,1,99,7,2,56,1,2,"Today is November 5, 2024. Racially, I am white. Politically, I am a strong Republican. I do not attend church. I am 56 years old. I am a man. I am somewhat interested in politics.. Question: Do you think the federal government should be doing more about the opioid drug addiction issue, should be doing less, or is it currently doing the right amount?

Answer choices:
1. Should be doing more 2. Should be doing less 3. Is doing the right amount

When answering, respond ONLY with a single number that corresponds to the option you choose. Do not include any additional text, punctuation or explanation.

My answer is
",2
fake_62,1,4,3,1,79,2,2,"Today is November 5, 2024. Racially, I am white. Ideologically, I am moderate. Politically, I am an independent who leans Democratic. I attend church. I am 79 years old. I am a woman. I am somewhat interested in politics.. Question: Do you think the federal government should be doing more about the opioid drug addiction issue, should be doing less, or is it currently doing the right amount?

Answer choices:
1. Should be doing more 2. Should be doing less 3. Is doing the right amount

When answering, respond ONLY with a single number that corresponds to the option you choose. Do not include any additional text, punctuation or explanation.

My answer is
",1
fake_63,1,4,1,2,43,2,1,"Today is November 5, 2024. Racially, I am white. Ideologically, I am moderate. Politically, I am a strong democrat. I do not attend church. I am 43 years old. I am a woman. I am very interested in politics.. Question: Do you think the federal government should be doing more about the opioid drug addiction issue, should be doing less, or is it currently doing the right amount?

Answer choices:
1. Should be doing more 2. Should be doing less 3. Is doing the right amount

When answering, respond ONLY with a single number that corresponds to the option you choose. Do not include any additional text, punctuation or explanation.

My answer is
",1
fake_64,1,4,2,1,80,2,2,"Today is November 5, 2024. Racially, I am white. Ideologically, I am moderate. Politically, I am a weak Democrat. I attend church. I am 80 years old. I am a woman. I am somewhat interested in politics.. Question: Do you think the federal government should be doing more about the opioid drug addiction issue, should be doing less, or is it currently doing the right amount?

Answer choices:
1. Should be doing more 2. Should be doing less 3. Is doing the right amount

When answering, respond ONLY with a single number that corresponds to the option you choose. Do not include any additional text, punctuation or explanation.

My answer is
",1
fake_65,1,6,2,1,80,2,2,"Today is November 5, 2024. Racially, I am white. Ideologically, I am conservative. Politically, I am a weak Democrat. I attend church. I am 80 years old. I am a woman. I am somewhat interested in politics.. Question: Do you think the federal government should be doing more about the opioid drug addiction issue, should be doing less, or is it currently doing the right amount?

Answer choices:
1. Should be doing more 2. Should be doing less 3. Is doing the right amount

When answering, respond ONLY with a single number that corresponds to the option you choose. Do not include any additional text, punctuation or explanation.

My answer is
",1
fake_66,1,6,7,1,34,2,-6,"Today is November 5, 2024. Racially, I am white. Ideologically, I am conservative. Politically, I am a strong Republican. I attend church. I am 34 years old. I am a woman.. Question: Do you think the federal government should be doing more about the opioid drug addiction issue, should be doing less, or is it currently doing the right amount?

Answer choices:
1. Should be doing more 2. Should be doing less 3. Is doing the right amount

When answering, respond ONLY with a single number that corresponds to the option you choose. Do not include any additional text, punctuation or explanation.

My answer is
",1
fake_67,2,4,5,1,-2,2,4,"Today is November 5, 2024. Racially, I am black. Ideologically, I am moderate. Politically, I am an independent who leans Republican. I attend church. I am a woman. I am not at all interested in politics.. Question: Do you think the federal government should be doing more about the opioid drug addiction issue, should be doing less, or is it currently doing the right amount?

Answer choices:
1. Should be doing more 2. Should be doing less 3. Is doing the right amount

When answering, respond ONLY with a single number that corresponds to the option you choose. Do not include any additional text, punctuation or explanation.

My answer is
",1
fake_68,1,5,1,2,60,1,3,"Today is November 5, 2024. Racially, I am white. Ideologically, I am slightly conservative. Politically, I am a strong democrat. I do not attend church. I am 60 years old. I am a man. I am not very interested in politics.. Question: Do you think the federal government should be doing more about the opioid drug addiction issue, should be doing less, or is it currently doing the right amount?

Answer choices:
1. Should be doing more 2. Should be doing less 3. Is doing the right amount

When answering, respond ONLY with a single number that corresponds to the option you choose. Do not include any additional text, punctuation or explanation.

My answer is
",1
fake_69,1,99,5,1,74,2,2,"Today is November 5, 2024. Racially, I am white. Politically, I am an independent who leans Republican. I attend church. I am 74 years old. I am a woman. I am somewhat interested in politics.. Question: Do you think the federal government should be doing more about the opioid drug addiction issue, should be doing less, or is it currently doing the right amount?

Answer choices:
1. Should be doing more 2. Should be doing less 3. Is doing the right amount

When answering, respond ONLY with a single number that corresponds to the option you choose. Do not include any additional text, punctuation or explanation.

My answer is
",1
fake_70,1,4,1,2,65,1,2,"Today is November 5, 2024. Racially, I am white. Ideologically, I am moderate. Politically, I am a strong democrat. I do not attend church. I am 65 years old. I am a man. I am somewhat interested in politics.. Question: Do you think the federal government should be doing more about the opioid drug addiction issue, should be doing less, or is it currently doing the right amount?

Answer choices:
1. Should be doing more 2. Should be doing less 3. Is doing the right amount

When answering, respond ONLY with a single number that corresponds to the option you choose. Do not include any additional text, punctuation or explanation.

My answer is
",1
fake_71,1,4,2,1,41,1,1,"Today is November 5, 2024. Racially, I am white. Ideologically, I am moderate. Politically, I am a weak Democrat. I attend church. I am 41 years old. I am a man. I am very interested in politics.. Question: Do you think the federal government should be doing more about the opioid drug addiction issue, should be doing less, or is it currently doing the right amount?

Answer choices:
1. Should be doing more 2. Should be doing less 3. Is doing the right amount

When answering, respond ONLY with a single number that corresponds to the option you choose. Do not include any additional text, punctuation or explanation.

My answer is
",1
fake_72,1,5,5,1,44,1,4,"Today is November 5, 2024. Racially, I am white. Ideologically, I am slightly conservative. Politically, I am an independent who leans Republican. I attend church. I am 44 years old. I am a man. I am not at all interested in politics.. Question: Do you think the federal government should be doing more about the opioid drug addiction issue, should be doing less, or is it currently doing the right amount?

Answer choices:
1. Should be doing more 2. Should be doing less 3. Is doing the right amount

When answering, respond ONLY with a single number that corresponds to the option you choose. Do not include any additional text, punctuation or explanation.

My answer is
",1
fake_73,4,-9,7,1,31,2,2,"Today is November 5, 2024. Racially, I am asian. Politically, I am a strong Republican. I attend church. I am 31 years old. I am a woman. I am somewhat interested in politics.. Question: Do you think the federal government should be doing more about the opioid drug addiction issue, should be doing less, or is it currently doing the right amount?

Answer choices:
1. Should be doing more 2. Should be doing less 3. Is doing the right amount

When answering, respond ONLY with a single number that corresponds to the option you choose. Do not include any additional text, punctuation or explanation.

My answer is
",1
fake_74,1,5,1,1,-2,2,1,"Today is November 5, 2024. Racially, I am white. Ideologically, I am slightly conservative. Politically, I am a strong democrat. I attend church. I am a woman. I am very interested in politics.. Question: Do you think the federal government should be doing more about the opioid drug addiction issue, should be doing less, or is it currently doing the right amount?

Answer choices:
1. Should be doing more 2. Should be doing less 3. Is doing the right amount

When answering, respond ONLY with a single number that corresponds to the option you choose. Do not include any additional text, punctuation or explanation.

My answer is
",1
fake_75,1,7,6,1,56,1,2,"Today is November 5, 2024. Racially, I am white. Ideologically, I am extremely conservative. Politically, I am a weak Republican. I attend church. I am 56 years old. I am a man. I am somewhat interested in politics.. Question: Do you think the federal government should be doing more about the opioid drug addiction issue, should be doing less, or is it currently doing the right amount?

Answer choices:
1. Should be doing more 2. Should be doing less 3. Is doing the right amount

When answering, respond ONLY with a single number that corresponds to the option you choose. Do not include any additional text, punctuation or explanation.

My answer is
",1
fake_76,5,99,3,1,61,1,2,"Today is November 5, 2024. Racially, I am native American. Politically, I am an independent who leans Democratic. I attend church. I am 61 years old. I am a man. I am somewhat interested in politics.. Question: Do you think the federal government should be doing more about the opioid drug addiction issue, should be doing less, or is it currently doing the right amount?

Answer choices:
1. Should be doing more 2. Should be doing less 3. Is doing the right amount

When answering, respond ONLY with a single number that corresponds to the option you choose. Do not include any additional text, punctuation or explanation.

My answer is
",1
fake_77,1,99,7,1,58,1,2,"Today is November 5, 2024. Racially, I am white. Politically, I am a strong Republican. I attend church. I am 58 years old. I am a man. I am somewhat interested in politics.. Question: Do you think the federal government should be doing more about the opioid drug addiction issue, should be doing less, or is it currently doing the right amount?

Answer choices:
1. Should be doing more 2. Should be doing less 3. Is doing the right amount

When answering, respond ONLY with a single number that corresponds to the option you choose. Do not include any additional text, punctuation or explanation.

My answer is
",1
fake_78,1,3,3,1,43,2,2,"Today is November 5, 2024. Racially, I am white. Ideologically, I am slightly liberal. Politically, I am an independent who leans Democratic. I attend church. I am 43 years old. I am a woman. I am somewhat interested in politics.. Question: Do you think the federal government should be doing more about the opioid drug addiction issue, should be doing less, or is it currently doing the right amount?

Answer choices:
1. Should be doing more 2. Should be doing less 3. Is doing the right amount

When answering, respond ONLY with a single number that corresponds to the option you choose. Do not include any additional text, punctuation or explanation.

My answer is
",1
fake_79,-9,99,6,2,34,2,3,"Today is November 5, 2024. Politically, I am a weak Republican. I do not attend church. I am 34 years old. I am a woman. I am not very interested in politics.. Question: Do you think the federal government should be doing more about the opioid drug addiction issue, should be doing less, or is it currently doing the right amount?

Answer choices:
1. Should be doing more 2. Should be doing less 3. Is doing the right amount

When answering, respond ONLY with a single number that corresponds to the option you choose. Do not include any additional text, punctuation or explanation.

My answer is
",1
fake_80,1,4,6,2,66,2,2,"Today is November 5, 2024. Racially, I am white. Ideologically, I am moderate. Politically, I am a weak Republican. I do not attend church. I am 66 years old. I am a woman. I am somewhat interested in politics.. Question: Do you think the federal government should be doing more about the opioid drug addiction issue, should be doing less, or is it currently doing the right amount?

Answer choices:
1. Should be doing more 2. Should be doing less 3. Is doing the right amount

When answering, respond ONLY with a single number that corresponds to the option you choose. Do not include any additional text, punctuation or explanation.

My answer is
",1
fake_81,1,2,1,2,44,1,3,"Today is November 5, 2024. Racially, I am white. Ideologically, I am liberal. Politically, I am a strong democrat. I do not attend church. I am 44 years old. I am a man. I am not very interested in politics.. Question: Do you think the federal government should be doing more about the opioid drug addiction issue, should be doing less, or is it currently doing the right amount?

Answer choices:
1. Should be doing more 2. Should be doing less 3. Is doing the right amount

When answering, respond ONLY with a single number that corresponds to the option you choose. Do not include any additional text, punctuation or explanation.

My answer is
",1
fake_82,1,7,4,2,76,1,1,"Today is November 5, 2024. Racially, I am white. Ideologically, I am extremely conservative. Politically, I am an independent. I do not attend church. I am 76 years old. I am a man. I am very interested in politics.. Question: Do you think the federal government should be doing more about the opioid drug addiction issue, should be doing less, or is it currently doing the right amount?

Answer choices:
1. Should be doing more 2. Should be doing less 3. Is doing the right amount

When answering, respond ONLY with a single number that corresponds to the option you choose. Do not include any additional text, punctuation or explanation.

My answer is
",1
fake_83,1,2,2,1,80,1,3,"Today is November 5, 2024. Racially, I am white. Ideologically, I am liberal. Politically, I am a weak Democrat. I attend church. I am 80 years old. I am a man. I am not very interested in politics.. Question: Do you think the federal government should be doing more about the opioid drug addiction issue, should be doing less, or is it currently doing the right amount?

Answer choices:
1. Should be doing more 2. Should be doing less 3. Is doing the right amount

When answering, respond ONLY with a single number that corresponds to the option you choose. Do not include any additional text, punctuation or explanation.

My answer is
",1
fake_84,1,99,1,2,50,2,2,"Today is November 5, 2024. Racially, I am white. Politically, I am a strong democrat. I do not attend church. I am 50 years old. I am a woman. I am somewhat interested in politics.. Question: Do you think the federal government should be doing more about the opioid drug addiction issue, should be doing less, or is it currently doing the right amount?

Answer choices:
1. Should be doing more 2. Should be doing less 3. Is doing the right amount

When answering, respond ONLY with a single number that corresponds to the option you choose. Do not include any additional text, punctuation or explanation.

My answer is
",1
fake_85,2,99,7,1,47,2,2,"Today is November 5, 2024. Racially, I am black. Politically, I am a strong Republican. I attend church. I am 47 years old. I am a woman. I am somewhat interested in politics.. Question: Do you think the federal government should be doing more about the opioid drug addiction issue, should be doing less, or is it currently doing the right amount?

Answer choices:
1. Should be doing more 2. Should be doing less 3. Is doing the right amount

When answering, respond ONLY with a single number that corresponds to the option you choose. Do not include any additional text, punctuation or explanation.

My answer is
",1
fake_86,1,2,7,2,54,2,2,"Today is November 5, 2024. Racially, I am white. Ideologically, I am liberal. Politically, I am a strong Republican. I do not attend church. I am 54 years old. I am a woman. I am somewhat interested in politics.. Question: Do you think the federal government should be doing more about the opioid drug addiction issue, should be doing less, or is it currently doing the right amount?

Answer choices:
1. Should be doing more 2. Should be doing less 3. Is doing the right amount

When answering, respond ONLY with a single number that corresponds to the option you choose. Do not include any additional text, punctuation or explanation.

My answer is
",1
fake_87,1,4,7,1,53,1,2,"Today is November 5, 2024. Racially, I am white. Ideologically, I am moderate. Politically, I am a strong Republican. I attend church. I am 53 years old. I am a man. I am somewhat interested in politics.. Question: Do you think the federal government should be doing more about the opioid drug addiction issue, should be doing less, or is it currently doing the right amount?

Answer choices:
1. Should be doing more 2. Should be doing less 3. Is doing the right amount

When answering, respond ONLY with a single number that corresponds to the option you choose. Do not include any additional text, punctuation or explanation.

My answer is
",1
fake_88,1,7,1,1,53,1,2,"Today is November 5, 2024. Racially, I am white. Ideologically, I am extremely conservative. Politically, I am a strong democrat. I attend church. I am 53 years old. I am a man. I am somewhat interested in politics.. Question: Do you think the federal government should be doing more about the opioid drug addiction issue, should be doing less, or is it currently doing the right amount?

Answer choices:
1. Should be doing more 2. Should be doing less 3. Is doing the right amount

When answering, respond ONLY with a single number that corresponds to the option you choose. Do not include any additional text, punctuation or explanation.

My answer is
",1
fake_89,1,4,4,1,77,2,1,"Today is November 5, 2024. Racially, I am white. Ideologically, I am moderate. Politically, I am an independent. I attend church. I am 77 years old. I am a woman. I am very interested in politics.. Question: Do you think the federal government should be doing more about the opioid drug addiction issue, should be doing less, or is it currently doing the right amount?

Answer choices:
1. Should be doing more 2. Should be doing less 3. Is doing the right amount

When answering, respond ONLY with a single number that corresponds to the option you choose. Do not include any additional text, punctuation or explanation.

My answer is
",1
fake_90,1,4,7,1,33,1,2,"Today is November 5, 2024. Racially, I am white. Ideologically, I am moderate. Politically, I am a strong Republican. I attend church. I am 33 years old. I am a man. I am somewhat interested in politics.. Question: Do you think the federal government should be doing more about the opioid drug addiction issue, should be doing less, or is it currently doing the right amount?

Answer choices:
1. Should be doing more 2. Should be doing less 3. Is doing the right amount

When answering, respond ONLY with a single number that corresponds to the option you choose. Do not include any additional text, punctuation or explanation.

My answer is
",1
fake_91,1,99,2,1,55,2,2,"Today is November 5, 2024. Racially, I am white. Politically, I am a weak Democrat. I attend church. I am 55 years old. I am a woman. I am somewhat interested in politics.. Question: Do you think the federal government should be doing more about the opioid drug addiction issue, should be doing less, or is it currently doing the right amount?

Answer choices:
1. Should be doing more 2. Should be doing less 3. Is doing the right amount

When answering, respond ONLY with a single number that corresponds to the option you choose. Do not include any additional text, punctuation or explanation.

My answer is
",1
fake_92,1,5,1,2,42,1,2,"Today is November 5, 2024. Racially, I am white. Ideologically, I am slightly conservative. Politically, I am a strong democrat. I do not attend church. I am 42 years old. I am a man. I am somewhat interested in politics.. Question: Do you think the federal government should be doing more about the opioid drug addiction issue, should be doing less, or is it currently doing the right amount?

Answer choices:
1. Should be doing more 2. Should be doing less 3. Is doing the right amount

When answering, respond ONLY with a single number that corresponds to the option you choose. Do not include any additional text, punctuation or explanation.

My answer is
",1
fake_93,1,5,6,2,59,1,2,"Today is November 5, 2024. Racially, I am white. Ideologically, I am slightly conservative. Politically, I am a weak Republican. I do not attend church. I am 59 years old. I am a man. I am somewhat interested in politics.. Question: Do you think the federal government should be doing more about the opioid drug addiction issue, should be doing less, or is it currently doing the right amount?

Answer choices:
1. Should be doing more 2. Should be doing less 3. Is doing the right amount

When answering, respond ONLY with a single number that corresponds to the option you choose. Do not include any additional text, punctuation or explanation.

My answer is
",1
fake_94,4,6,4,1,40,-9,2,"Today is November 5, 2024. Racially, I am asian. Ideologically, I am conservative. Politically, I am an independent. I attend church. I am 40 years old. I am somewhat interested in politics.. Question: Do you think the federal government should be doing more about the opioid drug addiction issue, should be doing less, or is it currently doing the right amount?

Answer choices:
1. Should be doing more 2. Should be doing less 3. Is doing the right amount

When answering, respond ONLY with a single number that corresponds to the option you choose. Do not include any additional text, punctuation or explanation.

My answer is
",1
fake_95,1,3,1,2,33,1,2,"Today is November 5, 2024. Racially, I am white. Ideologically, I am slightly liberal. Politically, I am a strong democrat. I do not attend church. I am 33 years old. I am a man. I am somewhat interested in politics.. Question: Do you think the federal government should be doing more about the opioid drug addiction issue, should be doing less, or is it currently doing the right amount?

Answer choices:
1. Should be doing more 2. Should be doing less 3. Is doing the right amount

When answering, respond ONLY with a single number that corresponds to the option you choose. Do not include any additional text, punctuation or explanation.

My answer is
",1
fake_96,1,4,3,1,70,2,-6,"Today is November 5, 2024. Racially, I am white. Ideologically, I am moderate. Politically, I am an independent who leans Democratic. I attend church. I am 70 years old. I am a woman.. Question: Do you think the federal government should be doing more about the opioid drug addiction issue, should be doing less, or is it currently doing the right amount?

Answer choices:
1. Should be doing more 2. Should be doing less 3. Is doing the right amount

When answering, respond ONLY with a single number that corresponds to the option you choose. Do not include any additional text, punctuation or explanation.

My answer is
",1
fake_97,3,5,1,1,29,1,2,"Today is November 5, 2024. Racially, I am hispanic. Ideologically, I am slightly conservative. Politically, I am a strong democrat. I attend church. I am 29 years old. I am a man. I am somewhat interested in politics.. Question: Do you think the federal government should be doing more about the opioid drug addiction issue, should be doing less, or is it currently doing the right amount?

Answer choices:
1. Should be doing more 2. Should be doing less 3. Is doing the right amount

When answering, respond ONLY with a single number that corresponds to the option you choose. Do not include any additional text, punctuation or explanation.

My answer is
",1
fake_98,1,2,2,1,42,2,1,"Today is November 5, 2024. Racially, I am white. Ideologically, I am liberal. Politically, I am a weak Democrat. I attend church. I am 42 years old. I am a woman. I am very interested in politics.. Question: Do you think the federal government should be doing more about the opioid drug addiction issue, should be doing less, or is it currently doing the right amount?

Answer choices:
1. Should be doing more 2. Should be doing less 3. Is doing the right amount

When answering, respond ONLY with a single number that corresponds to the option you choose. Do not include any additional text, punctuation or explanation.

My answer is
",1
fake_99,1,2,1,2,39,1,3,"Today is November 5, 2024. Racially, I am white. Ideologically, I am liberal. Politically, I am a strong democrat. I do not attend church. I am 39 years old. I am a man. I am not very interested in politics.. Question: Do you think the federal government should be doing more about the opioid drug addiction issue, should be doing less, or is it currently doing the right amount?

Answer choices:
1. Should be doing more 2. Should be doing less 3. Is doing the right amount

When answering, respond ONLY with a single number that corresponds to the option you choose. Do not include any additional text, punctuation or explanation.

My answer is
",1
fake_100,2,3,5,1,52,2,-6,"Today is November 5, 2024. Racially, I am black. Ideologically, I am slightly liberal. Politically, I am an independent who leans Republican. I attend church. I am 52 years old. I am a woman.. Question: Do you think the federal government should be doing more about the opioid drug addiction issue, should be doing less, or is it currently doing the right amount?

Answer choices:
1. Should be doing more 2. Should be doing less 3. Is doing the right amount

When answering, respond ONLY with a single number that corresponds to the option you choose. Do not include any additional text, punctuation or explanation.

My answer is
",1
fake_101,6,2,2,1,51,2,-6,"Today is November 5, 2024. Ideologically, I am liberal. Politically, I am a weak Democrat. I attend church. I am 51 years old. I am a woman.. Question: Do you think the federal government should be doing more about the opioid drug addiction issue, should be doing less, or is it currently doing the right amount?

Answer choices:
1. Should be doing more 2. Should be doing less 3. Is doing the right amount

When answering, respond ONLY with a single number that corresponds to the option you choose. Do not include any additional text, punctuation or explanation.

My answer is
",1
fake_102,1,4,1,2,38,1,2,"Today is November 5, 2024. Racially, I am white. Ideologically, I am moderate. Politically, I am a strong democrat. I do not attend church. I am 38 years old. I am a man. I am somewhat interested in politics.. Question: Do you think the federal government should be doing more about the opioid drug addiction issue, should be doing less, or is it currently doing the right amount?

Answer choices:
1. Should be doing more 2. Should be doing less 3. Is doing the right amount

When answering, respond ONLY with a single number that corresponds to the option you choose. Do not include any additional text, punctuation or explanation.

My answer is
",1
fake_103,1,4,6,1,40,2,2,"Today is November 5, 2024. Racially, I am white. Ideologically, I am moderate. Politically, I am a weak Republican. I attend church. I am 40 years old. I am a woman. I am somewhat interested in politics.. Question: Do you think the federal government should be doing more about the opioid drug addiction issue, should be doing less, or is it currently doing the right amount?

Answer choices:
1. Should be doing more 2. Should be doing less 3. Is doing the right amount

When answering, respond ONLY with a single number that corresponds to the option you choose. Do not include any additional text, punctuation or explanation.

My answer is
",1
fake_104,1,3,4,2,47,1,3,"Today is November 5, 2024. Racially, I am white. Ideologically, I am slightly liberal. Politically, I am an independent. I do not attend church. I am 47 years old. I am a man. I am not very interested in politics.. Question: Do you think the federal government should be doing more about the opioid drug addiction issue, should be doing less, or is it currently doing the right amount?

Answer choices:
1. Should be doing more 2. Should be doing less 3. Is doing the right amount

When answering, respond ONLY with a single number that corresponds to the option you choose. Do not include any additional text, punctuation or explanation.

My answer is
",1
fake_105,1,6,1,1,52,2,2,"Today is November 5, 2024. Racially, I am white. Ideologically, I am conservative. Politically, I am a strong democrat. I attend church. I am 52 years old. I am a woman. I am somewhat interested in politics.. Question: Do you think the federal government should be doing more about the opioid drug addiction issue, should be doing less, or is it currently doing the right amount?

Answer choices:
1. Should be doing more 2. Should be doing less 3. Is doing the right amount

When answering, respond ONLY with a single number that corresponds to the option you choose. Do not include any additional text, punctuation or explanation.

My answer is
",1
fake_106,2,5,6,2,30,2,2,"Today is November 5, 2024. Racially, I am black. Ideologically, I am slightly conservative. Politically, I am a weak Republican. I do not attend church. I am 30 years old. I am a woman. I am somewhat interested in politics.. Question: Do you think the federal government should be doing more about the opioid drug addiction issue, should be doing less, or is it currently doing the right amount?

Answer choices:
1. Should be doing more 2. Should be doing less 3. Is doing the right amount

When answering, respond ONLY with a single number that corresponds to the option you choose. Do not include any additional text, punctuation or explanation.

My answer is
",1
fake_107,1,4,6,1,80,2,1,"Today is November 5, 2024. Racially, I am white. Ideologically, I am moderate. Politically, I am a weak Republican. I attend church. I am 80 years old. I am a woman. I am very interested in politics.. Question: Do you think the federal government should be doing more about the opioid drug addiction issue, should be doing less, or is it currently doing the right amount?

Answer choices:
1. Should be doing more 2. Should be doing less 3. Is doing the right amount

When answering, respond ONLY with a single number that corresponds to the option you choose. Do not include any additional text, punctuation or explanation.

My answer is
",1
fake_108,2,6,7,2,68,1,1,"Today is November 5, 2024. Racially, I am black. Ideologically, I am conservative. Politically, I am a strong Republican. I do not attend church. I am 68 years old. I am a man. I am very interested in politics.. Question: Do you think the federal government should be doing more about the opioid drug addiction issue, should be doing less, or is it currently doing the right amount?

Answer choices:
1. Should be doing more 2. Should be doing less 3. Is doing the right amount

When answering, respond ONLY with a single number that corresponds to the option you choose. Do not include any additional text, punctuation or explanation.

My answer is
",1
fake_109,1,6,1,1,51,2,3,"Today is November 5, 2024. Racially, I am white. Ideologically, I am conservative. Politically, I am a strong democrat. I attend church. I am 51 years old. I am a woman. I am not very interested in politics.. Question: Do you think the federal government should be doing more about the opioid drug addiction issue, should be doing less, or is it currently doing the right amount?

Answer choices:
1. Should be doing more 2. Should be doing less 3. Is doing the right amount

When answering, respond ONLY with a single number that corresponds to the option you choose. Do not include any additional text, punctuation or explanation.

My answer is
",1
fake_110,1,3,1,2,54,2,2,"Today is November 5, 2024. Racially, I am white. Ideologically, I am slightly liberal. Politically, I am a strong democrat. I do not attend church. I am 54 years old. I am a woman. I am somewhat interested in politics.. Question: Do you think the federal government should be doing more about the opioid drug addiction issue, should be doing less, or is it currently doing the right amount?

Answer choices:
1. Should be doing more 2. Should be doing less 3. Is doing the right amount

When answering, respond ONLY with a single number that corresponds to the option you choose. Do not include any additional text, punctuation or explanation.

My answer is
",1
fake_111,1,2,7,2,66,1,-6,"Today is November 5, 2024. Racially, I am white. Ideologically, I am liberal. Politically, I am a strong Republican. I do not attend church. I am 66 years old. I am a man.. Question: Do you think the federal government should be doing more about the opioid drug addiction issue, should be doing less, or is it currently doing the right amount?

Answer choices:
1. Should be doing more 2. Should be doing less 3. Is doing the right amount

When answering, respond ONLY with a single number that corresponds to the option you choose. Do not include any additional text, punctuation or explanation.

My answer is
",1
fake_112,1,3,2,2,33,1,1,"Today is November 5, 2024. Racially, I am white. Ideologically, I am slightly liberal. Politically, I am a weak Democrat. I do not attend church. I am 33 years old. I am a man. I am very interested in politics.. Question: Do you think the federal government should be doing more about the opioid drug addiction issue, should be doing less, or is it currently doing the right amount?

Answer choices:
1. Should be doing more 2. Should be doing less 3. Is doing the right amount

When answering, respond ONLY with a single number that corresponds to the option you choose. Do not include any additional text, punctuation or explanation.

My answer is
",1
fake_113,1,6,7,2,38,2,-6,"Today is November 5, 2024. Racially, I am white. Ideologically, I am conservative. Politically, I am a strong Republican. I do not attend church. I am 38 years old. I am a woman.. Question: Do you think the federal government should be doing more about the opioid drug addiction issue, should be doing less, or is it currently doing the right amount?

Answer choices:
1. Should be doing more 2. Should be doing less 3. Is doing the right amount

When answering, respond ONLY with a single number that corresponds to the option you choose. Do not include any additional text, punctuation or explanation.

My answer is
",2
fake_114,1,3,1,2,60,2,-6,"Today is November 5, 2024. Racially, I am white. Ideologically, I am slightly liberal. Politically, I am a strong democrat. I do not attend church. I am 60 years old. I am a woman.. Question: Do you think the federal government should be doing more about the opioid drug addiction issue, should be doing less, or is it currently doing the right amount?

Answer choices:
1. Should be doing more 2. Should be doing less 3. Is doing the right amount

When answering, respond ONLY with a single number that corresponds to the option you choose. Do not include any additional text, punctuation or explanation.

My answer is
",1
fake_115,3,4,4,2,65,2,2,"Today is November 5, 2024. Racially, I am hispanic. Ideologically, I am moderate. Politically, I am an independent. I do not attend church. I am 65 years old. I am a woman. I am somewhat interested in politics.. Question: Do you think the federal government should be doing more about the opioid drug addiction issue, should be doing less, or is it currently doing the right amount?

Answer choices:
1. Should be doing more 2. Should be doing less 3. Is doing the right amount

When answering, respond ONLY with a single number that corresponds to the option you choose. Do not include any additional text, punctuation or explanation.

My answer is
",1
fake_116,6,7,1,1,39,2,3,"Today is November 5, 2024. Ideologically, I am extremely conservative. Politically, I am a strong democrat. I attend church. I am 39 years old. I am a woman. I am not very interested in politics.. Question: Do you think the federal government should be doing more about the opioid drug addiction issue, should be doing less, or is it currently doing the right amount?

Answer choices:
1. Should be doing more 2. Should be doing less 3. Is doing the right amount

When answering, respond ONLY with a single number that corresponds to the option you choose. Do not include any additional text, punctuation or explanation.

My answer is
",1
fake_117,1,6,4,1,-2,1,3,"Today is November 5, 2024. Racially, I am white. Ideologically, I am conservative. Politically, I am an independent. I attend church. I am a man. I am not very interested in politics.. Question: Do you think the federal government should be doing more about the opioid drug addiction issue, should be doing less, or is it currently doing the right amount?

Answer choices:
1. Should be doing more 2. Should be doing less 3. Is doing the right amount

When answering, respond ONLY with a single number that corresponds to the option you choose. Do not include any additional text, punctuation or explanation.

My answer is
",1
fake_118,1,5,3,1,39,2,1,"Today is November 5, 2024. Racially, I am white. Ideologically, I am slightly conservative. Politically, I am an independent who leans Democratic. I attend church. I am 39 years old. I am a woman. I am very interested in politics.. Question: Do you think the federal government should be doing more about the opioid drug addiction issue, should be doing less, or is it currently doing the right amount?

Answer choices:
1. Should be doing more 2. Should be doing less 3. Is doing the right amount

When answering, respond ONLY with a single number that corresponds to the option you choose. Do not include any additional text, punctuation or explanation.

My answer is
",1
fake_119,1,6,7,2,55,1,2,"Today is November 5, 2024. Racially, I am white. Ideologically, I am conservative. Politically, I am a strong Republican. I do not attend church. I am 55 years old. I am a man. I am somewhat interested in politics.. Question: Do you think the federal government should be doing more about the opioid drug addiction issue, should be doing less, or is it currently doing the right amount?

Answer choices:
1. Should be doing more 2. Should be doing less 3. Is doing the right amount

When answering, respond ONLY with a single number that corresponds to the option you choose. Do not include any additional text, punctuation or explanation.

My answer is
",2
fake_120,1,5,1,1,-2,2,3,"Today is November 5, 2024. Racially, I am white. Ideologically, I am slightly conservative. Politically, I am a strong democrat. I attend church. I am a woman. I am not very interested in politics.. Question: Do you think the federal government should be doing more about the opioid drug addiction issue, should be doing less, or is it currently doing the right amount?

Answer choices:
1. Should be doing more 2. Should be doing less 3. Is doing the right amount

When answering, respond ONLY with a single number that corresponds to the option you choose. Do not include any additional text, punctuation or explanation.

My answer is
",1
fake_121,3,6,4,1,40,2,1,"Today is November 5, 2024. Racially, I am hispanic. Ideologically, I am conservative. Politically, I am an independent. I attend church. I am 40 years old. I am a woman. I am very interested in politics.. Question: Do you think the federal government should be doing more about the opioid drug addiction issue, should be doing less, or is it currently doing the right amount?

Answer choices:
1. Should be doing more 2. Should be doing less 3. Is doing the right amount

When answering, respond ONLY with a single number that corresponds to the option you choose. Do not include any additional text, punctuation or explanation.

My answer is
",1
fake_122,6,6,4,1,78,2,3,"Today is November 5, 2024. Ideologically, I am conservative. Politically, I am an independent. I attend church. I am 78 years old. I am a woman. I am not very interested in politics.. Question: Do you think the federal government should be doing more about the opioid drug addiction issue, should be doing less, or is it currently doing the right amount?

Answer choices:
1. Should be doing more 2. Should be doing less 3. Is doing the right amount

When answering, respond ONLY with a single number that corresponds to the option you choose. Do not include any additional text, punctuation or explanation.

My answer is
",1
fake_123,1,3,5,-1,70,2,2,"Today is November 5, 2024. Racially, I am white. Ideologically, I am slightly liberal. Politically, I am an independent who leans Republican. I am 70 years old. I am a woman. I am somewhat interested in politics.. Question: Do you think the federal government should be doing more about the opioid drug addiction issue, should be doing less, or is it currently doing the right amount?

Answer choices:
1. Should be doing more 2. Should be doing less 3. Is doing the right amount

When answering, respond ONLY with a single number that corresponds to the option you choose. Do not include any additional text, punctuation or explanation.

My answer is
",1
fake_124,1,4,4,2,72,2,1,"Today is November 5, 2024. Racially, I am white. Ideologically, I am moderate. Politically, I am an independent. I do not attend church. I am 72 years old. I am a woman. I am very interested in politics.. Question: Do you think the federal government should be doing more about the opioid drug addiction issue, should be doing less, or is it currently doing the right amount?

Answer choices:
1. Should be doing more 2. Should be doing less 3. Is doing the right amount

When answering, respond ONLY with a single number that corresponds to the option you choose. Do not include any additional text, punctuation or explanation.

My answer is
",1
fake_125,1,2,6,2,42,1,2,"Today is November 5, 2024. Racially, I am white. Ideologically, I am liberal. Politically, I am a weak Republican. I do not attend church. I am 42 years old. I am a man. I am somewhat interested in politics.. Question: Do you think the federal government should be doing more about the opioid drug addiction issue, should be doing less, or is it currently doing the right amount?

Answer choices:
1. Should be doing more 2. Should be doing less 3. Is doing the right amount

When answering, respond ONLY with a single number that corresponds to the option you choose. Do not include any additional text, punctuation or explanation.

My answer is
",1
fake_126,1,99,6,1,73,1,1,"Today is November 5, 2024. Racially, I am white. Politically, I am a weak Republican. I attend church. I am 73 years old. I am a man. I am very interested in politics.. Question: Do you think the federal government should be doing more about the opioid drug addiction issue, should be doing less, or is it currently doing the right amount?

Answer choices:
1. Should be doing more 2. Should be doing less 3. Is doing the right amount

When answering, respond ONLY with a single number that corresponds to the option you choose. Do not include any additional text, punctuation or explanation.

My answer is
",1
fake_127,2,5,7,2,60,2,4,"Today is November 5, 2024. Racially, I am black. Ideologically, I am slightly conservative. Politically, I am a strong Republican. I do not attend church. I am 60 years old. I am a woman. I am not at all interested in politics.. Question: Do you think the federal government should be doing more about the opioid drug addiction issue, should be doing less, or is it currently doing the right amount?

Answer choices:
1. Should be doing more 2. Should be doing less 3. Is doing the right amount

When answering, respond ONLY with a single number that corresponds to the option you choose. Do not include any additional text, punctuation or explanation.

My answer is
",1
fake_128,1,99,6,1,47,1,4,"Today is November 5, 2024. Racially, I am white. Politically, I am a weak Republican. I attend church. I am 47 years old. I am a man. I am not at all interested in politics.. Question: Do you think the federal government should be doing more about the opioid drug addiction issue, should be doing less, or is it currently doing the right amount?

Answer choices:
1. Should be doing more 2. Should be doing less 3. Is doing the right amount

When answering, respond ONLY with a single number that corresponds to the option you choose. Do not include any additional text, punctuation or explanation.

My answer is
",1
fake_129,1,4,6,2,67,2,1,"Today is November 5, 2024. Racially, I am white. Ideologically, I am moderate. Politically, I am a weak Republican. I do not attend church. I am 67 years old. I am a woman. I am very interested in politics.. Question: Do you think the federal government should be doing more about the opioid drug addiction issue, should be doing less, or is it currently doing the right amount?

Answer choices:
1. Should be doing more 2. Should be doing less 3. Is doing the right amount

When answering, respond ONLY with a single number that corresponds to the option you choose. Do not include any additional text, punctuation or explanation.

My answer is
",1
fake_130,1,7,6,2,34,2,2,"Today is November 5, 2024. Racially, I am white. Ideologically, I am extremely conservative. Politically, I am a weak Republican. I do not attend church. I am 34 years old. I am a woman. I am somewhat interested in politics.. Question: Do you think the federal government should be doing more about the opioid drug addiction issue, should be doing less, or is it currently doing the right amount?

Answer choices:
1. Should be doing more 2. Should be doing less 3. Is doing the right amount

When answering, respond ONLY with a single number that corresponds to the option you choose. Do not include any additional text, punctuation or explanation.

My answer is
",1
fake_131,2,99,7,1,80,1,2,"Today is November 5, 2024. Racially, I am black. Politically, I am a strong Republican. I attend church. I am 80 years old. I am a man. I am somewhat interested in politics.. Question: Do you think the federal government should be doing more about the opioid drug addiction issue, should be doing less, or is it currently doing the right amount?

Answer choices:
1. Should be doing more 2. Should be doing less 3. Is doing the right amount

When answering, respond ONLY with a single number that corresponds to the option you choose. Do not include any additional text, punctuation or explanation.

My answer is
",1
fake_132,1,99,4,2,62,1,2,"Today is November 5, 2024. Racially, I am white. Politically, I am an independent. I do not attend church. I am 62 years old. I am a man. I am somewhat interested in politics.. Question: Do you think the federal government should be doing more about the opioid drug addiction issue, should be doing less, or is it currently doing the right amount?

Answer choices:
1. Should be doing more 2. Should be doing less 3. Is doing the right amount

When answering, respond ONLY with a single number that corresponds to the option you choose. Do not include any additional text, punctuation or explanation.

My answer is
",1
fake_133,2,1,5,1,21,1,2,"Today is November 5, 2024. Racially, I am black. Ideologically, I am extremely liberal. Politically, I am an independent who leans Republican. I attend church. I am 21 years old. I am a man. I am somewhat interested in politics.. Question: Do you think the federal government should be doing more about the opioid drug addiction issue, should be doing less, or is it currently doing the right amount?

Answer choices:
1. Should be doing more 2. Should be doing less 3. Is doing the right amount

When answering, respond ONLY with a single number that corresponds to the option you choose. Do not include any additional text, punctuation or explanation.

My answer is
",1
fake_134,1,3,7,2,66,1,2,"Today is November 5, 2024. Racially, I am white. Ideologically, I am slightly liberal. Politically, I am a strong Republican. I do not attend church. I am 66 years old. I am a man. I am somewhat interested in politics.. Question: Do you think the federal government should be doing more about the opioid drug addiction issue, should be doing less, or is it currently doing the right amount?

Answer choices:
1. Should be doing more 2. Should be doing less 3. Is doing the right amount

When answering, respond ONLY with a single number that corresponds to the option you choose. Do not include any additional text, punctuation or explanation.

My answer is
",1
fake_135,1,2,4,1,74,1,2,"Today is November 5, 2024. Racially, I am white. Ideologically, I am liberal. Politically, I am an independent. I attend church. I am 74 years old. I am a man. I am somewhat interested in politics.. Question: Do you think the federal government should be doing more about the opioid drug addiction issue, should be doing less, or is it currently doing the right amount?

Answer choices:
1. Should be doing more 2. Should be doing less 3. Is doing the right amount

When answering, respond ONLY with a single number that corresponds to the option you choose. Do not include any additional text, punctuation or explanation.

My answer is
",1
fake_136,1,4,7,1,52,2,2,"Today is November 5, 2024. Racially, I am white. Ideologically, I am moderate. Politically, I am a strong Republican. I attend church. I am 52 years old. I am a woman. I am somewhat interested in politics.. Question: Do you think the federal government should be doing more about the opioid drug addiction issue, should be doing less, or is it currently doing the right amount?

Answer choices:
1. Should be doing more 2. Should be doing less 3. Is doing the right amount

When answering, respond ONLY with a single number that corresponds to the option you choose. Do not include any additional text, punctuation or explanation.

My answer is
",1
fake_137,1,4,3,2,-2,1,-6,"Today is November 5, 2024. Racially, I am white. Ideologically, I am moderate. Politically, I am an independent who leans Democratic. I do not attend church. I am a man.. Question: Do you think the federal government should be doing more about the opioid drug addiction issue, should be doing less, or is it currently doing the right amount?

Answer choices:
1. Should be doing more 2. Should be doing less 3. Is doing the right amount

When answering, respond ONLY with a single number that corresponds to the option you choose. Do not include any additional text, punctuation or explanation.

My answer is
",1
fake_138,3,2,3,2,80,2,2,"Today is November 5, 2024. Racially, I am hispanic. Ideologically, I am liberal. Politically, I am an independent who leans Democratic. I do not attend church. I am 80 years old. I am a woman. I am somewhat interested in politics.. Question: Do you think the federal government should be doing more about the opioid drug addiction issue, should be doing less, or is it currently doing the right amount?

Answer choices:
1. Should be doing more 2. Should be doing less 3. Is doing the right amount

When answering, respond ONLY with a single number that corresponds to the option you choose. Do not include any additional text, punctuation or explanation.

My answer is
",1
fake_139,1,3,3,1,74,2,-6,"Today is November 5, 2024. Racially, I am white. Ideologically, I am slightly liberal. Politically, I am an independent who leans Democratic. I attend church. I am 74 years old. I am a woman.. Question: Do you think the federal government should be doing more about the opioid drug addiction issue, should be doing less, or is it currently doing the right amount?

Answer choices:
1. Should be doing more 2. Should be doing less 3. Is doing the right amount

When answering, respond ONLY with a single number that corresponds to the option you choose. Do not include any additional text, punctuation or explanation.

My answer is
",1
fake_140,1,4,2,2,71,2,4,"Today is November 5, 2024. Racially, I am white. Ideologically, I am moderate. Politically, I am a weak Democrat. I do not attend church. I am 71 years old. I am a woman. I am not at all interested in politics.. Question: Do you think the federal government should be doing more about the opioid drug addiction issue, should be doing less, or is it currently doing the right amount?

Answer choices:
1. Should be doing more 2. Should be doing less 3. Is doing the right amount

When answering, respond ONLY with a single number that corresponds to the option you choose. Do not include any additional text, punctuation or explanation.

My answer is
",1
fake_141,1,4,3,1,43,1,2,"Today is November 5, 2024. Racially, I am white. Ideologically, I am moderate. Politically, I am an independent who leans Democratic. I attend church. I am 43 years old. I am a man. I am somewhat interested in politics.. Question: Do you think the federal government should be doing more about the opioid drug addiction issue, should be doing less, or is it currently doing the right amount?

Answer choices:
1. Should be doing more 2. Should be doing less 3. Is doing the right amount

When answering, respond ONLY with a single number that corresponds to the option you choose. Do not include any additional text, punctuation or explanation.

My answer is
",1
fake_142,1,4,2,2,58,2,2,"Today is November 5, 2024. Racially, I am white. Ideologically, I am moderate. Politically, I am a weak Democrat. I do not attend church. I am 58 years old. I am a woman. I am somewhat interested in politics.. Question: Do you think the federal government should be doing more about the opioid drug addiction issue, should be doing less, or is it currently doing the right amount?

Answer choices:
1. Should be doing more 2. Should be doing less 3. Is doing the right amount

When answering, respond ONLY with a single number that corresponds to the option you choose. Do not include any additional text, punctuation or explanation.

My answer is
",1
fake_143,3,3,6,1,65,2,2,"Today is November 5, 2024. Racially, I am hispanic. Ideologically, I am slightly liberal. Politically, I am a weak Republican. I attend church. I am 65 years old. I am a woman. I am somewhat interested in politics.. Question: Do you think the federal government should be doing more about the opioid drug addiction issue, should be doing less, or is it currently doing the right amount?

Answer choices:
1. Should be doing more 2. Should be doing less 3. Is doing the right amount

When answering, respond ONLY with a single number that corresponds to the option you choose. Do not include any additional text, punctuation or explanation.

My answer is
",1
fake_144,1,3,3,2,80,2,2,"Today is November 5, 2024. Racially, I am white. Ideologically, I am slightly liberal. Politically, I am an independent who leans Democratic. I do not attend church. I am 80 years old. I am a woman. I am somewhat interested in politics.. Question: Do you think the federal government should be doing more about the opioid drug addiction issue, should be doing less, or is it currently doing the right amount?

Answer choices:
1. Should be doing more 2. Should be doing less 3. Is doing the right amount

When answering, respond ONLY with a single number that corresponds to the option you choose. Do not include any additional text, punctuation or explanation.

My answer is
",1
fake_145,2,6,1,2,63,1,3,"Today is November 5, 2024. Racially, I am black. Ideologically, I am conservative. Politically, I am a strong democrat. I do not attend church. I am 63 years old. I am a man. I am not very interested in politics.. Question: Do you think the federal government should be doing more about the opioid drug addiction issue, should be doing less, or is it currently doing the right amount?

Answer choices:
1. Should be doing more 2. Should be doing less 3. Is doing the right amount

When answering, respond ONLY with a single number that corresponds to the option you choose. Do not include any additional text, punctuation or explanation.

My answer is
",1
fake_146,1,6,1,1,39,2,4,"Today is November 5, 2024. Racially, I am white. Ideologically, I am conservative. Politically, I am a strong democrat. I attend church. I am 39 years old. I am a woman. I am not at all interested in politics.. Question: Do you think the federal government should be doing more about the opioid drug addiction issue, should be doing less, or is it currently doing the right amount?

Answer choices:
1. Should be doing more 2. Should be doing less 3. Is doing the right amount

When answering, respond ONLY with a single number that corresponds to the option you choose. Do not include any additional text, punctuation or explanation.

My answer is
",1
fake_147,1,2,1,2,71,1,-7,"Today is November 5, 2024. Racially, I am white. Ideologically, I am liberal. Politically, I am a strong democrat. I do not attend church. I am 71 years old. I am a man.. Question: Do you think the federal government should be doing more about the opioid drug addiction issue, should be doing less, or is it currently doing the right amount?

Answer choices:
1. Should be doing more 2. Should be doing less 3. Is doing the right amount

When answering, respond ONLY with a single number that corresponds to the option you choose. Do not include any additional text, punctuation or explanation.

My answer is
",1
fake_148,3,3,1,-9,36,2,2,"Today is November 5, 2024. Racially, I am hispanic. Ideologically, I am slightly liberal. Politically, I am a strong democrat. I am 36 years old. I am a woman. I am somewhat interested in politics.. Question: Do you think the federal government should be doing more about the opioid drug addiction issue, should be doing less, or is it currently doing the right amount?

Answer choices:
1. Should be doing more 2. Should be doing less 3. Is doing the right amount

When answering, respond ONLY with a single number that corresponds to the option you choose. Do not include any additional text, punctuation or explanation.

My answer is
",1
fake_149,6,4,1,2,30,2,2,"Today is November 5, 2024. Ideologically, I am moderate. Politically, I am a strong democrat. I do not attend church. I am 30 years old. I am a woman. I am somewhat interested in politics.. Question: Do you think the federal government should be doing more about the opioid drug addiction issue, should be doing less, or is it currently doing the right amount?

Answer choices:
1. Should be doing more 2. Should be doing less 3. Is doing the right amount

When answering, respond ONLY with a single number that corresponds to the option you choose. Do not include any additional text, punctuation or explanation.

My answer is
",1
fake_150,1,-9,7,2,50,2,4,"Today is November 5, 2024. Racially, I am white. Politically, I am a strong Republican. I do not attend church. I am 50 years old. I am a woman. I am not at all interested in politics.. Question: Do you think the federal government should be doing more about the opioid drug addiction issue, should be doing less, or is it currently doing the right amount?

Answer choices:
1. Should be doing more 2. Should be doing less 3. Is doing the right amount

When answering, respond ONLY with a single number that corresponds to the option you choose. Do not include any additional text, punctuation or explanation.

My answer is
",1
fake_151,3,2,7,1,78,2,3,"Today is November 5, 2024. Racially, I am hispanic. Ideologically, I am liberal. Politically, I am a strong Republican. I attend church. I am 78 years old. I am a woman. I am not very interested in politics.. Question: Do you think the federal government should be doing more about the opioid drug addiction issue, should be doing less, or is it currently doing the right amount?

Answer choices:
1. Should be doing more 2. Should be doing less 3. Is doing the right amount

When answering, respond ONLY with a single number that corresponds to the option you choose. Do not include any additional text, punctuation or explanation.

My answer is
",1
fake_152,1,4,1,2,38,2,4,"Today is November 5, 2024. Racially, I am white. Ideologically, I am moderate. Politically, I am a strong democrat. I do not attend church. I am 38 years old. I am a woman. I am not at all interested in politics.. Question: Do you think the federal government should be doing more about the opioid drug addiction issue, should be doing less, or is it currently doing the right amount?

Answer choices:
1. Should be doing more 2. Should be doing less 3. Is doing the right amount

When answering, respond ONLY with a single number that corresponds to the option you choose. Do not include any additional text, punctuation or explanation.

My answer is
",1
fake_153,1,4,7,2,23,2,2,"Today is November 5, 2024. Racially, I am white. Ideologically, I am moderate. Politically, I am a strong Republican. I do not attend church. I am 23 years old. I am a woman. I am somewhat interested in politics.. Question: Do you think the federal government should be doing more about the opioid drug addiction issue, should be doing less, or is it currently doing the right amount?

Answer choices:
1. Should be doing more 2. Should be doing less 3. Is doing the right amount

When answering, respond ONLY with a single number that corresponds to the option you choose. Do not include any additional text, punctuation or explanation.

My answer is
",1
fake_154,1,4,4,1,64,2,3,"Today is November 5, 2024. Racially, I am white. Ideologically, I am moderate. Politically, I am an independent. I attend church. I am 64 years old. I am a woman. I am not very interested in politics.. Question: Do you think the federal government should be doing more about the opioid drug addiction issue, should be doing less, or is it currently doing the right amount?

Answer choices:
1. Should be doing more 2. Should be doing less 3. Is doing the right amount

When answering, respond ONLY with a single number that corresponds to the option you choose. Do not include any additional text, punctuation or explanation.

My answer is
",1
fake_155,1,99,5,2,50,1,2,"Today is November 5, 2024. Racially, I am white. Politically, I am an independent who leans Republican. I do not attend church. I am 50 years old. I am a man. I am somewhat interested in politics.. Question: Do you think the federal government should be doing more about the opioid drug addiction issue, should be doing less, or is it currently doing the right amount?

Answer choices:
1. Should be doing more 2. Should be doing less 3. Is doing the right amount

When answering, respond ONLY with a single number that corresponds to the option you choose. Do not include any additional text, punctuation or explanation.

My answer is
",1
fake_156,1,1,1,1,30,2,1,"Today is November 5, 2024. Racially, I am white. Ideologically, I am extremely liberal. Politically, I am a strong democrat. I attend church. I am 30 years old. I am a woman. I am very interested in politics.. Question: Do you think the federal government should be doing more about the opioid drug addiction issue, should be doing less, or is it currently doing the right amount?

Answer choices:
1. Should be doing more 2. Should be doing less 3. Is doing the right amount

When answering, respond ONLY with a single number that corresponds to the option you choose. Do not include any additional text, punctuation or explanation.

My answer is
",1
fake_157,3,6,7,1,48,2,2,"Today is November 5, 2024. Racially, I am hispanic. Ideologically, I am conservative. Politically, I am a strong Republican. I attend church. I am 48 years old. I am a woman. I am somewhat interested in politics.. Question: Do you think the federal government should be doing more about the opioid drug addiction issue, should be doing less, or is it currently doing the right amount?

Answer choices:
1. Should be doing more 2. Should be doing less 3. Is doing the right amount

When answering, respond ONLY with a single number that corresponds to the option you choose. Do not include any additional text, punctuation or explanation.

My answer is
",1
fake_158,1,99,1,2,28,1,2,"Today is November 5, 2024. Racially, I am white. Politically, I am a strong democrat. I do not attend church. I am 28 years old. I am a man. I am somewhat interested in politics.. Question: Do you think the federal government should be doing more about the opioid drug addiction issue, should be doing less, or is it currently doing the right amount?

Answer choices:
1. Should be doing more 2. Should be doing less 3. Is doing the right amount

When answering, respond ONLY with a single number that corresponds to the option you choose. Do not include any additional text, punctuation or explanation.

My answer is
",1
fake_159,1,99,6,2,40,1,3,"Today is November 5, 2024. Racially, I am white. Politically, I am a weak Republican. I do not attend church. I am 40 years old. I am a man. I am not very interested in politics.. Question: Do you think the federal government should be doing more about the opioid drug addiction issue, should be doing less, or is it currently doing the right amount?

Answer choices:
1. Should be doing more 2. Should be doing less 3. Is doing the right amount

When answering, respond ONLY with a single number that corresponds to the option you choose. Do not include any additional text, punctuation or explanation.

My answer is
",1
fake_160,1,5,7,-1,35,1,1,"Today is November 5, 2024. Racially, I am white. Ideologically, I am slightly conservative. Politically, I am a strong Republican. I am 35 years old. I am a man. I am very interested in politics.. Question: Do you think the federal government should be doing more about the opioid drug addiction issue, should be doing less, or is it currently doing the right amount?

Answer choices:
1. Should be doing more 2. Should be doing less 3. Is doing the right amount

When answering, respond ONLY with a single number that corresponds to the option you choose. Do not include any additional text, punctuation or explanation.

My answer is
",1
fake_161,2,2,1,-1,77,2,4,"Today is November 5, 2024. Racially, I am black. Ideologically, I am liberal. Politically, I am a strong democrat. I am 77 years old. I am a woman. I am not at all interested in politics.. Question: Do you think the federal government should be doing more about the opioid drug addiction issue, should be doing less, or is it currently doing the right amount?

Answer choices:
1. Should be doing more 2. Should be doing less 3. Is doing the right amount

When answering, respond ONLY with a single number that corresponds to the option you choose. Do not include any additional text, punctuation or explanation.

My answer is
",1
fake_162,3,1,-9,2,26,1,3,"Today is November 5, 2024. Racially, I am hispanic. Ideologically, I am extremely liberal. I do not attend church. I am 26 years old. I am a man. I am not very interested in politics.. Question: Do you think the federal government should be doing more about the opioid drug addiction issue, should be doing less, or is it currently doing the right amount?

Answer choices:
1. Should be doing more 2. Should be doing less 3. Is doing the right amount

When answering, respond ONLY with a single number that corresponds to the option you choose. Do not include any additional text, punctuation or explanation.

My answer is
",1
fake_163,2,6,7,2,68,1,-5,"Today is November 5, 2024. Racially, I am black. Ideologically, I am conservative. Politically, I am a strong Republican. I do not attend church. I am 68 years old. I am a man.. Question: Do you think the federal government should be doing more about the opioid drug addiction issue, should be doing less, or is it currently doing the right amount?

Answer choices:
1. Should be doing more 2. Should be doing less 3. Is doing the right amount

When answering, respond ONLY with a single number that corresponds to the option you choose. Do not include any additional text, punctuation or explanation.

My answer is
",1
fake_164,3,6,7,2,58,1,-6,"Today is November 5, 2024. Racially, I am hispanic. Ideologically, I am conservative. Politically, I am a strong Republican. I do not attend church. I am 58 years old. I am a man.. Question: Do you think the federal government should be doing more about the opioid drug addiction issue, should be doing less, or is it currently doing the right amount?

Answer choices:
1. Should be doing more 2. Should be doing less 3. Is doing the right amount

When answering, respond ONLY with a single number that corresponds to the option you choose. Do not include any additional text, punctuation or explanation.

My answer is
",1
fake_165,3,6,1,2,-2,1,2,"Today is November 5, 2024. Racially, I am hispanic. Ideologically, I am conservative. Politically, I am a strong democrat. I do not attend church. I am a man. I am somewhat interested in politics.. Question: Do you think the federal government should be doing more about the opioid drug addiction issue, should be doing less, or is it currently doing the right amount?

Answer choices:
1. Should be doing more 2. Should be doing less 3. Is doing the right amount

When answering, respond ONLY with a single number that corresponds to the option you choose. Do not include any additional text, punctuation or explanation.

My answer is
",1
fake_166,1,99,7,2,49,2,3,"Today is November 5, 2024. Racially, I am white. Politically, I am a strong Republican. I do not attend church. I am 49 years old. I am a woman. I am not very interested in politics.. Question: Do you think the federal government should be doing more about the opioid drug addiction issue, should be doing less, or is it currently doing the right amount?

Answer choices:
1. Should be doing more 2. Should be doing less 3. Is doing the right amount

When answering, respond ONLY with a single number that corresponds to the option you choose. Do not include any additional text, punctuation or explanation.

My answer is
",1
fake_167,1,1,7,2,80,2,2,"Today is November 5, 2024. Racially, I am white. Ideologically, I am extremely liberal. Politically, I am a strong Republican. I do not attend church. I am 80 years old. I am a woman. I am somewhat interested in politics.. Question: Do you think the federal government should be doing more about the opioid drug addiction issue, should be doing less, or is it currently doing the right amount?

Answer choices:
1. Should be doing more 2. Should be doing less 3. Is doing the right amount

When answering, respond ONLY with a single number that corresponds to the option you choose. Do not include any additional text, punctuation or explanation.

My answer is
",1
fake_168,1,3,2,2,34,2,4,"Today is November 5, 2024. Racially, I am white. Ideologically, I am slightly liberal. Politically, I am a weak Democrat. I do not attend church. I am 34 years old. I am a woman. I am not at all interested in politics.. Question: Do you think the federal government should be doing more about the opioid drug addiction issue, should be doing less, or is it currently doing the right amount?

Answer choices:
1. Should be doing more 2. Should be doing less 3. Is doing the right amount

When answering, respond ONLY with a single number that corresponds to the option you choose. Do not include any additional text, punctuation or explanation.

My answer is
",1
fake_169,1,4,2,2,59,1,3,"Today is November 5, 2024. Racially, I am white. Ideologically, I am moderate. Politically, I am a weak Democrat. I do not attend church. I am 59 years old. I am a man. I am not very interested in politics.. Question: Do you think the federal government should be doing more about the opioid drug addiction issue, should be doing less, or is it currently doing the right amount?

Answer choices:
1. Should be doing more 2. Should be doing less 3. Is doing the right amount

When answering, respond ONLY with a single number that corresponds to the option you choose. Do not include any additional text, punctuation or explanation.

My answer is
",1
fake_170,1,2,1,1,-2,2,-6,"Today is November 5, 2024. Racially, I am white. Ideologically, I am liberal. Politically, I am a strong democrat. I attend church. I am a woman.. Question: Do you think the federal government should be doing more about the opioid drug addiction issue, should be doing less, or is it currently doing the right amount?

Answer choices:
1. Should be doing more 2. Should be doing less 3. Is doing the right amount

When answering, respond ONLY with a single number that corresponds to the option you choose. Do not include any additional text, punctuation or explanation.

My answer is
",1
fake_171,1,5,5,1,19,1,2,"Today is November 5, 2024. Racially, I am white. Ideologically, I am slightly conservative. Politically, I am an independent who leans Republican. I attend church. I am 19 years old. I am a man. I am somewhat interested in politics.. Question: Do you think the federal government should be doing more about the opioid drug addiction issue, should be doing less, or is it currently doing the right amount?

Answer choices:
1. Should be doing more 2. Should be doing less 3. Is doing the right amount

When answering, respond ONLY with a single number that corresponds to the option you choose. Do not include any additional text, punctuation or explanation.

My answer is
",1
fake_172,2,2,2,1,43,1,3,"Today is November 5, 2024. Racially, I am black. Ideologically, I am liberal. Politically, I am a weak Democrat. I attend church. I am 43 years old. I am a man. I am not very interested in politics.. Question: Do you think the federal government should be doing more about the opioid drug addiction issue, should be doing less, or is it currently doing the right amount?

Answer choices:
1. Should be doing more 2. Should be doing less 3. Is doing the right amount

When answering, respond ONLY with a single number that corresponds to the option you choose. Do not include any additional text, punctuation or explanation.

My answer is
",1
fake_173,1,2,7,1,53,1,2,"Today is November 5, 2024. Racially, I am white. Ideologically, I am liberal. Politically, I am a strong Republican. I attend church. I am 53 years old. I am a man. I am somewhat interested in politics.. Question: Do you think the federal government should be doing more about the opioid drug addiction issue, should be doing less, or is it currently doing the right amount?

Answer choices:
1. Should be doing more 2. Should be doing less 3. Is doing the right amount

When answering, respond ONLY with a single number that corresponds to the option you choose. Do not include any additional text, punctuation or explanation.

My answer is
",1
fake_174,1,6,6,2,20,2,1,"Today is November 5, 2024. Racially, I am white. Ideologically, I am conservative. Politically, I am a weak Republican. I do not attend church. I am 20 years old. I am a woman. I am very interested in politics.. Question: Do you think the federal government should be doing more about the opioid drug addiction issue, should be doing less, or is it currently doing the right amount?

Answer choices:
1. Should be doing more 2. Should be doing less 3. Is doing the right amount

When answering, respond ONLY with a single number that corresponds to the option you choose. Do not include any additional text, punctuation or explanation.

My answer is
",1
fake_175,3,5,1,2,54,1,1,"Today is November 5, 2024. Racially, I am hispanic. Ideologically, I am slightly conservative. Politically, I am a strong democrat. I do not attend church. I am 54 years old. I am a man. I am very interested in politics.. Question: Do you think the federal government should be doing more about the opioid drug addiction issue, should be doing less, or is it currently doing the right amount?

Answer choices:
1. Should be doing more 2. Should be doing less 3. Is doing the right amount

When answering, respond ONLY with a single number that corresponds to the option you choose. Do not include any additional text, punctuation or explanation.

My answer is
",1
fake_176,1,3,7,1,67,1,1,"Today is November 5, 2024. Racially, I am white. Ideologically, I am slightly liberal. Politically, I am a strong Republican. I attend church. I am 67 years old. I am a man. I am very interested in politics.. Question: Do you think the federal government should be doing more about the opioid drug addiction issue, should be doing less, or is it currently doing the right amount?

Answer choices:
1. Should be doing more 2. Should be doing less 3. Is doing the right amount

When answering, respond ONLY with a single number that corresponds to the option you choose. Do not include any additional text, punctuation or explanation.

My answer is
",1
fake_177,1,3,4,2,68,2,1,"Today is November 5, 2024. Racially, I am white. Ideologically, I am slightly liberal. Politically, I am an independent. I do not attend church. I am 68 years old. I am a woman. I am very interested in politics.. Question: Do you think the federal government should be doing more about the opioid drug addiction issue, should be doing less, or is it currently doing the right amount?

Answer choices:
1. Should be doing more 2. Should be doing less 3. Is doing the right amount

When answering, respond ONLY with a single number that corresponds to the option you choose. Do not include any additional text, punctuation or explanation.

My answer is
",1
fake_178,1,6,3,1,39,2,2,"Today is November 5, 2024. Racially, I am white. Ideologically, I am conservative. Politically, I am an independent who leans Democratic. I attend church. I am 39 years old. I am a woman. I am somewhat interested in politics.. Question: Do you think the federal government should be doing more about the opioid drug addiction issue, should be doing less, or is it currently doing the right amount?

Answer choices:
1. Should be doing more 2. Should be doing less 3. Is doing the right amount

When answering, respond ONLY with a single number that corresponds to the option you choose. Do not include any additional text, punctuation or explanation.

My answer is
",1
fake_179,1,3,7,2,21,2,1,"Today is November 5, 2024. Racially, I am white. Ideologically, I am slightly liberal. Politically, I am a strong Republican. I do not attend church. I am 21 years old. I am a woman. I am very interested in politics.. Question: Do you think the federal government should be doing more about the opioid drug addiction issue, should be doing less, or is it currently doing the right amount?

Answer choices:
1. Should be doing more 2. Should be doing less 3. Is doing the right amount

When answering, respond ONLY with a single number that corresponds to the option you choose. Do not include any additional text, punctuation or explanation.

My answer is
",1
fake_180,1,99,4,2,29,2,2,"Today is November 5, 2024. Racially, I am white. Politically, I am an independent. I do not attend church. I am 29 years old. I am a woman. I am somewhat interested in politics.. Question: Do you think the federal government should be doing more about the opioid drug addiction issue, should be doing less, or is it currently doing the right amount?

Answer choices:
1. Should be doing more 2. Should be doing less 3. Is doing the right amount

When answering, respond ONLY with a single number that corresponds to the option you choose. Do not include any additional text, punctuation or explanation.

My answer is
",1
fake_181,1,3,7,2,39,2,2,"Today is November 5, 2024. Racially, I am white. Ideologically, I am slightly liberal. Politically, I am a strong Republican. I do not attend church. I am 39 years old. I am a woman. I am somewhat interested in politics.. Question: Do you think the federal government should be doing more about the opioid drug addiction issue, should be doing less, or is it currently doing the right amount?

Answer choices:
1. Should be doing more 2. Should be doing less 3. Is doing the right amount

When answering, respond ONLY with a single number that corresponds to the option you choose. Do not include any additional text, punctuation or explanation.

My answer is
",1
fake_182,1,99,3,1,69,2,2,"Today is November 5, 2024. Racially, I am white. Politically, I am an independent who leans Democratic. I attend church. I am 69 years old. I am a woman. I am somewhat interested in politics.. Question: Do you think the federal government should be doing more about the opioid drug addiction issue, should be doing less, or is it currently doing the right amount?

Answer choices:
1. Should be doing more 2. Should be doing less 3. Is doing the right amount

When answering, respond ONLY with a single number that corresponds to the option you choose. Do not include any additional text, punctuation or explanation.

My answer is
",1
fake_183,3,6,3,1,70,2,-6,"Today is November 5, 2024. Racially, I am hispanic. Ideologically, I am conservative. Politically, I am an independent who leans Democratic. I attend church. I am 70 years old. I am a woman.. Question: Do you think the federal government should be doing more about the opioid drug addiction issue, should be doing less, or is it currently doing the right amount?

Answer choices:
1. Should be doing more 2. Should be doing less 3. Is doing the right amount

When answering, respond ONLY with a single number that corresponds to the option you choose. Do not include any additional text, punctuation or explanation.

My answer is
",1
fake_184,1,2,1,1,51,1,3,"Today is November 5, 2024. Racially, I am white. Ideologically, I am liberal. Politically, I am a strong democrat. I attend church. I am 51 years old. I am a man. I am not very interested in politics.. Question: Do you think the federal government should be doing more about the opioid drug addiction issue, should be doing less, or is it currently doing the right amount?

Answer choices:
1. Should be doing more 2. Should be doing less 3. Is doing the right amount

When answering, respond ONLY with a single number that corresponds to the option you choose. Do not include any additional text, punctuation or explanation.

My answer is
",1
fake_185,1,3,3,1,41,1,2,"Today is November 5, 2024. Racially, I am white. Ideologically, I am slightly liberal. Politically, I am an independent who leans Democratic. I attend church. I am 41 years old. I am a man. I am somewhat interested in politics.. Question: Do you think the federal government should be doing more about the opioid drug addiction issue, should be doing less, or is it currently doing the right amount?

Answer choices:
1. Should be doing more 2. Should be doing less 3. Is doing the right amount

When answering, respond ONLY with a single number that corresponds to the option you choose. Do not include any additional text, punctuation or explanation.

My answer is
",1
fake_186,1,5,3,1,40,2,3,"Today is November 5, 2024. Racially, I am white. Ideologically, I am slightly conservative. Politically, I am an independent who leans Democratic. I attend church. I am 40 years old. I am a woman. I am not very interested in politics.. Question: Do you think the federal government should be doing more about the opioid drug addiction issue, should be doing less, or is it currently doing the right amount?

Answer choices:
1. Should be doing more 2. Should be doing less 3. Is doing the right amount

When answering, respond ONLY with a single number that corresponds to the option you choose. Do not include any additional text, punctuation or explanation.

My answer is
",1
fake_187,3,6,1,1,47,2,2,"Today is November 5, 2024. Racially, I am hispanic. Ideologically, I am conservative. Politically, I am a strong democrat. I attend church. I am 47 years old. I am a woman. I am somewhat interested in politics.. Question: Do you think the federal government should be doing more about the opioid drug addiction issue, should be doing less, or is it currently doing the right amount?

Answer choices:
1. Should be doing more 2. Should be doing less 3. Is doing the right amount

When answering, respond ONLY with a single number that corresponds to the option you choose. Do not include any additional text, punctuation or explanation.

My answer is
",1
fake_188,1,6,5,2,80,2,1,"Today is November 5, 2024. Racially, I am white. Ideologically, I am conservative. Politically, I am an independent who leans Republican. I do not attend church. I am 80 years old. I am a woman. I am very interested in politics.. Question: Do you think the federal government should be doing more about the opioid drug addiction issue, should be doing less, or is it currently doing the right amount?

Answer choices:
1. Should be doing more 2. Should be doing less 3. Is doing the right amount

When answering, respond ONLY with a single number that corresponds to the option you choose. Do not include any additional text, punctuation or explanation.

My answer is
",1
fake_189,3,2,1,2,31,2,2,"Today is November 5, 2024. Racially, I am hispanic. Ideologically, I am liberal. Politically, I am a strong democrat. I do not attend church. I am 31 years old. I am a woman. I am somewhat interested in politics.. Question: Do you think the federal government should be doing more about the opioid drug addiction issue, should be doing less, or is it currently doing the right amount?

Answer choices:
1. Should be doing more 2. Should be doing less 3. Is doing the right amount

When answering, respond ONLY with a single number that corresponds to the option you choose. Do not include any additional text, punctuation or explanation.

My answer is
",1
fake_190,1,7,2,1,40,1,2,"Today is November 5, 2024. Racially, I am white. Ideologically, I am extremely conservative. Politically, I am a weak Democrat. I attend church. I am 40 years old. I am a man. I am somewhat interested in politics.. Question: Do you think the federal government should be doing more about the opioid drug addiction issue, should be doing less, or is it currently doing the right amount?

Answer choices:
1. Should be doing more 2. Should be doing less 3. Is doing the right amount

When answering, respond ONLY with a single number that corresponds to the option you choose. Do not include any additional text, punctuation or explanation.

My answer is
",1
fake_191,1,6,5,1,45,-9,1,"Today is November 5, 2024. Racially, I am white. Ideologically, I am conservative. Politically, I am an independent who leans Republican. I attend church. I am 45 years old. I am very interested in politics.. Question: Do you think the federal government should be doing more about the opioid drug addiction issue, should be doing less, or is it currently doing the right amount?

Answer choices:
1. Should be doing more 2. Should be doing less 3. Is doing the right amount

When answering, respond ONLY with a single number that corresponds to the option you choose. Do not include any additional text, punctuation or explanation.

My answer is
",1
fake_192,1,5,7,2,-2,1,2,"Today is November 5, 2024. Racially, I am white. Ideologically, I am slightly conservative. Politically, I am a strong Republican. I do not attend church. I am a man. I am somewhat interested in politics.. Question: Do you think the federal government should be doing more about the opioid drug addiction issue, should be doing less, or is it currently doing the right amount?

Answer choices:
1. Should be doing more 2. Should be doing less 3. Is doing the right amount

When answering, respond ONLY with a single number that corresponds to the option you choose. Do not include any additional text, punctuation or explanation.

My answer is
",1
fake_193,2,7,3,2,38,1,3,"Today is November 5, 2024. Racially, I am black. Ideologically, I am extremely conservative. Politically, I am an independent who leans Democratic. I do not attend church. I am 38 years old. I am a man. I am not very interested in politics.. Question: Do you think the federal government should be doing more about the opioid drug addiction issue, should be doing less, or is it currently doing the right amount?

Answer choices:
1. Should be doing more 2. Should be doing less 3. Is doing the right amount

When answering, respond ONLY with a single number that corresponds to the option you choose. Do not include any additional text, punctuation or explanation.

My answer is
",1
fake_194,1,2,7,1,68,2,-6,"Today is November 5, 2024. Racially, I am white. Ideologically, I am liberal. Politically, I am a strong Republican. I attend church. I am 68 years old. I am a woman.. Question: Do you think the federal government should be doing more about the opioid drug addiction issue, should be doing less, or is it currently doing the right amount?

Answer choices:
1. Should be doing more 2. Should be doing less 3. Is doing the right amount

When answering, respond ONLY with a single number that corresponds to the option you choose. Do not include any additional text, punctuation or explanation.

My answer is
",1
fake_195,1,6,2,1,55,1,1,"Today is November 5, 2024. Racially, I am white. Ideologically, I am conservative. Politically, I am a weak Democrat. I attend church. I am 55 years old. I am a man. I am very interested in politics.. Question: Do you think the federal government should be doing more about the opioid drug addiction issue, should be doing less, or is it currently doing the right amount?

Answer choices:
1. Should be doing more 2. Should be doing less 3. Is doing the right amount

When answering, respond ONLY with a single number that corresponds to the option you choose. Do not include any additional text, punctuation or explanation.

My answer is
",1
fake_196,1,2,7,2,46,2,-6,"Today is November 5, 2024. Racially, I am white. Ideologically, I am liberal. Politically, I am a strong Republican. I do not attend church. I am 46 years old. I am a woman.. Question: Do you think the federal government should be doing more about the opioid drug addiction issue, should be doing less, or is it currently doing the right amount?

Answer choices:
1. Should be doing more 2. Should be doing less 3. Is doing the right amount

When answering, respond ONLY with a single number that corresponds to the option you choose. Do not include any additional text, punctuation or explanation.

My answer is
",1
fake_197,1,3,4,1,43,2,2,"Today is November 5, 2024. Racially, I am white. Ideologically, I am slightly liberal. Politically, I am an independent. I attend church. I am 43 years old. I am a woman. I am somewhat interested in politics.. Question: Do you think the federal government should be doing more about the opioid drug addiction issue, should be doing less, or is it currently doing the right amount?

Answer choices:
1. Should be doing more 2. Should be doing less 3. Is doing the right amount

When answering, respond ONLY with a single number that corresponds to the option you choose. Do not include any additional text, punctuation or explanation.

My answer is
",1
fake_198,1,6,6,2,55,1,4,"Today is November 5, 2024. Racially, I am white. Ideologically, I am conservative. Politically, I am a weak Republican. I do not attend church. I am 55 years old. I am a man. I am not at all interested in politics.. Question: Do you think the federal government should be doing more about the opioid drug addiction issue, should be doing less, or is it currently doing the right amount?

Answer choices:
1. Should be doing more 2. Should be doing less 3. Is doing the right amount

When answering, respond ONLY with a single number that corresponds to the option you choose. Do not include any additional text, punctuation or explanation.

My answer is
",1
fake_199,1,7,7,1,62,1,2,"Today is November 5, 2024. Racially, I am white. Ideologically, I am extremely conservative. Politically, I am a strong Republican. I attend church. I am 62 years old. I am a man. I am somewhat interested in politics.. Question: Do you think the federal government should be doing more about the opioid drug addiction issue, should be doing less, or is it currently doing the right amount?

Answer choices:
1. Should be doing more 2. Should be doing less 3. Is doing the right amount

When answering, respond ONLY with a single number that corresponds to the option you choose. Do not include any additional text, punctuation or explanation.

My answer is
",1
fake_200,1,2,1,2,39,2,2,"Today is November 5, 2024. Racially, I am white. Ideologically, I am liberal. Politically, I am a strong democrat. I do not attend church. I am 39 years old. I am a woman. I am somewhat interested in politics.. Question: Do you think the federal government should be doing more about the opioid drug addiction issue, should be doing less, or is it currently doing the right amount?

Answer choices:
1. Should be doing more 2. Should be doing less 3. Is doing the right amount

When answering, respond ONLY with a single number that corresponds to the option you choose. Do not include any additional text, punctuation or explanation.

My answer is
",1
fake_201,1,3,7,2,32,1,3,"Today is November 5, 2024. Racially, I am white. Ideologically, I am slightly liberal. Politically, I am a strong Republican. I do not attend church. I am 32 years old. I am a man. I am not very interested in politics.. Question: Do you think the federal government should be doing more about the opioid drug addiction issue, should be doing less, or is it currently doing the right amount?

Answer choices:
1. Should be doing more 2. Should be doing less 3. Is doing the right amount

When answering, respond ONLY with a single number that corresponds to the option you choose. Do not include any additional text, punctuation or explanation.

My answer is
",1
fake_202,1,6,7,2,53,2,2,"Today is November 5, 2024. Racially, I am white. Ideologically, I am conservative. Politically, I am a strong Republican. I do not attend church. I am 53 years old. I am a woman. I am somewhat interested in politics.. Question: Do you think the federal government should be doing more about the opioid drug addiction issue, should be doing less, or is it currently doing the right amount?

Answer choices:
1. Should be doing more 2. Should be doing less 3. Is doing the right amount

When answering, respond ONLY with a single number that corresponds to the option you choose. Do not include any additional text, punctuation or explanation.

My answer is
",1
fake_203,1,4,1,1,48,1,2,"Today is November 5, 2024. Racially, I am white. Ideologically, I am moderate. Politically, I am a strong democrat. I attend church. I am 48 years old. I am a man. I am somewhat interested in politics.. Question: Do you think the federal government should be doing more about the opioid drug addiction issue, should be doing less, or is it currently doing the right amount?

Answer choices:
1. Should be doing more 2. Should be doing less 3. Is doing the right amount

When answering, respond ONLY with a single number that corresponds to the option you choose. Do not include any additional text, punctuation or explanation.

My answer is
",1
fake_204,2,5,5,2,-2,2,1,"Today is November 5, 2024. Racially, I am black. Ideologically, I am slightly conservative. Politically, I am an independent who leans Republican. I do not attend church. I am a woman. I am very interested in politics.. Question: Do you think the federal government should be doing more about the opioid drug addiction issue, should be doing less, or is it currently doing the right amount?

Answer choices:
1. Should be doing more 2. Should be doing less 3. Is doing the right amount

When answering, respond ONLY with a single number that corresponds to the option you choose. Do not include any additional text, punctuation or explanation.

My answer is
",1
fake_205,1,2,2,2,43,1,2,"Today is November 5, 2024. Racially, I am white. Ideologically, I am liberal. Politically, I am a weak Democrat. I do not attend church. I am 43 years old. I am a man. I am somewhat interested in politics.. Question: Do you think the federal government should be doing more about the opioid drug addiction issue, should be doing less, or is it currently doing the right amount?

Answer choices:
1. Should be doing more 2. Should be doing less 3. Is doing the right amount

When answering, respond ONLY with a single number that corresponds to the option you choose. Do not include any additional text, punctuation or explanation.

My answer is
",1
fake_206,1,99,7,2,71,1,2,"Today is November 5, 2024. Racially, I am white. Politically, I am a strong Republican. I do not attend church. I am 71 years old. I am a man. I am somewhat interested in politics.. Question: Do you think the federal government should be doing more about the opioid drug addiction issue, should be doing less, or is it currently doing the right amount?

Answer choices:
1. Should be doing more 2. Should be doing less 3. Is doing the right amount

When answering, respond ONLY with a single number that corresponds to the option you choose. Do not include any additional text, punctuation or explanation.

My answer is
",1
fake_207,1,7,2,1,73,2,3,"Today is November 5, 2024. Racially, I am white. Ideologically, I am extremely conservative. Politically, I am a weak Democrat. I attend church. I am 73 years old. I am a woman. I am not very interested in politics.. Question: Do you think the federal government should be doing more about the opioid drug addiction issue, should be doing less, or is it currently doing the right amount?

Answer choices:
1. Should be doing more 2. Should be doing less 3. Is doing the right amount

When answering, respond ONLY with a single number that corresponds to the option you choose. Do not include any additional text, punctuation or explanation.

My answer is
",1
fake_208,1,6,5,2,75,-9,1,"Today is November 5, 2024. Racially, I am white. Ideologically, I am conservative. Politically, I am an independent who leans Republican. I do not attend church. I am 75 years old. I am very interested in politics.. Question: Do you think the federal government should be doing more about the opioid drug addiction issue, should be doing less, or is it currently doing the right amount?

Answer choices:
1. Should be doing more 2. Should be doing less 3. Is doing the right amount

When answering, respond ONLY with a single number that corresponds to the option you choose. Do not include any additional text, punctuation or explanation.

My answer is
",1
fake_209,6,6,5,2,58,2,2,"Today is November 5, 2024. Ideologically, I am conservative. Politically, I am an independent who leans Republican. I do not attend church. I am 58 years old. I am a woman. I am somewhat interested in politics.. Question: Do you think the federal government should be doing more about the opioid drug addiction issue, should be doing less, or is it currently doing the right amount?

Answer choices:
1. Should be doing more 2. Should be doing less 3. Is doing the right amount

When answering, respond ONLY with a single number that corresponds to the option you choose. Do not include any additional text, punctuation or explanation.

My answer is
",1
fake_210,2,6,7,1,65,2,2,"Today is November 5, 2024. Racially, I am black. Ideologically, I am conservative. Politically, I am a strong Republican. I attend church. I am 65 years old. I am a woman. I am somewhat interested in politics.. Question: Do you think the federal government should be doing more about the opioid drug addiction issue, should be doing less, or is it currently doing the right amount?

Answer choices:
1. Should be doing more 2. Should be doing less 3. Is doing the right amount

When answering, respond ONLY with a single number that corresponds to the option you choose. Do not include any additional text, punctuation or explanation.

My answer is
",1
fake_211,1,4,1,2,80,1,2,"Today is November 5, 2024. Racially, I am white. Ideologically, I am moderate. Politically, I am a strong democrat. I do not attend church. I am 80 years old. I am a man. I am somewhat interested in politics.. Question: Do you think the federal government should be doing more about the opioid drug addiction issue, should be doing less, or is it currently doing the right amount?

Answer choices:
1. Should be doing more 2. Should be doing less 3. Is doing the right amount

When answering, respond ONLY with a single number that corresponds to the option you choose. Do not include any additional text, punctuation or explanation.

My answer is
",1
fake_212,1,6,5,1,38,1,-6,"Today is November 5, 2024. Racially, I am white. Ideologically, I am conservative. Politically, I am an independent who leans Republican. I attend church. I am 38 years old. I am a man.. Question: Do you think the federal government should be doing more about the opioid drug addiction issue, should be doing less, or is it currently doing the right amount?

Answer choices:
1. Should be doing more 2. Should be doing less 3. Is doing the right amount

When answering, respond ONLY with a single number that corresponds to the option you choose. Do not include any additional text, punctuation or explanation.

My answer is
",1
fake_213,1,4,5,2,31,2,2,"Today is November 5, 2024. Racially, I am white. Ideologically, I am moderate. Politically, I am an independent who leans Republican. I do not attend church. I am 31 years old. I am a woman. I am somewhat interested in politics.. Question: Do you think the federal government should be doing more about the opioid drug addiction issue, should be doing less, or is it currently doing the right amount?

Answer choices:
1. Should be doing more 2. Should be doing less 3. Is doing the right amount

When answering, respond ONLY with a single number that corresponds to the option you choose. Do not include any additional text, punctuation or explanation.

My answer is
",1
fake_214,1,6,3,2,44,2,4,"Today is November 5, 2024. Racially, I am white. Ideologically, I am conservative. Politically, I am an independent who leans Democratic. I do not attend church. I am 44 years old. I am a woman. I am not at all interested in politics.. Question: Do you think the federal government should be doing more about the opioid drug addiction issue, should be doing less, or is it currently doing the right amount?

Answer choices:
1. Should be doing more 2. Should be doing less 3. Is doing the right amount

When answering, respond ONLY with a single number that corresponds to the option you choose. Do not include any additional text, punctuation or explanation.

My answer is
",1
fake_215,1,99,5,1,74,2,1,"Today is November 5, 2024. Racially, I am white. Politically, I am an independent who leans Republican. I attend church. I am 74 years old. I am a woman. I am very interested in politics.. Question: Do you think the federal government should be doing more about the opioid drug addiction issue, should be doing less, or is it currently doing the right amount?

Answer choices:
1. Should be doing more 2. Should be doing less 3. Is doing the right amount

When answering, respond ONLY with a single number that corresponds to the option you choose. Do not include any additional text, punctuation or explanation.

My answer is
",1
fake_216,1,2,1,1,30,2,-6,"Today is November 5, 2024. Racially, I am white. Ideologically, I am liberal. Politically, I am a strong democrat. I attend church. I am 30 years old. I am a woman.. Question: Do you think the federal government should be doing more about the opioid drug addiction issue, should be doing less, or is it currently doing the right amount?

Answer choices:
1. Should be doing more 2. Should be doing less 3. Is doing the right amount

When answering, respond ONLY with a single number that corresponds to the option you choose. Do not include any additional text, punctuation or explanation.

My answer is
",1
fake_217,1,1,1,1,20,2,2,"Today is November 5, 2024. Racially, I am white. Ideologically, I am extremely liberal. Politically, I am a strong democrat. I attend church. I am 20 years old. I am a woman. I am somewhat interested in politics.. Question: Do you think the federal government should be doing more about the opioid drug addiction issue, should be doing less, or is it currently doing the right amount?

Answer choices:
1. Should be doing more 2. Should be doing less 3. Is doing the right amount

When answering, respond ONLY with a single number that corresponds to the option you choose. Do not include any additional text, punctuation or explanation.

My answer is
",1
fake_218,4,1,-8,-1,38,2,2,"Today is November 5, 2024. Racially, I am asian. Ideologically, I am extremely liberal. I am 38 years old. I am a woman. I am somewhat interested in politics.. Question: Do you think the federal government should be doing more about the opioid drug addiction issue, should be doing less, or is it currently doing the right amount?

Answer choices:
1. Should be doing more 2. Should be doing less 3. Is doing the right amount

When answering, respond ONLY with a single number that corresponds to the option you choose. Do not include any additional text, punctuation or explanation.

My answer is
",1
fake_219,1,3,4,2,27,1,2,"Today is November 5, 2024. Racially, I am white. Ideologically, I am slightly liberal. Politically, I am an independent. I do not attend church. I am 27 years old. I am a man. I am somewhat interested in politics.. Question: Do you think the federal government should be doing more about the opioid drug addiction issue, should be doing less, or is it currently doing the right amount?

Answer choices:
1. Should be doing more 2. Should be doing less 3. Is doing the right amount

When answering, respond ONLY with a single number that corresponds to the option you choose. Do not include any additional text, punctuation or explanation.

My answer is
",1
fake_220,1,6,-9,1,41,1,2,"Today is November 5, 2024. Racially, I am white. Ideologically, I am conservative. I attend church. I am 41 years old. I am a man. I am somewhat interested in politics.. Question: Do you think the federal government should be doing more about the opioid drug addiction issue, should be doing less, or is it currently doing the right amount?

Answer choices:
1. Should be doing more 2. Should be doing less 3. Is doing the right amount

When answering, respond ONLY with a single number that corresponds to the option you choose. Do not include any additional text, punctuation or explanation.

My answer is
",1
fake_221,4,2,3,2,36,1,4,"Today is November 5, 2024. Racially, I am asian. Ideologically, I am liberal. Politically, I am an independent who leans Democratic. I do not attend church. I am 36 years old. I am a man. I am not at all interested in politics.. Question: Do you think the federal government should be doing more about the opioid drug addiction issue, should be doing less, or is it currently doing the right amount?

Answer choices:
1. Should be doing more 2. Should be doing less 3. Is doing the right amount

When answering, respond ONLY with a single number that corresponds to the option you choose. Do not include any additional text, punctuation or explanation.

My answer is
",1
fake_222,-9,4,7,1,53,1,2,"Today is November 5, 2024. Ideologically, I am moderate. Politically, I am a strong Republican. I attend church. I am 53 years old. I am a man. I am somewhat interested in politics.. Question: Do you think the federal government should be doing more about the opioid drug addiction issue, should be doing less, or is it currently doing the right amount?

Answer choices:
1. Should be doing more 2. Should be doing less 3. Is doing the right amount

When answering, respond ONLY with a single number that corresponds to the option you choose. Do not include any additional text, punctuation or explanation.

My answer is
",1
fake_223,1,4,6,2,28,1,2,"Today is November 5, 2024. Racially, I am white. Ideologically, I am moderate. Politically, I am a weak Republican. I do not attend church. I am 28 years old. I am a man. I am somewhat interested in politics.. Question: Do you think the federal government should be doing more about the opioid drug addiction issue, should be doing less, or is it currently doing the right amount?

Answer choices:
1. Should be doing more 2. Should be doing less 3. Is doing the right amount

When answering, respond ONLY with a single number that corresponds to the option you choose. Do not include any additional text, punctuation or explanation.

My answer is
",1
fake_224,1,6,7,2,61,2,-5,"Today is November 5, 2024. Racially, I am white. Ideologically, I am conservative. Politically, I am a strong Republican. I do not attend church. I am 61 years old. I am a woman.. Question: Do you think the federal government should be doing more about the opioid drug addiction issue, should be doing less, or is it currently doing the right amount?

Answer choices:
1. Should be doing more 2. Should be doing less 3. Is doing the right amount

When answering, respond ONLY with a single number that corresponds to the option you choose. Do not include any additional text, punctuation or explanation.

My answer is
",1
fake_225,1,6,1,1,62,1,2,"Today is November 5, 2024. Racially, I am white. Ideologically, I am conservative. Politically, I am a strong democrat. I attend church. I am 62 years old. I am a man. I am somewhat interested in politics.. Question: Do you think the federal government should be doing more about the opioid drug addiction issue, should be doing less, or is it currently doing the right amount?

Answer choices:
1. Should be doing more 2. Should be doing less 3. Is doing the right amount

When answering, respond ONLY with a single number that corresponds to the option you choose. Do not include any additional text, punctuation or explanation.

My answer is
",1
fake_226,3,4,3,2,55,2,2,"Today is November 5, 2024. Racially, I am hispanic. Ideologically, I am moderate. Politically, I am an independent who leans Democratic. I do not attend church. I am 55 years old. I am a woman. I am somewhat interested in politics.. Question: Do you think the federal government should be doing more about the opioid drug addiction issue, should be doing less, or is it currently doing the right amount?

Answer choices:
1. Should be doing more 2. Should be doing less 3. Is doing the right amount

When answering, respond ONLY with a single number that corresponds to the option you choose. Do not include any additional text, punctuation or explanation.

My answer is
",1
fake_227,1,4,1,2,32,2,2,"Today is November 5, 2024. Racially, I am white. Ideologically, I am moderate. Politically, I am a strong democrat. I do not attend church. I am 32 years old. I am a woman. I am somewhat interested in politics.. Question: Do you think the federal government should be doing more about the opioid drug addiction issue, should be doing less, or is it currently doing the right amount?

Answer choices:
1. Should be doing more 2. Should be doing less 3. Is doing the right amount

When answering, respond ONLY with a single number that corresponds to the option you choose. Do not include any additional text, punctuation or explanation.

My answer is
",1
fake_228,1,6,7,2,43,2,1,"Today is November 5, 2024. Racially, I am white. Ideologically, I am conservative. Politically, I am a strong Republican. I do not attend church. I am 43 years old. I am a woman. I am very interested in politics.. Question: Do you think the federal government should be doing more about the opioid drug addiction issue, should be doing less, or is it currently doing the right amount?

Answer choices:
1. Should be doing more 2. Should be doing less 3. Is doing the right amount

When answering, respond ONLY with a single number that corresponds to the option you choose. Do not include any additional text, punctuation or explanation.

My answer is
",2
fake_229,1,5,2,1,48,2,-6,"Today is November 5, 2024. Racially, I am white. Ideologically, I am slightly conservative. Politically, I am a weak Democrat. I attend church. I am 48 years old. I am a woman.. Question: Do you think the federal government should be doing more about the opioid drug addiction issue, should be doing less, or is it currently doing the right amount?

Answer choices:
1. Should be doing more 2. Should be doing less 3. Is doing the right amount

When answering, respond ONLY with a single number that corresponds to the option you choose. Do not include any additional text, punctuation or explanation.

My answer is
",1
fake_230,1,4,7,2,69,1,2,"Today is November 5, 2024. Racially, I am white. Ideologically, I am moderate. Politically, I am a strong Republican. I do not attend church. I am 69 years old. I am a man. I am somewhat interested in politics.. Question: Do you think the federal government should be doing more about the opioid drug addiction issue, should be doing less, or is it currently doing the right amount?

Answer choices:
1. Should be doing more 2. Should be doing less 3. Is doing the right amount

When answering, respond ONLY with a single number that corresponds to the option you choose. Do not include any additional text, punctuation or explanation.

My answer is
",1
fake_231,1,6,5,1,70,1,1,"Today is November 5, 2024. Racially, I am white. Ideologically, I am conservative. Politically, I am an independent who leans Republican. I attend church. I am 70 years old. I am a man. I am very interested in politics.. Question: Do you think the federal government should be doing more about the opioid drug addiction issue, should be doing less, or is it currently doing the right amount?

Answer choices:
1. Should be doing more 2. Should be doing less 3. Is doing the right amount

When answering, respond ONLY with a single number that corresponds to the option you choose. Do not include any additional text, punctuation or explanation.

My answer is
",1
fake_232,2,6,7,2,24,1,2,"Today is November 5, 2024. Racially, I am black. Ideologically, I am conservative. Politically, I am a strong Republican. I do not attend church. I am 24 years old. I am a man. I am somewhat interested in politics.. Question: Do you think the federal government should be doing more about the opioid drug addiction issue, should be doing less, or is it currently doing the right amount?

Answer choices:
1. Should be doing more 2. Should be doing less 3. Is doing the right amount

When answering, respond ONLY with a single number that corresponds to the option you choose. Do not include any additional text, punctuation or explanation.

My answer is
",1
fake_233,-9,6,1,1,71,1,1,"Today is November 5, 2024. Ideologically, I am conservative. Politically, I am a strong democrat. I attend church. I am 71 years old. I am a man. I am very interested in politics.. Question: Do you think the federal government should be doing more about the opioid drug addiction issue, should be doing less, or is it currently doing the right amount?

Answer choices:
1. Should be doing more 2. Should be doing less 3. Is doing the right amount

When answering, respond ONLY with a single number that corresponds to the option you choose. Do not include any additional text, punctuation or explanation.

My answer is
",1
fake_234,1,6,1,1,66,1,2,"Today is November 5, 2024. Racially, I am white. Ideologically, I am conservative. Politically, I am a strong democrat. I attend church. I am 66 years old. I am a man. I am somewhat interested in politics.. Question: Do you think the federal government should be doing more about the opioid drug addiction issue, should be doing less, or is it currently doing the right amount?

Answer choices:
1. Should be doing more 2. Should be doing less 3. Is doing the right amount

When answering, respond ONLY with a single number that corresponds to the option you choose. Do not include any additional text, punctuation or explanation.

My answer is
",1
fake_235,1,2,6,1,50,2,2,"Today is November 5, 2024. Racially, I am white. Ideologically, I am liberal. Politically, I am a weak Republican. I attend church. I am 50 years old. I am a woman. I am somewhat interested in politics.. Question: Do you think the federal government should be doing more about the opioid drug addiction issue, should be doing less, or is it currently doing the right amount?

Answer choices:
1. Should be doing more 2. Should be doing less 3. Is doing the right amount

When answering, respond ONLY with a single number that corresponds to the option you choose. Do not include any additional text, punctuation or explanation.

My answer is
",1
fake_236,1,99,1,1,33,1,1,"Today is November 5, 2024. Racially, I am white. Politically, I am a strong democrat. I attend church. I am 33 years old. I am a man. I am very interested in politics.. Question: Do you think the federal government should be doing more about the opioid drug addiction issue, should be doing less, or is it currently doing the right amount?

Answer choices:
1. Should be doing more 2. Should be doing less 3. Is doing the right amount

When answering, respond ONLY with a single number that corresponds to the option you choose. Do not include any additional text, punctuation or explanation.

My answer is
",1
fake_237,1,1,2,1,32,1,3,"Today is November 5, 2024. Racially, I am white. Ideologically, I am extremely liberal. Politically, I am a weak Democrat. I attend church. I am 32 years old. I am a man. I am not very interested in politics.. Question: Do you think the federal government should be doing more about the opioid drug addiction issue, should be doing less, or is it currently doing the right amount?

Answer choices:
1. Should be doing more 2. Should be doing less 3. Is doing the right amount

When answering, respond ONLY with a single number that corresponds to the option you choose. Do not include any additional text, punctuation or explanation.

My answer is
",1
fake_238,1,6,4,2,39,1,2,"Today is November 5, 2024. Racially, I am white. Ideologically, I am conservative. Politically, I am an independent. I do not attend church. I am 39 years old. I am a man. I am somewhat interested in politics.. Question: Do you think the federal government should be doing more about the opioid drug addiction issue, should be doing less, or is it currently doing the right amount?

Answer choices:
1. Should be doing more 2. Should be doing less 3. Is doing the right amount

When answering, respond ONLY with a single number that corresponds to the option you choose. Do not include any additional text, punctuation or explanation.

My answer is
",1
fake_239,2,5,6,1,38,2,-6,"Today is November 5, 2024. Racially, I am black. Ideologically, I am slightly conservative. Politically, I am a weak Republican. I attend church. I am 38 years old. I am a woman.. Question: Do you think the federal government should be doing more about the opioid drug addiction issue, should be doing less, or is it currently doing the right amount?

Answer choices:
1. Should be doing more 2. Should be doing less 3. Is doing the right amount

When answering, respond ONLY with a single number that corresponds to the option you choose. Do not include any additional text, punctuation or explanation.

My answer is
",1
fake_240,1,4,6,2,40,1,3,"Today is November 5, 2024. Racially, I am white. Ideologically, I am moderate. Politically, I am a weak Republican. I do not attend church. I am 40 years old. I am a man. I am not very interested in politics.. Question: Do you think the federal government should be doing more about the opioid drug addiction issue, should be doing less, or is it currently doing the right amount?

Answer choices:
1. Should be doing more 2. Should be doing less 3. Is doing the right amount

When answering, respond ONLY with a single number that corresponds to the option you choose. Do not include any additional text, punctuation or explanation.

My answer is
",1
fake_241,1,2,1,2,25,1,2,"Today is November 5, 2024. Racially, I am white. Ideologically, I am liberal. Politically, I am a strong democrat. I do not attend church. I am 25 years old. I am a man. I am somewhat interested in politics.. Question: Do you think the federal government should be doing more about the opioid drug addiction issue, should be doing less, or is it currently doing the right amount?

Answer choices:
1. Should be doing more 2. Should be doing less 3. Is doing the right amount

When answering, respond ONLY with a single number that corresponds to the option you choose. Do not include any additional text, punctuation or explanation.

My answer is
",1
fake_242,1,99,1,1,63,1,2,"Today is November 5, 2024. Racially, I am white. Politically, I am a strong democrat. I attend church. I am 63 years old. I am a man. I am somewhat interested in politics.. Question: Do you think the federal government should be doing more about the opioid drug addiction issue, should be doing less, or is it currently doing the right amount?

Answer choices:
1. Should be doing more 2. Should be doing less 3. Is doing the right amount

When answering, respond ONLY with a single number that corresponds to the option you choose. Do not include any additional text, punctuation or explanation.

My answer is
",1
fake_243,5,4,6,2,39,2,2,"Today is November 5, 2024. Racially, I am native American. Ideologically, I am moderate. Politically, I am a weak Republican. I do not attend church. I am 39 years old. I am a woman. I am somewhat interested in politics.. Question: Do you think the federal government should be doing more about the opioid drug addiction issue, should be doing less, or is it currently doing the right amount?

Answer choices:
1. Should be doing more 2. Should be doing less 3. Is doing the right amount

When answering, respond ONLY with a single number that corresponds to the option you choose. Do not include any additional text, punctuation or explanation.

My answer is
",1
fake_244,2,5,1,2,39,1,-6,"Today is November 5, 2024. Racially, I am black. Ideologically, I am slightly conservative. Politically, I am a strong democrat. I do not attend church. I am 39 years old. I am a man.. Question: Do you think the federal government should be doing more about the opioid drug addiction issue, should be doing less, or is it currently doing the right amount?

Answer choices:
1. Should be doing more 2. Should be doing less 3. Is doing the right amount

When answering, respond ONLY with a single number that corresponds to the option you choose. Do not include any additional text, punctuation or explanation.

My answer is
",1
fake_245,1,3,5,2,65,1,2,"Today is November 5, 2024. Racially, I am white. Ideologically, I am slightly liberal. Politically, I am an independent who leans Republican. I do not attend church. I am 65 years old. I am a man. I am somewhat interested in politics.. Question: Do you think the federal government should be doing more about the opioid drug addiction issue, should be doing less, or is it currently doing the right amount?

Answer choices:
1. Should be doing more 2. Should be doing less 3. Is doing the right amount

When answering, respond ONLY with a single number that corresponds to the option you choose. Do not include any additional text, punctuation or explanation.

My answer is
",1
fake_246,1,2,5,2,66,2,2,"Today is November 5, 2024. Racially, I am white. Ideologically, I am liberal. Politically, I am an independent who leans Republican. I do not attend church. I am 66 years old. I am a woman. I am somewhat interested in politics.. Question: Do you think the federal government should be doing more about the opioid drug addiction issue, should be doing less, or is it currently doing the right amount?

Answer choices:
1. Should be doing more 2. Should be doing less 3. Is doing the right amount

When answering, respond ONLY with a single number that corresponds to the option you choose. Do not include any additional text, punctuation or explanation.

My answer is
",1
fake_247,1,4,1,2,39,1,-6,"Today is November 5, 2024. Racially, I am white. Ideologically, I am moderate. Politically, I am a strong democrat. I do not attend church. I am 39 years old. I am a man.. Question: Do you think the federal government should be doing more about the opioid drug addiction issue, should be doing less, or is it currently doing the right amount?

Answer choices:
1. Should be doing more 2. Should be doing less 3. Is doing the right amount

When answering, respond ONLY with a single number that corresponds to the option you choose. Do not include any additional text, punctuation or explanation.

My answer is
",1
fake_248,1,99,3,2,49,2,1,"Today is November 5, 2024. Racially, I am white. Politically, I am an independent who leans Democratic. I do not attend church. I am 49 years old. I am a woman. I am very interested in politics.. Question: Do you think the federal government should be doing more about the opioid drug addiction issue, should be doing less, or is it currently doing the right amount?

Answer choices:
1. Should be doing more 2. Should be doing less 3. Is doing the right amount

When answering, respond ONLY with a single number that corresponds to the option you choose. Do not include any additional text, punctuation or explanation.

My answer is
",1
fake_249,3,4,6,2,52,1,1,"Today is November 5, 2024. Racially, I am hispanic. Ideologically, I am moderate. Politically, I am a weak Republican. I do not attend church. I am 52 years old. I am a man. I am very interested in politics.. Question: Do you think the federal government should be doing more about the opioid drug addiction issue, should be doing less, or is it currently doing the right amount?

Answer choices:
1. Should be doing more 2. Should be doing less 3. Is doing the right amount

When answering, respond ONLY with a single number that corresponds to the option you choose. Do not include any additional text, punctuation or explanation.

My answer is
",1
fake_250,1,6,1,2,43,2,1,"Today is November 5, 2024. Racially, I am white. Ideologically, I am conservative. Politically, I am a strong democrat. I do not attend church. I am 43 years old. I am a woman. I am very interested in politics.. Question: Do you think the federal government should be doing more about the opioid drug addiction issue, should be doing less, or is it currently doing the right amount?

Answer choices:
1. Should be doing more 2. Should be doing less 3. Is doing the right amount

When answering, respond ONLY with a single number that corresponds to the option you choose. Do not include any additional text, punctuation or explanation.

My answer is
",1
fake_251,1,6,1,1,44,1,2,"Today is November 5, 2024. Racially, I am white. Ideologically, I am conservative. Politically, I am a strong democrat. I attend church. I am 44 years old. I am a man. I am somewhat interested in politics.. Question: Do you think the federal government should be doing more about the opioid drug addiction issue, should be doing less, or is it currently doing the right amount?

Answer choices:
1. Should be doing more 2. Should be doing less 3. Is doing the right amount

When answering, respond ONLY with a single number that corresponds to the option you choose. Do not include any additional text, punctuation or explanation.

My answer is
",1
fake_252,1,5,2,1,33,1,2,"Today is November 5, 2024. Racially, I am white. Ideologically, I am slightly conservative. Politically, I am a weak Democrat. I attend church. I am 33 years old. I am a man. I am somewhat interested in politics.. Question: Do you think the federal government should be doing more about the opioid drug addiction issue, should be doing less, or is it currently doing the right amount?

Answer choices:
1. Should be doing more 2. Should be doing less 3. Is doing the right amount

When answering, respond ONLY with a single number that corresponds to the option you choose. Do not include any additional text, punctuation or explanation.

My answer is
",1
fake_253,1,99,6,1,37,2,1,"Today is November 5, 2024. Racially, I am white. Politically, I am a weak Republican. I attend church. I am 37 years old. I am a woman. I am very interested in politics.. Question: Do you think the federal government should be doing more about the opioid drug addiction issue, should be doing less, or is it currently doing the right amount?

Answer choices:
1. Should be doing more 2. Should be doing less 3. Is doing the right amount

When answering, respond ONLY with a single number that corresponds to the option you choose. Do not include any additional text, punctuation or explanation.

My answer is
",1
fake_254,1,2,4,2,64,1,2,"Today is November 5, 2024. Racially, I am white. Ideologically, I am liberal. Politically, I am an independent. I do not attend church. I am 64 years old. I am a man. I am somewhat interested in politics.. Question: Do you think the federal government should be doing more about the opioid drug addiction issue, should be doing less, or is it currently doing the right amount?

Answer choices:
1. Should be doing more 2. Should be doing less 3. Is doing the right amount

When answering, respond ONLY with a single number that corresponds to the option you choose. Do not include any additional text, punctuation or explanation.

My answer is
",1
fake_255,1,5,5,1,64,-9,3,"Today is November 5, 2024. Racially, I am white. Ideologically, I am slightly conservative. Politically, I am an independent who leans Republican. I attend church. I am 64 years old. I am not very interested in politics.. Question: Do you think the federal government should be doing more about the opioid drug addiction issue, should be doing less, or is it currently doing the right amount?

Answer choices:
1. Should be doing more 2. Should be doing less 3. Is doing the right amount

When answering, respond ONLY with a single number that corresponds to the option you choose. Do not include any additional text, punctuation or explanation.

My answer is
",1
fake_256,2,99,6,2,72,1,2,"Today is November 5, 2024. Racially, I am black. Politically, I am a weak Republican. I do not attend church. I am 72 years old. I am a man. I am somewhat interested in politics.. Question: Do you think the federal government should be doing more about the opioid drug addiction issue, should be doing less, or is it currently doing the right amount?

Answer choices:
1. Should be doing more 2. Should be doing less 3. Is doing the right amount

When answering, respond ONLY with a single number that corresponds to the option you choose. Do not include any additional text, punctuation or explanation.

My answer is
",1
fake_257,1,99,1,2,66,2,2,"Today is November 5, 2024. Racially, I am white. Politically, I am a strong democrat. I do not attend church. I am 66 years old. I am a woman. I am somewhat interested in politics.. Question: Do you think the federal government should be doing more about the opioid drug addiction issue, should be doing less, or is it currently doing the right amount?

Answer choices:
1. Should be doing more 2. Should be doing less 3. Is doing the right amount

When answering, respond ONLY with a single number that corresponds to the option you choose. Do not include any additional text, punctuation or explanation.

My answer is
",1
fake_258,1,6,7,2,-2,1,2,"Today is November 5, 2024. Racially, I am white. Ideologically, I am conservative. Politically, I am a strong Republican. I do not attend church. I am a man. I am somewhat interested in politics.. Question: Do you think the federal government should be doing more about the opioid drug addiction issue, should be doing less, or is it currently doing the right amount?

Answer choices:
1. Should be doing more 2. Should be doing less 3. Is doing the right amount

When answering, respond ONLY with a single number that corresponds to the option you choose. Do not include any additional text, punctuation or explanation.

My answer is
",1
fake_259,1,6,5,2,62,1,1,"Today is November 5, 2024. Racially, I am white. Ideologically, I am conservative. Politically, I am an independent who leans Republican. I do not attend church. I am 62 years old. I am a man. I am very interested in politics.. Question: Do you think the federal government should be doing more about the opioid drug addiction issue, should be doing less, or is it currently doing the right amount?

Answer choices:
1. Should be doing more 2. Should be doing less 3. Is doing the right amount

When answering, respond ONLY with a single number that corresponds to the option you choose. Do not include any additional text, punctuation or explanation.

My answer is
",1
fake_260,3,2,7,-1,35,2,2,"Today is November 5, 2024. Racially, I am hispanic. Ideologically, I am liberal. Politically, I am a strong Republican. I am 35 years old. I am a woman. I am somewhat interested in politics.. Question: Do you think the federal government should be doing more about the opioid drug addiction issue, should be doing less, or is it currently doing the right amount?

Answer choices:
1. Should be doing more 2. Should be doing less 3. Is doing the right amount

When answering, respond ONLY with a single number that corresponds to the option you choose. Do not include any additional text, punctuation or explanation.

My answer is
",1
fake_261,1,99,7,2,53,1,1,"Today is November 5, 2024. Racially, I am white. Politically, I am a strong Republican. I do not attend church. I am 53 years old. I am a man. I am very interested in politics.. Question: Do you think the federal government should be doing more about the opioid drug addiction issue, should be doing less, or is it currently doing the right amount?

Answer choices:
1. Should be doing more 2. Should be doing less 3. Is doing the right amount

When answering, respond ONLY with a single number that corresponds to the option you choose. Do not include any additional text, punctuation or explanation.

My answer is
",1
fake_262,1,6,5,1,40,1,2,"Today is November 5, 2024. Racially, I am white. Ideologically, I am conservative. Politically, I am an independent who leans Republican. I attend church. I am 40 years old. I am a man. I am somewhat interested in politics.. Question: Do you think the federal government should be doing more about the opioid drug addiction issue, should be doing less, or is it currently doing the right amount?

Answer choices:
1. Should be doing more 2. Should be doing less 3. Is doing the right amount

When answering, respond ONLY with a single number that corresponds to the option you choose. Do not include any additional text, punctuation or explanation.

My answer is
",1
fake_263,1,99,3,2,53,1,2,"Today is November 5, 2024. Racially, I am white. Politically, I am an independent who leans Democratic. I do not attend church. I am 53 years old. I am a man. I am somewhat interested in politics.. Question: Do you think the federal government should be doing more about the opioid drug addiction issue, should be doing less, or is it currently doing the right amount?

Answer choices:
1. Should be doing more 2. Should be doing less 3. Is doing the right amount

When answering, respond ONLY with a single number that corresponds to the option you choose. Do not include any additional text, punctuation or explanation.

My answer is
",1
fake_264,1,7,7,2,30,2,2,"Today is November 5, 2024. Racially, I am white. Ideologically, I am extremely conservative. Politically, I am a strong Republican. I do not attend church. I am 30 years old. I am a woman. I am somewhat interested in politics.. Question: Do you think the federal government should be doing more about the opioid drug addiction issue, should be doing less, or is it currently doing the right amount?

Answer choices:
1. Should be doing more 2. Should be doing less 3. Is doing the right amount

When answering, respond ONLY with a single number that corresponds to the option you choose. Do not include any additional text, punctuation or explanation.

My answer is
",2
fake_265,1,4,1,1,60,2,-6,"Today is November 5, 2024. Racially, I am white. Ideologically, I am moderate. Politically, I am a strong democrat. I attend church. I am 60 years old. I am a woman.. Question: Do you think the federal government should be doing more about the opioid drug addiction issue, should be doing less, or is it currently doing the right amount?

Answer choices:
1. Should be doing more 2. Should be doing less 3. Is doing the right amount

When answering, respond ONLY with a single number that corresponds to the option you choose. Do not include any additional text, punctuation or explanation.

My answer is
",1
fake_266,1,3,7,1,66,2,-6,"Today is November 5, 2024. Racially, I am white. Ideologically, I am slightly liberal. Politically, I am a strong Republican. I attend church. I am 66 years old. I am a woman.. Question: Do you think the federal government should be doing more about the opioid drug addiction issue, should be doing less, or is it currently doing the right amount?

Answer choices:
1. Should be doing more 2. Should be doing less 3. Is doing the right amount

When answering, respond ONLY with a single number that corresponds to the option you choose. Do not include any additional text, punctuation or explanation.

My answer is
",1
fake_267,1,4,5,2,56,2,2,"Today is November 5, 2024. Racially, I am white. Ideologically, I am moderate. Politically, I am an independent who leans Republican. I do not attend church. I am 56 years old. I am a woman. I am somewhat interested in politics.. Question: Do you think the federal government should be doing more about the opioid drug addiction issue, should be doing less, or is it currently doing the right amount?

Answer choices:
1. Should be doing more 2. Should be doing less 3. Is doing the right amount

When answering, respond ONLY with a single number that corresponds to the option you choose. Do not include any additional text, punctuation or explanation.

My answer is
",1
fake_268,2,5,7,2,29,2,2,"Today is November 5, 2024. Racially, I am black. Ideologically, I am slightly conservative. Politically, I am a strong Republican. I do not attend church. I am 29 years old. I am a woman. I am somewhat interested in politics.. Question: Do you think the federal government should be doing more about the opioid drug addiction issue, should be doing less, or is it currently doing the right amount?

Answer choices:
1. Should be doing more 2. Should be doing less 3. Is doing the right amount

When answering, respond ONLY with a single number that corresponds to the option you choose. Do not include any additional text, punctuation or explanation.

My answer is
",1
fake_269,1,4,3,2,64,1,1,"Today is November 5, 2024. Racially, I am white. Ideologically, I am moderate. Politically, I am an independent who leans Democratic. I do not attend church. I am 64 years old. I am a man. I am very interested in politics.. Question: Do you think the federal government should be doing more about the opioid drug addiction issue, should be doing less, or is it currently doing the right amount?

Answer choices:
1. Should be doing more 2. Should be doing less 3. Is doing the right amount

When answering, respond ONLY with a single number that corresponds to the option you choose. Do not include any additional text, punctuation or explanation.

My answer is
",1
fake_270,1,6,5,2,32,1,2,"Today is November 5, 2024. Racially, I am white. Ideologically, I am conservative. Politically, I am an independent who leans Republican. I do not attend church. I am 32 years old. I am a man. I am somewhat interested in politics.. Question: Do you think the federal government should be doing more about the opioid drug addiction issue, should be doing less, or is it currently doing the right amount?

Answer choices:
1. Should be doing more 2. Should be doing less 3. Is doing the right amount

When answering, respond ONLY with a single number that corresponds to the option you choose. Do not include any additional text, punctuation or explanation.

My answer is
",1
fake_271,3,2,1,2,23,2,2,"Today is November 5, 2024. Racially, I am hispanic. Ideologically, I am liberal. Politically, I am a strong democrat. I do not attend church. I am 23 years old. I am a woman. I am somewhat interested in politics.. Question: Do you think the federal government should be doing more about the opioid drug addiction issue, should be doing less, or is it currently doing the right amount?

Answer choices:
1. Should be doing more 2. Should be doing less 3. Is doing the right amount

When answering, respond ONLY with a single number that corresponds to the option you choose. Do not include any additional text, punctuation or explanation.

My answer is
",1
fake_272,1,4,6,2,76,1,3,"Today is November 5, 2024. Racially, I am white. Ideologically, I am moderate. Politically, I am a weak Republican. I do not attend church. I am 76 years old. I am a man. I am not very interested in politics.. Question: Do you think the federal government should be doing more about the opioid drug addiction issue, should be doing less, or is it currently doing the right amount?

Answer choices:
1. Should be doing more 2. Should be doing less 3. Is doing the right amount

When answering, respond ONLY with a single number that corresponds to the option you choose. Do not include any additional text, punctuation or explanation.

My answer is
",1
fake_273,3,99,6,2,46,1,1,"Today is November 5, 2024. Racially, I am hispanic. Politically, I am a weak Republican. I do not attend church. I am 46 years old. I am a man. I am very interested in politics.. Question: Do you think the federal government should be doing more about the opioid drug addiction issue, should be doing less, or is it currently doing the right amount?

Answer choices:
1. Should be doing more 2. Should be doing less 3. Is doing the right amount

When answering, respond ONLY with a single number that corresponds to the option you choose. Do not include any additional text, punctuation or explanation.

My answer is
",1
fake_274,4,4,4,2,80,1,2,"Today is November 5, 2024. Racially, I am asian. Ideologically, I am moderate. Politically, I am an independent. I do not attend church. I am 80 years old. I am a man. I am somewhat interested in politics.. Question: Do you think the federal government should be doing more about the opioid drug addiction issue, should be doing less, or is it currently doing the right amount?

Answer choices:
1. Should be doing more 2. Should be doing less 3. Is doing the right amount

When answering, respond ONLY with a single number that corresponds to the option you choose. Do not include any additional text, punctuation or explanation.

My answer is
",1
fake_275,1,6,1,2,-2,1,2,"Today is November 5, 2024. Racially, I am white. Ideologically, I am conservative. Politically, I am a strong democrat. I do not attend church. I am a man. I am somewhat interested in politics.. Question: Do you think the federal government should be doing more about the opioid drug addiction issue, should be doing less, or is it currently doing the right amount?

Answer choices:
1. Should be doing more 2. Should be doing less 3. Is doing the right amount

When answering, respond ONLY with a single number that corresponds to the option you choose. Do not include any additional text, punctuation or explanation.

My answer is
",1
fake_276,2,4,6,2,78,1,2,"Today is November 5, 2024. Racially, I am black. Ideologically, I am moderate. Politically, I am a weak Republican. I do not attend church. I am 78 years old. I am a man. I am somewhat interested in politics.. Question: Do you think the federal government should be doing more about the opioid drug addiction issue, should be doing less, or is it currently doing the right amount?

Answer choices:
1. Should be doing more 2. Should be doing less 3. Is doing the right amount

When answering, respond ONLY with a single number that corresponds to the option you choose. Do not include any additional text, punctuation or explanation.

My answer is
",1
fake_277,1,4,3,1,67,1,2,"Today is November 5, 2024. Racially, I am white. Ideologically, I am moderate. Politically, I am an independent who leans Democratic. I attend church. I am 67 years old. I am a man. I am somewhat interested in politics.. Question: Do you think the federal government should be doing more about the opioid drug addiction issue, should be doing less, or is it currently doing the right amount?

Answer choices:
1. Should be doing more 2. Should be doing less 3. Is doing the right amount

When answering, respond ONLY with a single number that corresponds to the option you choose. Do not include any additional text, punctuation or explanation.

My answer is
",1
fake_278,1,3,1,2,-2,1,4,"Today is November 5, 2024. Racially, I am white. Ideologically, I am slightly liberal. Politically, I am a strong democrat. I do not attend church. I am a man. I am not at all interested in politics.. Question: Do you think the federal government should be doing more about the opioid drug addiction issue, should be doing less, or is it currently doing the right amount?

Answer choices:
1. Should be doing more 2. Should be doing less 3. Is doing the right amount

When answering, respond ONLY with a single number that corresponds to the option you choose. Do not include any additional text, punctuation or explanation.

My answer is
",1
fake_279,1,1,3,1,30,2,1,"Today is November 5, 2024. Racially, I am white. Ideologically, I am extremely liberal. Politically, I am an independent who leans Democratic. I attend church. I am 30 years old. I am a woman. I am very interested in politics.. Question: Do you think the federal government should be doing more about the opioid drug addiction issue, should be doing less, or is it currently doing the right amount?

Answer choices:
1. Should be doing more 2. Should be doing less 3. Is doing the right amount

When answering, respond ONLY with a single number that corresponds to the option you choose. Do not include any additional text, punctuation or explanation.

My answer is
",1
fake_280,1,4,1,1,57,2,4,"Today is November 5, 2024. Racially, I am white. Ideologically, I am moderate. Politically, I am a strong democrat. I attend church. I am 57 years old. I am a woman. I am not at all interested in politics.. Question: Do you think the federal government should be doing more about the opioid drug addiction issue, should be doing less, or is it currently doing the right amount?

Answer choices:
1. Should be doing more 2. Should be doing less 3. Is doing the right amount

When answering, respond ONLY with a single number that corresponds to the option you choose. Do not include any additional text, punctuation or explanation.

My answer is
",1
fake_281,1,99,3,-9,37,2,2,"Today is November 5, 2024. Racially, I am white. Politically, I am an independent who leans Democratic. I am 37 years old. I am a woman. I am somewhat interested in politics.. Question: Do you think the federal government should be doing more about the opioid drug addiction issue, should be doing less, or is it currently doing the right amount?

Answer choices:
1. Should be doing more 2. Should be doing less 3. Is doing the right amount

When answering, respond ONLY with a single number that corresponds to the option you choose. Do not include any additional text, punctuation or explanation.

My answer is
",1
fake_282,1,3,1,1,29,2,2,"Today is November 5, 2024. Racially, I am white. Ideologically, I am slightly liberal. Politically, I am a strong democrat. I attend church. I am 29 years old. I am a woman. I am somewhat interested in politics.. Question: Do you think the federal government should be doing more about the opioid drug addiction issue, should be doing less, or is it currently doing the right amount?

Answer choices:
1. Should be doing more 2. Should be doing less 3. Is doing the right amount

When answering, respond ONLY with a single number that corresponds to the option you choose. Do not include any additional text, punctuation or explanation.

My answer is
",1
fake_283,3,2,2,1,79,1,2,"Today is November 5, 2024. Racially, I am hispanic. Ideologically, I am liberal. Politically, I am a weak Democrat. I attend church. I am 79 years old. I am a man. I am somewhat interested in politics.. Question: Do you think the federal government should be doing more about the opioid drug addiction issue, should be doing less, or is it currently doing the right amount?

Answer choices:
1. Should be doing more 2. Should be doing less 3. Is doing the right amount

When answering, respond ONLY with a single number that corresponds to the option you choose. Do not include any additional text, punctuation or explanation.

My answer is
",1
fake_284,5,6,7,2,66,2,2,"Today is November 5, 2024. Racially, I am native American. Ideologically, I am conservative. Politically, I am a strong Republican. I do not attend church. I am 66 years old. I am a woman. I am somewhat interested in politics.. Question: Do you think the federal government should be doing more about the opioid drug addiction issue, should be doing less, or is it currently doing the right amount?

Answer choices:
1. Should be doing more 2. Should be doing less 3. Is doing the right amount

When answering, respond ONLY with a single number that corresponds to the option you choose. Do not include any additional text, punctuation or explanation.

My answer is
",1
fake_285,1,6,4,1,-2,1,2,"Today is November 5, 2024. Racially, I am white. Ideologically, I am conservative. Politically, I am an independent. I attend church. I am a man. I am somewhat interested in politics.. Question: Do you think the federal government should be doing more about the opioid drug addiction issue, should be doing less, or is it currently doing the right amount?

Answer choices:
1. Should be doing more 2. Should be doing less 3. Is doing the right amount

When answering, respond ONLY with a single number that corresponds to the option you choose. Do not include any additional text, punctuation or explanation.

My answer is
",1
fake_286,3,7,7,1,74,1,3,"Today is November 5, 2024. Racially, I am hispanic. Ideologically, I am extremely conservative. Politically, I am a strong Republican. I attend church. I am 74 years old. I am a man. I am not very interested in politics.. Question: Do you think the federal government should be doing more about the opioid drug addiction issue, should be doing less, or is it currently doing the right amount?

Answer choices:
1. Should be doing more 2. Should be doing less 3. Is doing the right amount

When answering, respond ONLY with a single number that corresponds to the option you choose. Do not include any additional text, punctuation or explanation.

My answer is
",2
fake_287,6,7,1,2,42,2,2,"Today is November 5, 2024. Ideologically, I am extremely conservative. Politically, I am a strong democrat. I do not attend church. I am 42 years old. I am a woman. I am somewhat interested in politics.. Question: Do you think the federal government should be doing more about the opioid drug addiction issue, should be doing less, or is it currently doing the right amount?

Answer choices:
1. Should be doing more 2. Should be doing less 3. Is doing the right amount

When answering, respond ONLY with a single number that corresponds to the option you choose. Do not include any additional text, punctuation or explanation.

My answer is
",1
fake_288,1,4,4,2,65,2,3,"Today is November 5, 2024. Racially, I am white. Ideologically, I am moderate. Politically, I am an independent. I do not attend church. I am 65 years old. I am a woman. I am not very interested in politics.. Question: Do you think the federal government should be doing more about the opioid drug addiction issue, should be doing less, or is it currently doing the right amount?

Answer choices:
1. Should be doing more 2. Should be doing less 3. Is doing the right amount

When answering, respond ONLY with a single number that corresponds to the option you choose. Do not include any additional text, punctuation or explanation.

My answer is
",1
fake_289,1,4,7,2,70,2,3,"Today is November 5, 2024. Racially, I am white. Ideologically, I am moderate. Politically, I am a strong Republican. I do not attend church. I am 70 years old. I am a woman. I am not very interested in politics.. Question: Do you think the federal government should be doing more about the opioid drug addiction issue, should be doing less, or is it currently doing the right amount?

Answer choices:
1. Should be doing more 2. Should be doing less 3. Is doing the right amount

When answering, respond ONLY with a single number that corresponds to the option you choose. Do not include any additional text, punctuation or explanation.

My answer is
",1
fake_290,1,99,5,2,61,2,-6,"Today is November 5, 2024. Racially, I am white. Politically, I am an independent who leans Republican. I do not attend church. I am 61 years old. I am a woman.. Question: Do you think the federal government should be doing more about the opioid drug addiction issue, should be doing less, or is it currently doing the right amount?

Answer choices:
1. Should be doing more 2. Should be doing less 3. Is doing the right amount

When answering, respond ONLY with a single number that corresponds to the option you choose. Do not include any additional text, punctuation or explanation.

My answer is
",1
fake_291,1,2,2,1,55,2,-6,"Today is November 5, 2024. Racially, I am white. Ideologically, I am liberal. Politically, I am a weak Democrat. I attend church. I am 55 years old. I am a woman.. Question: Do you think the federal government should be doing more about the opioid drug addiction issue, should be doing less, or is it currently doing the right amount?

Answer choices:
1. Should be doing more 2. Should be doing less 3. Is doing the right amount

When answering, respond ONLY with a single number that corresponds to the option you choose. Do not include any additional text, punctuation or explanation.

My answer is
",1
fake_292,1,7,7,1,44,2,2,"Today is November 5, 2024. Racially, I am white. Ideologically, I am extremely conservative. Politically, I am a strong Republican. I attend church. I am 44 years old. I am a woman. I am somewhat interested in politics.. Question: Do you think the federal government should be doing more about the opioid drug addiction issue, should be doing less, or is it currently doing the right amount?

Answer choices:
1. Should be doing more 2. Should be doing less 3. Is doing the right amount

When answering, respond ONLY with a single number that corresponds to the option you choose. Do not include any additional text, punctuation or explanation.

My answer is
",1
fake_293,3,4,5,1,43,2,1,"Today is November 5, 2024. Racially, I am hispanic. Ideologically, I am moderate. Politically, I am an independent who leans Republican. I attend church. I am 43 years old. I am a woman. I am very interested in politics.. Question: Do you think the federal government should be doing more about the opioid drug addiction issue, should be doing less, or is it currently doing the right amount?

Answer choices:
1. Should be doing more 2. Should be doing less 3. Is doing the right amount

When answering, respond ONLY with a single number that corresponds to the option you choose. Do not include any additional text, punctuation or explanation.

My answer is
",1
fake_294,1,7,3,1,40,2,4,"Today is November 5, 2024. Racially, I am white. Ideologically, I am extremely conservative. Politically, I am an independent who leans Democratic. I attend church. I am 40 years old. I am a woman. I am not at all interested in politics.. Question: Do you think the federal government should be doing more about the opioid drug addiction issue, should be doing less, or is it currently doing the right amount?

Answer choices:
1. Should be doing more 2. Should be doing less 3. Is doing the right amount

When answering, respond ONLY with a single number that corresponds to the option you choose. Do not include any additional text, punctuation or explanation.

My answer is
",1
fake_295,1,3,7,1,35,2,1,"Today is November 5, 2024. Racially, I am white. Ideologically, I am slightly liberal. Politically, I am a strong Republican. I attend church. I am 35 years old. I am a woman. I am very interested in politics.. Question: Do you think the federal government should be doing more about the opioid drug addiction issue, should be doing less, or is it currently doing the right amount?

Answer choices:
1. Should be doing more 2. Should be doing less 3. Is doing the right amount

When answering, respond ONLY with a single number that corresponds to the option you choose. Do not include any additional text, punctuation or explanation.

My answer is
",1
fake_296,1,5,3,2,67,1,4,"Today is November 5, 2024. Racially, I am white. Ideologically, I am slightly conservative. Politically, I am an independent who leans Democratic. I do not attend church. I am 67 years old. I am a man. I am not at all interested in politics.. Question: Do you think the federal government should be doing more about the opioid drug addiction issue, should be doing less, or is it currently doing the right amount?

Answer choices:
1. Should be doing more 2. Should be doing less 3. Is doing the right amount

When answering, respond ONLY with a single number that corresponds to the option you choose. Do not include any additional text, punctuation or explanation.

My answer is
",1
fake_297,1,3,1,-1,39,2,-6,"Today is November 5, 2024. Racially, I am white. Ideologically, I am slightly liberal. Politically, I am a strong democrat. I am 39 years old. I am a woman.. Question: Do you think the federal government should be doing more about the opioid drug addiction issue, should be doing less, or is it currently doing the right amount?

Answer choices:
1. Should be doing more 2. Should be doing less 3. Is doing the right amount

When answering, respond ONLY with a single number that corresponds to the option you choose. Do not include any additional text, punctuation or explanation.

My answer is
",1
fake_298,1,4,2,1,80,1,1,"Today is November 5, 2024. Racially, I am white. Ideologically, I am moderate. Politically, I am a weak Democrat. I attend church. I am 80 years old. I am a man. I am very interested in politics.. Question: Do you think the federal government should be doing more about the opioid drug addiction issue, should be doing less, or is it currently doing the right amount?

Answer choices:
1. Should be doing more 2. Should be doing less 3. Is doing the right amount

When answering, respond ONLY with a single number that corresponds to the option you choose. Do not include any additional text, punctuation or explanation.

My answer is
",1
fake_299,3,7,5,1,34,2,-6,"Today is November 5, 2024. Racially, I am hispanic. Ideologically, I am extremely conservative. Politically, I am an independent who leans Republican. I attend church. I am 34 years old. I am a woman.. Question: Do you think the federal government should be doing more about the opioid drug addiction issue, should be doing less, or is it currently doing the right amount?

Answer choices:
1. Should be doing more 2. Should be doing less 3. Is doing the right amount

When answering, respond ONLY with a single number that corresponds to the option you choose. Do not include any additional text, punctuation or explanation.

My answer is
",1
fake_300,2,4,1,1,71,2,2,"Today is November 5, 2024. Racially, I am black. Ideologically, I am moderate. Politically, I am a strong democrat. I attend church. I am 71 years old. I am a woman. I am somewhat interested in politics.. Question: Do you think the federal government should be doing more about the opioid drug addiction issue, should be doing less, or is it currently doing the right amount?

Answer choices:
1. Should be doing more 2. Should be doing less 3. Is doing the right amount

When answering, respond ONLY with a single number that corresponds to the option you choose. Do not include any additional text, punctuation or explanation.

My answer is
",1
fake_301,2,4,7,2,80,1,2,"Today is November 5, 2024. Racially, I am black. Ideologically, I am moderate. Politically, I am a strong Republican. I do not attend church. I am 80 years old. I am a man. I am somewhat interested in politics.. Question: Do you think the federal government should be doing more about the opioid drug addiction issue, should be doing less, or is it currently doing the right amount?

Answer choices:
1. Should be doing more 2. Should be doing less 3. Is doing the right amount

When answering, respond ONLY with a single number that corresponds to the option you choose. Do not include any additional text, punctuation or explanation.

My answer is
",1
fake_302,3,-9,5,2,51,1,1,"Today is November 5, 2024. Racially, I am hispanic. Politically, I am an independent who leans Republican. I do not attend church. I am 51 years old. I am a man. I am very interested in politics.. Question: Do you think the federal government should be doing more about the opioid drug addiction issue, should be doing less, or is it currently doing the right amount?

Answer choices:
1. Should be doing more 2. Should be doing less 3. Is doing the right amount

When answering, respond ONLY with a single number that corresponds to the option you choose. Do not include any additional text, punctuation or explanation.

My answer is
",1
fake_303,3,4,1,2,69,1,1,"Today is November 5, 2024. Racially, I am hispanic. Ideologically, I am moderate. Politically, I am a strong democrat. I do not attend church. I am 69 years old. I am a man. I am very interested in politics.. Question: Do you think the federal government should be doing more about the opioid drug addiction issue, should be doing less, or is it currently doing the right amount?

Answer choices:
1. Should be doing more 2. Should be doing less 3. Is doing the right amount

When answering, respond ONLY with a single number that corresponds to the option you choose. Do not include any additional text, punctuation or explanation.

My answer is
",1
fake_304,6,3,7,1,76,1,2,"Today is November 5, 2024. Ideologically, I am slightly liberal. Politically, I am a strong Republican. I attend church. I am 76 years old. I am a man. I am somewhat interested in politics.. Question: Do you think the federal government should be doing more about the opioid drug addiction issue, should be doing less, or is it currently doing the right amount?

Answer choices:
1. Should be doing more 2. Should be doing less 3. Is doing the right amount

When answering, respond ONLY with a single number that corresponds to the option you choose. Do not include any additional text, punctuation or explanation.

My answer is
",1
fake_305,1,4,2,2,50,2,-6,"Today is November 5, 2024. Racially, I am white. Ideologically, I am moderate. Politically, I am a weak Democrat. I do not attend church. I am 50 years old. I am a woman.. Question: Do you think the federal government should be doing more about the opioid drug addiction issue, should be doing less, or is it currently doing the right amount?

Answer choices:
1. Should be doing more 2. Should be doing less 3. Is doing the right amount

When answering, respond ONLY with a single number that corresponds to the option you choose. Do not include any additional text, punctuation or explanation.

My answer is
",1
fake_306,1,3,7,2,44,1,4,"Today is November 5, 2024. Racially, I am white. Ideologically, I am slightly liberal. Politically, I am a strong Republican. I do not attend church. I am 44 years old. I am a man. I am not at all interested in politics.. Question: Do you think the federal government should be doing more about the opioid drug addiction issue, should be doing less, or is it currently doing the right amount?

Answer choices:
1. Should be doing more 2. Should be doing less 3. Is doing the right amount

When answering, respond ONLY with a single number that corresponds to the option you choose. Do not include any additional text, punctuation or explanation.

My answer is
",1
fake_307,-9,4,6,2,49,1,-6,"Today is November 5, 2024. Ideologically, I am moderate. Politically, I am a weak Republican. I do not attend church. I am 49 years old. I am a man.. Question: Do you think the federal government should be doing more about the opioid drug addiction issue, should be doing less, or is it currently doing the right amount?

Answer choices:
1. Should be doing more 2. Should be doing less 3. Is doing the right amount

When answering, respond ONLY with a single number that corresponds to the option you choose. Do not include any additional text, punctuation or explanation.

My answer is
",1
fake_308,1,2,5,2,70,1,2,"Today is November 5, 2024. Racially, I am white. Ideologically, I am liberal. Politically, I am an independent who leans Republican. I do not attend church. I am 70 years old. I am a man. I am somewhat interested in politics.. Question: Do you think the federal government should be doing more about the opioid drug addiction issue, should be doing less, or is it currently doing the right amount?

Answer choices:
1. Should be doing more 2. Should be doing less 3. Is doing the right amount

When answering, respond ONLY with a single number that corresponds to the option you choose. Do not include any additional text, punctuation or explanation.

My answer is
",1
fake_309,1,6,3,1,79,1,1,"Today is November 5, 2024. Racially, I am white. Ideologically, I am conservative. Politically, I am an independent who leans Democratic. I attend church. I am 79 years old. I am a man. I am very interested in politics.. Question: Do you think the federal government should be doing more about the opioid drug addiction issue, should be doing less, or is it currently doing the right amount?

Answer choices:
1. Should be doing more 2. Should be doing less 3. Is doing the right amount

When answering, respond ONLY with a single number that corresponds to the option you choose. Do not include any additional text, punctuation or explanation.

My answer is
",1
fake_310,2,7,7,1,65,2,2,"Today is November 5, 2024. Racially, I am black. Ideologically, I am extremely conservative. Politically, I am a strong Republican. I attend church. I am 65 years old. I am a woman. I am somewhat interested in politics.. Question: Do you think the federal government should be doing more about the opioid drug addiction issue, should be doing less, or is it currently doing the right amount?

Answer choices:
1. Should be doing more 2. Should be doing less 3. Is doing the right amount

When answering, respond ONLY with a single number that corresponds to the option you choose. Do not include any additional text, punctuation or explanation.

My answer is
",1
fake_311,-9,3,1,1,78,2,3,"Today is November 5, 2024. Ideologically, I am slightly liberal. Politically, I am a strong democrat. I attend church. I am 78 years old. I am a woman. I am not very interested in politics.. Question: Do you think the federal government should be doing more about the opioid drug addiction issue, should be doing less, or is it currently doing the right amount?

Answer choices:
1. Should be doing more 2. Should be doing less 3. Is doing the right amount

When answering, respond ONLY with a single number that corresponds to the option you choose. Do not include any additional text, punctuation or explanation.

My answer is
",1
fake_312,1,99,7,2,69,1,2,"Today is November 5, 2024. Racially, I am white. Politically, I am a strong Republican. I do not attend church. I am 69 years old. I am a man. I am somewhat interested in politics.. Question: Do you think the federal government should be doing more about the opioid drug addiction issue, should be doing less, or is it currently doing the right amount?

Answer choices:
1. Should be doing more 2. Should be doing less 3. Is doing the right amount

When answering, respond ONLY with a single number that corresponds to the option you choose. Do not include any additional text, punctuation or explanation.

My answer is
",1
fake_313,1,6,7,1,47,1,2,"Today is November 5, 2024. Racially, I am white. Ideologically, I am conservative. Politically, I am a strong Republican. I attend church. I am 47 years old. I am a man. I am somewhat interested in politics.. Question: Do you think the federal government should be doing more about the opioid drug addiction issue, should be doing less, or is it currently doing the right amount?

Answer choices:
1. Should be doing more 2. Should be doing less 3. Is doing the right amount

When answering, respond ONLY with a single number that corresponds to the option you choose. Do not include any additional text, punctuation or explanation.

My answer is
",1
fake_314,1,4,7,2,74,2,3,"Today is November 5, 2024. Racially, I am white. Ideologically, I am moderate. Politically, I am a strong Republican. I do not attend church. I am 74 years old. I am a woman. I am not very interested in politics.. Question: Do you think the federal government should be doing more about the opioid drug addiction issue, should be doing less, or is it currently doing the right amount?

Answer choices:
1. Should be doing more 2. Should be doing less 3. Is doing the right amount

When answering, respond ONLY with a single number that corresponds to the option you choose. Do not include any additional text, punctuation or explanation.

My answer is
",1
fake_315,1,7,7,2,73,2,2,"Today is November 5, 2024. Racially, I am white. Ideologically, I am extremely conservative. Politically, I am a strong Republican. I do not attend church. I am 73 years old. I am a woman. I am somewhat interested in politics.. Question: Do you think the federal government should be doing more about the opioid drug addiction issue, should be doing less, or is it currently doing the right amount?

Answer choices:
1. Should be doing more 2. Should be doing less 3. Is doing the right amount

When answering, respond ONLY with a single number that corresponds to the option you choose. Do not include any additional text, punctuation or explanation.

My answer is
",1
fake_316,1,3,7,1,59,2,2,"Today is November 5, 2024. Racially, I am white. Ideologically, I am slightly liberal. Politically, I am a strong Republican. I attend church. I am 59 years old. I am a woman. I am somewhat interested in politics.. Question: Do you think the federal government should be doing more about the opioid drug addiction issue, should be doing less, or is it currently doing the right amount?

Answer choices:
1. Should be doing more 2. Should be doing less 3. Is doing the right amount

When answering, respond ONLY with a single number that corresponds to the option you choose. Do not include any additional text, punctuation or explanation.

My answer is
",1
fake_317,6,1,4,2,36,1,2,"Today is November 5, 2024. Ideologically, I am extremely liberal. Politically, I am an independent. I do not attend church. I am 36 years old. I am a man. I am somewhat interested in politics.. Question: Do you think the federal government should be doing more about the opioid drug addiction issue, should be doing less, or is it currently doing the right amount?

Answer choices:
1. Should be doing more 2. Should be doing less 3. Is doing the right amount

When answering, respond ONLY with a single number that corresponds to the option you choose. Do not include any additional text, punctuation or explanation.

My answer is
",1
fake_318,1,1,3,1,66,2,1,"Today is November 5, 2024. Racially, I am white. Ideologically, I am extremely liberal. Politically, I am an independent who leans Democratic. I attend church. I am 66 years old. I am a woman. I am very interested in politics.. Question: Do you think the federal government should be doing more about the opioid drug addiction issue, should be doing less, or is it currently doing the right amount?

Answer choices:
1. Should be doing more 2. Should be doing less 3. Is doing the right amount

When answering, respond ONLY with a single number that corresponds to the option you choose. Do not include any additional text, punctuation or explanation.

My answer is
",1
fake_319,1,2,7,1,56,1,2,"Today is November 5, 2024. Racially, I am white. Ideologically, I am liberal. Politically, I am a strong Republican. I attend church. I am 56 years old. I am a man. I am somewhat interested in politics.. Question: Do you think the federal government should be doing more about the opioid drug addiction issue, should be doing less, or is it currently doing the right amount?

Answer choices:
1. Should be doing more 2. Should be doing less 3. Is doing the right amount

When answering, respond ONLY with a single number that corresponds to the option you choose. Do not include any additional text, punctuation or explanation.

My answer is
",1
fake_320,2,2,-9,2,64,1,2,"Today is November 5, 2024. Racially, I am black. Ideologically, I am liberal. I do not attend church. I am 64 years old. I am a man. I am somewhat interested in politics.. Question: Do you think the federal government should be doing more about the opioid drug addiction issue, should be doing less, or is it currently doing the right amount?

Answer choices:
1. Should be doing more 2. Should be doing less 3. Is doing the right amount

When answering, respond ONLY with a single number that corresponds to the option you choose. Do not include any additional text, punctuation or explanation.

My answer is
",1
fake_321,1,2,4,1,64,1,2,"Today is November 5, 2024. Racially, I am white. Ideologically, I am liberal. Politically, I am an independent. I attend church. I am 64 years old. I am a man. I am somewhat interested in politics.. Question: Do you think the federal government should be doing more about the opioid drug addiction issue, should be doing less, or is it currently doing the right amount?

Answer choices:
1. Should be doing more 2. Should be doing less 3. Is doing the right amount

When answering, respond ONLY with a single number that corresponds to the option you choose. Do not include any additional text, punctuation or explanation.

My answer is
",1
fake_322,2,4,1,2,56,2,2,"Today is November 5, 2024. Racially, I am black. Ideologically, I am moderate. Politically, I am a strong democrat. I do not attend church. I am 56 years old. I am a woman. I am somewhat interested in politics.. Question: Do you think the federal government should be doing more about the opioid drug addiction issue, should be doing less, or is it currently doing the right amount?

Answer choices:
1. Should be doing more 2. Should be doing less 3. Is doing the right amount

When answering, respond ONLY with a single number that corresponds to the option you choose. Do not include any additional text, punctuation or explanation.

My answer is
",1
fake_323,1,6,5,1,68,1,3,"Today is November 5, 2024. Racially, I am white. Ideologically, I am conservative. Politically, I am an independent who leans Republican. I attend church. I am 68 years old. I am a man. I am not very interested in politics.. Question: Do you think the federal government should be doing more about the opioid drug addiction issue, should be doing less, or is it currently doing the right amount?

Answer choices:
1. Should be doing more 2. Should be doing less 3. Is doing the right amount

When answering, respond ONLY with a single number that corresponds to the option you choose. Do not include any additional text, punctuation or explanation.

My answer is
",1
fake_324,6,4,3,1,76,1,-6,"Today is November 5, 2024. Ideologically, I am moderate. Politically, I am an independent who leans Democratic. I attend church. I am 76 years old. I am a man.. Question: Do you think the federal government should be doing more about the opioid drug addiction issue, should be doing less, or is it currently doing the right amount?

Answer choices:
1. Should be doing more 2. Should be doing less 3. Is doing the right amount

When answering, respond ONLY with a single number that corresponds to the option you choose. Do not include any additional text, punctuation or explanation.

My answer is
",1
fake_325,-9,3,4,1,43,1,1,"Today is November 5, 2024. Ideologically, I am slightly liberal. Politically, I am an independent. I attend church. I am 43 years old. I am a man. I am very interested in politics.. Question: Do you think the federal government should be doing more about the opioid drug addiction issue, should be doing less, or is it currently doing the right amount?

Answer choices:
1. Should be doing more 2. Should be doing less 3. Is doing the right amount

When answering, respond ONLY with a single number that corresponds to the option you choose. Do not include any additional text, punctuation or explanation.

My answer is
",1
fake_326,1,3,6,2,63,1,2,"Today is November 5, 2024. Racially, I am white. Ideologically, I am slightly liberal. Politically, I am a weak Republican. I do not attend church. I am 63 years old. I am a man. I am somewhat interested in politics.. Question: Do you think the federal government should be doing more about the opioid drug addiction issue, should be doing less, or is it currently doing the right amount?

Answer choices:
1. Should be doing more 2. Should be doing less 3. Is doing the right amount

When answering, respond ONLY with a single number that corresponds to the option you choose. Do not include any additional text, punctuation or explanation.

My answer is
",1
fake_327,3,5,6,2,66,1,2,"Today is November 5, 2024. Racially, I am hispanic. Ideologically, I am slightly conservative. Politically, I am a weak Republican. I do not attend church. I am 66 years old. I am a man. I am somewhat interested in politics.. Question: Do you think the federal government should be doing more about the opioid drug addiction issue, should be doing less, or is it currently doing the right amount?

Answer choices:
1. Should be doing more 2. Should be doing less 3. Is doing the right amount

When answering, respond ONLY with a single number that corresponds to the option you choose. Do not include any additional text, punctuation or explanation.

My answer is
",1
fake_328,1,3,5,2,39,2,3,"Today is November 5, 2024. Racially, I am white. Ideologically, I am slightly liberal. Politically, I am an independent who leans Republican. I do not attend church. I am 39 years old. I am a woman. I am not very interested in politics.. Question: Do you think the federal government should be doing more about the opioid drug addiction issue, should be doing less, or is it currently doing the right amount?

Answer choices:
1. Should be doing more 2. Should be doing less 3. Is doing the right amount

When answering, respond ONLY with a single number that corresponds to the option you choose. Do not include any additional text, punctuation or explanation.

My answer is
",1
fake_329,3,99,1,1,67,2,2,"Today is November 5, 2024. Racially, I am hispanic. Politically, I am a strong democrat. I attend church. I am 67 years old. I am a woman. I am somewhat interested in politics.. Question: Do you think the federal government should be doing more about the opioid drug addiction issue, should be doing less, or is it currently doing the right amount?

Answer choices:
1. Should be doing more 2. Should be doing less 3. Is doing the right amount

When answering, respond ONLY with a single number that corresponds to the option you choose. Do not include any additional text, punctuation or explanation.

My answer is
",1
fake_330,1,1,7,2,38,2,3,"Today is November 5, 2024. Racially, I am white. Ideologically, I am extremely liberal. Politically, I am a strong Republican. I do not attend church. I am 38 years old. I am a woman. I am not very interested in politics.. Question: Do you think the federal government should be doing more about the opioid drug addiction issue, should be doing less, or is it currently doing the right amount?

Answer choices:
1. Should be doing more 2. Should be doing less 3. Is doing the right amount

When answering, respond ONLY with a single number that corresponds to the option you choose. Do not include any additional text, punctuation or explanation.

My answer is
",1
fake_331,1,2,2,1,77,2,2,"Today is November 5, 2024. Racially, I am white. Ideologically, I am liberal. Politically, I am a weak Democrat. I attend church. I am 77 years old. I am a woman. I am somewhat interested in politics.. Question: Do you think the federal government should be doing more about the opioid drug addiction issue, should be doing less, or is it currently doing the right amount?

Answer choices:
1. Should be doing more 2. Should be doing less 3. Is doing the right amount

When answering, respond ONLY with a single number that corresponds to the option you choose. Do not include any additional text, punctuation or explanation.

My answer is
",1
fake_332,3,6,7,2,53,1,2,"Today is November 5, 2024. Racially, I am hispanic. Ideologically, I am conservative. Politically, I am a strong Republican. I do not attend church. I am 53 years old. I am a man. I am somewhat interested in politics.. Question: Do you think the federal government should be doing more about the opioid drug addiction issue, should be doing less, or is it currently doing the right amount?

Answer choices:
1. Should be doing more 2. Should be doing less 3. Is doing the right amount

When answering, respond ONLY with a single number that corresponds to the option you choose. Do not include any additional text, punctuation or explanation.

My answer is
",1
fake_333,1,6,2,1,71,2,2,"Today is November 5, 2024. Racially, I am white. Ideologically, I am conservative. Politically, I am a weak Democrat. I attend church. I am 71 years old. I am a woman. I am somewhat interested in politics.. Question: Do you think the federal government should be doing more about the opioid drug addiction issue, should be doing less, or is it currently doing the right amount?

Answer choices:
1. Should be doing more 2. Should be doing less 3. Is doing the right amount

When answering, respond ONLY with a single number that corresponds to the option you choose. Do not include any additional text, punctuation or explanation.

My answer is
",1
fake_334,3,7,2,1,74,1,4,"Today is November 5, 2024. Racially, I am hispanic. Ideologically, I am extremely conservative. Politically, I am a weak Democrat. I attend church. I am 74 years old. I am a man. I am not at all interested in politics.. Question: Do you think the federal government should be doing more about the opioid drug addiction issue, should be doing less, or is it currently doing the right amount?

Answer choices:
1. Should be doing more 2. Should be doing less 3. Is doing the right amount

When answering, respond ONLY with a single number that corresponds to the option you choose. Do not include any additional text, punctuation or explanation.

My answer is
",1
fake_335,1,4,3,1,37,2,1,"Today is November 5, 2024. Racially, I am white. Ideologically, I am moderate. Politically, I am an independent who leans Democratic. I attend church. I am 37 years old. I am a woman. I am very interested in politics.. Question: Do you think the federal government should be doing more about the opioid drug addiction issue, should be doing less, or is it currently doing the right amount?

Answer choices:
1. Should be doing more 2. Should be doing less 3. Is doing the right amount

When answering, respond ONLY with a single number that corresponds to the option you choose. Do not include any additional text, punctuation or explanation.

My answer is
",1
fake_336,1,4,7,2,72,2,1,"Today is November 5, 2024. Racially, I am white. Ideologically, I am moderate. Politically, I am a strong Republican. I do not attend church. I am 72 years old. I am a woman. I am very interested in politics.. Question: Do you think the federal government should be doing more about the opioid drug addiction issue, should be doing less, or is it currently doing the right amount?

Answer choices:
1. Should be doing more 2. Should be doing less 3. Is doing the right amount

When answering, respond ONLY with a single number that corresponds to the option you choose. Do not include any additional text, punctuation or explanation.

My answer is
",1
fake_337,2,4,7,1,30,1,3,"Today is November 5, 2024. Racially, I am black. Ideologically, I am moderate. Politically, I am a strong Republican. I attend church. I am 30 years old. I am a man. I am not very interested in politics.. Question: Do you think the federal government should be doing more about the opioid drug addiction issue, should be doing less, or is it currently doing the right amount?

Answer choices:
1. Should be doing more 2. Should be doing less 3. Is doing the right amount

When answering, respond ONLY with a single number that corresponds to the option you choose. Do not include any additional text, punctuation or explanation.

My answer is
",1
fake_338,1,2,1,1,29,1,-6,"Today is November 5, 2024. Racially, I am white. Ideologically, I am liberal. Politically, I am a strong democrat. I attend church. I am 29 years old. I am a man.. Question: Do you think the federal government should be doing more about the opioid drug addiction issue, should be doing less, or is it currently doing the right amount?

Answer choices:
1. Should be doing more 2. Should be doing less 3. Is doing the right amount

When answering, respond ONLY with a single number that corresponds to the option you choose. Do not include any additional text, punctuation or explanation.

My answer is
",1
fake_339,1,2,5,2,60,1,3,"Today is November 5, 2024. Racially, I am white. Ideologically, I am liberal. Politically, I am an independent who leans Republican. I do not attend church. I am 60 years old. I am a man. I am not very interested in politics.. Question: Do you think the federal government should be doing more about the opioid drug addiction issue, should be doing less, or is it currently doing the right amount?

Answer choices:
1. Should be doing more 2. Should be doing less 3. Is doing the right amount

When answering, respond ONLY with a single number that corresponds to the option you choose. Do not include any additional text, punctuation or explanation.

My answer is
",1
fake_340,1,99,7,1,31,2,1,"Today is November 5, 2024. Racially, I am white. Politically, I am a strong Republican. I attend church. I am 31 years old. I am a woman. I am very interested in politics.. Question: Do you think the federal government should be doing more about the opioid drug addiction issue, should be doing less, or is it currently doing the right amount?

Answer choices:
1. Should be doing more 2. Should be doing less 3. Is doing the right amount

When answering, respond ONLY with a single number that corresponds to the option you choose. Do not include any additional text, punctuation or explanation.

My answer is
",1
fake_341,1,4,1,1,31,2,2,"Today is November 5, 2024. Racially, I am white. Ideologically, I am moderate. Politically, I am a strong democrat. I attend church. I am 31 years old. I am a woman. I am somewhat interested in politics.. Question: Do you think the federal government should be doing more about the opioid drug addiction issue, should be doing less, or is it currently doing the right amount?

Answer choices:
1. Should be doing more 2. Should be doing less 3. Is doing the right amount

When answering, respond ONLY with a single number that corresponds to the option you choose. Do not include any additional text, punctuation or explanation.

My answer is
",1
fake_342,1,6,1,1,36,2,2,"Today is November 5, 2024. Racially, I am white. Ideologically, I am conservative. Politically, I am a strong democrat. I attend church. I am 36 years old. I am a woman. I am somewhat interested in politics.. Question: Do you think the federal government should be doing more about the opioid drug addiction issue, should be doing less, or is it currently doing the right amount?

Answer choices:
1. Should be doing more 2. Should be doing less 3. Is doing the right amount

When answering, respond ONLY with a single number that corresponds to the option you choose. Do not include any additional text, punctuation or explanation.

My answer is
",1
fake_343,3,2,7,2,40,2,2,"Today is November 5, 2024. Racially, I am hispanic. Ideologically, I am liberal. Politically, I am a strong Republican. I do not attend church. I am 40 years old. I am a woman. I am somewhat interested in politics.. Question: Do you think the federal government should be doing more about the opioid drug addiction issue, should be doing less, or is it currently doing the right amount?

Answer choices:
1. Should be doing more 2. Should be doing less 3. Is doing the right amount

When answering, respond ONLY with a single number that corresponds to the option you choose. Do not include any additional text, punctuation or explanation.

My answer is
",1
fake_344,1,99,7,2,75,2,3,"Today is November 5, 2024. Racially, I am white. Politically, I am a strong Republican. I do not attend church. I am 75 years old. I am a woman. I am not very interested in politics.. Question: Do you think the federal government should be doing more about the opioid drug addiction issue, should be doing less, or is it currently doing the right amount?

Answer choices:
1. Should be doing more 2. Should be doing less 3. Is doing the right amount

When answering, respond ONLY with a single number that corresponds to the option you choose. Do not include any additional text, punctuation or explanation.

My answer is
",1
fake_345,1,1,3,2,46,1,2,"Today is November 5, 2024. Racially, I am white. Ideologically, I am extremely liberal. Politically, I am an independent who leans Democratic. I do not attend church. I am 46 years old. I am a man. I am somewhat interested in politics.. Question: Do you think the federal government should be doing more about the opioid drug addiction issue, should be doing less, or is it currently doing the right amount?

Answer choices:
1. Should be doing more 2. Should be doing less 3. Is doing the right amount

When answering, respond ONLY with a single number that corresponds to the option you choose. Do not include any additional text, punctuation or explanation.

My answer is
",1
fake_346,1,5,5,-1,70,2,1,"Today is November 5, 2024. Racially, I am white. Ideologically, I am slightly conservative. Politically, I am an independent who leans Republican. I am 70 years old. I am a woman. I am very interested in politics.. Question: Do you think the federal government should be doing more about the opioid drug addiction issue, should be doing less, or is it currently doing the right amount?

Answer choices:
1. Should be doing more 2. Should be doing less 3. Is doing the right amount

When answering, respond ONLY with a single number that corresponds to the option you choose. Do not include any additional text, punctuation or explanation.

My answer is
",1
fake_347,1,3,6,-1,57,2,2,"Today is November 5, 2024. Racially, I am white. Ideologically, I am slightly liberal. Politically, I am a weak Republican. I am 57 years old. I am a woman. I am somewhat interested in politics.. Question: Do you think the federal government should be doing more about the opioid drug addiction issue, should be doing less, or is it currently doing the right amount?

Answer choices:
1. Should be doing more 2. Should be doing less 3. Is doing the right amount

When answering, respond ONLY with a single number that corresponds to the option you choose. Do not include any additional text, punctuation or explanation.

My answer is
",1
fake_348,1,6,6,1,-2,1,-7,"Today is November 5, 2024. Racially, I am white. Ideologically, I am conservative. Politically, I am a weak Republican. I attend church. I am a man.. Question: Do you think the federal government should be doing more about the opioid drug addiction issue, should be doing less, or is it currently doing the right amount?

Answer choices:
1. Should be doing more 2. Should be doing less 3. Is doing the right amount

When answering, respond ONLY with a single number that corresponds to the option you choose. Do not include any additional text, punctuation or explanation.

My answer is
",1
fake_349,1,7,7,2,31,1,4,"Today is November 5, 2024. Racially, I am white. Ideologically, I am extremely conservative. Politically, I am a strong Republican. I do not attend church. I am 31 years old. I am a man. I am not at all interested in politics.. Question: Do you think the federal government should be doing more about the opioid drug addiction issue, should be doing less, or is it currently doing the right amount?

Answer choices:
1. Should be doing more 2. Should be doing less 3. Is doing the right amount

When answering, respond ONLY with a single number that corresponds to the option you choose. Do not include any additional text, punctuation or explanation.

My answer is
",2
fake_350,1,2,6,2,30,2,2,"Today is November 5, 2024. Racially, I am white. Ideologically, I am liberal. Politically, I am a weak Republican. I do not attend church. I am 30 years old. I am a woman. I am somewhat interested in politics.. Question: Do you think the federal government should be doing more about the opioid drug addiction issue, should be doing less, or is it currently doing the right amount?

Answer choices:
1. Should be doing more 2. Should be doing less 3. Is doing the right amount

When answering, respond ONLY with a single number that corresponds to the option you choose. Do not include any additional text, punctuation or explanation.

My answer is
",1
fake_351,2,3,3,2,45,2,2,"Today is November 5, 2024. Racially, I am black. Ideologically, I am slightly liberal. Politically, I am an independent who leans Democratic. I do not attend church. I am 45 years old. I am a woman. I am somewhat interested in politics.. Question: Do you think the federal government should be doing more about the opioid drug addiction issue, should be doing less, or is it currently doing the right amount?

Answer choices:
1. Should be doing more 2. Should be doing less 3. Is doing the right amount

When answering, respond ONLY with a single number that corresponds to the option you choose. Do not include any additional text, punctuation or explanation.

My answer is
",1
fake_352,1,99,6,2,51,1,2,"Today is November 5, 2024. Racially, I am white. Politically, I am a weak Republican. I do not attend church. I am 51 years old. I am a man. I am somewhat interested in politics.. Question: Do you think the federal government should be doing more about the opioid drug addiction issue, should be doing less, or is it currently doing the right amount?

Answer choices:
1. Should be doing more 2. Should be doing less 3. Is doing the right amount

When answering, respond ONLY with a single number that corresponds to the option you choose. Do not include any additional text, punctuation or explanation.

My answer is
",1
fake_353,5,1,2,1,80,1,2,"Today is November 5, 2024. Racially, I am native American. Ideologically, I am extremely liberal. Politically, I am a weak Democrat. I attend church. I am 80 years old. I am a man. I am somewhat interested in politics.. Question: Do you think the federal government should be doing more about the opioid drug addiction issue, should be doing less, or is it currently doing the right amount?

Answer choices:
1. Should be doing more 2. Should be doing less 3. Is doing the right amount

When answering, respond ONLY with a single number that corresponds to the option you choose. Do not include any additional text, punctuation or explanation.

My answer is
",1
fake_354,1,2,5,2,77,2,2,"Today is November 5, 2024. Racially, I am white. Ideologically, I am liberal. Politically, I am an independent who leans Republican. I do not attend church. I am 77 years old. I am a woman. I am somewhat interested in politics.. Question: Do you think the federal government should be doing more about the opioid drug addiction issue, should be doing less, or is it currently doing the right amount?

Answer choices:
1. Should be doing more 2. Should be doing less 3. Is doing the right amount

When answering, respond ONLY with a single number that corresponds to the option you choose. Do not include any additional text, punctuation or explanation.

My answer is
",1
fake_355,1,99,1,2,27,1,3,"Today is November 5, 2024. Racially, I am white. Politically, I am a strong democrat. I do not attend church. I am 27 years old. I am a man. I am not very interested in politics.. Question: Do you think the federal government should be doing more about the opioid drug addiction issue, should be doing less, or is it currently doing the right amount?

Answer choices:
1. Should be doing more 2. Should be doing less 3. Is doing the right amount

When answering, respond ONLY with a single number that corresponds to the option you choose. Do not include any additional text, punctuation or explanation.

My answer is
",1
fake_356,1,4,5,1,-2,1,4,"Today is November 5, 2024. Racially, I am white. Ideologically, I am moderate. Politically, I am an independent who leans Republican. I attend church. I am a man. I am not at all interested in politics.. Question: Do you think the federal government should be doing more about the opioid drug addiction issue, should be doing less, or is it currently doing the right amount?

Answer choices:
1. Should be doing more 2. Should be doing less 3. Is doing the right amount

When answering, respond ONLY with a single number that corresponds to the option you choose. Do not include any additional text, punctuation or explanation.

My answer is
",1
fake_357,1,6,7,1,63,1,2,"Today is November 5, 2024. Racially, I am white. Ideologically, I am conservative. Politically, I am a strong Republican. I attend church. I am 63 years old. I am a man. I am somewhat interested in politics.. Question: Do you think the federal government should be doing more about the opioid drug addiction issue, should be doing less, or is it currently doing the right amount?

Answer choices:
1. Should be doing more 2. Should be doing less 3. Is doing the right amount

When answering, respond ONLY with a single number that corresponds to the option you choose. Do not include any additional text, punctuation or explanation.

My answer is
",1
fake_358,3,4,4,2,77,2,3,"Today is November 5, 2024. Racially, I am hispanic. Ideologically, I am moderate. Politically, I am an independent. I do not attend church. I am 77 years old. I am a woman. I am not very interested in politics.. Question: Do you think the federal government should be doing more about the opioid drug addiction issue, should be doing less, or is it currently doing the right amount?

Answer choices:
1. Should be doing more 2. Should be doing less 3. Is doing the right amount

When answering, respond ONLY with a single number that corresponds to the option you choose. Do not include any additional text, punctuation or explanation.

My answer is
",1
fake_359,2,3,7,2,61,2,2,"Today is November 5, 2024. Racially, I am black. Ideologically, I am slightly liberal. Politically, I am a strong Republican. I do not attend church. I am 61 years old. I am a woman. I am somewhat interested in politics.. Question: Do you think the federal government should be doing more about the opioid drug addiction issue, should be doing less, or is it currently doing the right amount?

Answer choices:
1. Should be doing more 2. Should be doing less 3. Is doing the right amount

When answering, respond ONLY with a single number that corresponds to the option you choose. Do not include any additional text, punctuation or explanation.

My answer is
",1
fake_360,6,5,7,-1,67,1,3,"Today is November 5, 2024. Ideologically, I am slightly conservative. Politically, I am a strong Republican. I am 67 years old. I am a man. I am not very interested in politics.. Question: Do you think the federal government should be doing more about the opioid drug addiction issue, should be doing less, or is it currently doing the right amount?

Answer choices:
1. Should be doing more 2. Should be doing less 3. Is doing the right amount

When answering, respond ONLY with a single number that corresponds to the option you choose. Do not include any additional text, punctuation or explanation.

My answer is
",1
fake_361,3,2,2,2,51,2,-6,"Today is November 5, 2024. Racially, I am hispanic. Ideologically, I am liberal. Politically, I am a weak Democrat. I do not attend church. I am 51 years old. I am a woman.. Question: Do you think the federal government should be doing more about the opioid drug addiction issue, should be doing less, or is it currently doing the right amount?

Answer choices:
1. Should be doing more 2. Should be doing less 3. Is doing the right amount

When answering, respond ONLY with a single number that corresponds to the option you choose. Do not include any additional text, punctuation or explanation.

My answer is
",1
fake_362,1,6,7,1,24,2,3,"Today is November 5, 2024. Racially, I am white. Ideologically, I am conservative. Politically, I am a strong Republican. I attend church. I am 24 years old. I am a woman. I am not very interested in politics.. Question: Do you think the federal government should be doing more about the opioid drug addiction issue, should be doing less, or is it currently doing the right amount?

Answer choices:
1. Should be doing more 2. Should be doing less 3. Is doing the right amount

When answering, respond ONLY with a single number that corresponds to the option you choose. Do not include any additional text, punctuation or explanation.

My answer is
",1
fake_363,1,7,1,2,80,1,2,"Today is November 5, 2024. Racially, I am white. Ideologically, I am extremely conservative. Politically, I am a strong democrat. I do not attend church. I am 80 years old. I am a man. I am somewhat interested in politics.. Question: Do you think the federal government should be doing more about the opioid drug addiction issue, should be doing less, or is it currently doing the right amount?

Answer choices:
1. Should be doing more 2. Should be doing less 3. Is doing the right amount

When answering, respond ONLY with a single number that corresponds to the option you choose. Do not include any additional text, punctuation or explanation.

My answer is
",1
fake_364,1,4,2,1,31,1,2,"Today is November 5, 2024. Racially, I am white. Ideologically, I am moderate. Politically, I am a weak Democrat. I attend church. I am 31 years old. I am a man. I am somewhat interested in politics.. Question: Do you think the federal government should be doing more about the opioid drug addiction issue, should be doing less, or is it currently doing the right amount?

Answer choices:
1. Should be doing more 2. Should be doing less 3. Is doing the right amount

When answering, respond ONLY with a single number that corresponds to the option you choose. Do not include any additional text, punctuation or explanation.

My answer is
",1
fake_365,1,99,4,2,76,2,2,"Today is November 5, 2024. Racially, I am white. Politically, I am an independent. I do not attend church. I am 76 years old. I am a woman. I am somewhat interested in politics.. Question: Do you think the federal government should be doing more about the opioid drug addiction issue, should be doing less, or is it currently doing the right amount?

Answer choices:
1. Should be doing more 2. Should be doing less 3. Is doing the right amount

When answering, respond ONLY with a single number that corresponds to the option you choose. Do not include any additional text, punctuation or explanation.

My answer is
",1
fake_366,1,4,3,1,80,2,3,"Today is November 5, 2024. Racially, I am white. Ideologically, I am moderate. Politically, I am an independent who leans Democratic. I attend church. I am 80 years old. I am a woman. I am not very interested in politics.. Question: Do you think the federal government should be doing more about the opioid drug addiction issue, should be doing less, or is it currently doing the right amount?

Answer choices:
1. Should be doing more 2. Should be doing less 3. Is doing the right amount

When answering, respond ONLY with a single number that corresponds to the option you choose. Do not include any additional text, punctuation or explanation.

My answer is
",1
fake_367,1,3,3,2,77,2,2,"Today is November 5, 2024. Racially, I am white. Ideologically, I am slightly liberal. Politically, I am an independent who leans Democratic. I do not attend church. I am 77 years old. I am a woman. I am somewhat interested in politics.. Question: Do you think the federal government should be doing more about the opioid drug addiction issue, should be doing less, or is it currently doing the right amount?

Answer choices:
1. Should be doing more 2. Should be doing less 3. Is doing the right amount

When answering, respond ONLY with a single number that corresponds to the option you choose. Do not include any additional text, punctuation or explanation.

My answer is
",1
fake_368,2,2,3,1,21,1,4,"Today is November 5, 2024. Racially, I am black. Ideologically, I am liberal. Politically, I am an independent who leans Democratic. I attend church. I am 21 years old. I am a man. I am not at all interested in politics.. Question: Do you think the federal government should be doing more about the opioid drug addiction issue, should be doing less, or is it currently doing the right amount?

Answer choices:
1. Should be doing more 2. Should be doing less 3. Is doing the right amount

When answering, respond ONLY with a single number that corresponds to the option you choose. Do not include any additional text, punctuation or explanation.

My answer is
",1
fake_369,3,5,5,2,63,1,4,"Today is November 5, 2024. Racially, I am hispanic. Ideologically, I am slightly conservative. Politically, I am an independent who leans Republican. I do not attend church. I am 63 years old. I am a man. I am not at all interested in politics.. Question: Do you think the federal government should be doing more about the opioid drug addiction issue, should be doing less, or is it currently doing the right amount?

Answer choices:
1. Should be doing more 2. Should be doing less 3. Is doing the right amount

When answering, respond ONLY with a single number that corresponds to the option you choose. Do not include any additional text, punctuation or explanation.

My answer is
",1
fake_370,1,99,1,1,79,2,3,"Today is November 5, 2024. Racially, I am white. Politically, I am a strong democrat. I attend church. I am 79 years old. I am a woman. I am not very interested in politics.. Question: Do you think the federal government should be doing more about the opioid drug addiction issue, should be doing less, or is it currently doing the right amount?

Answer choices:
1. Should be doing more 2. Should be doing less 3. Is doing the right amount

When answering, respond ONLY with a single number that corresponds to the option you choose. Do not include any additional text, punctuation or explanation.

My answer is
",1
fake_371,1,6,7,2,61,2,2,"Today is November 5, 2024. Racially, I am white. Ideologically, I am conservative. Politically, I am a strong Republican. I do not attend church. I am 61 years old. I am a woman. I am somewhat interested in politics.. Question: Do you think the federal government should be doing more about the opioid drug addiction issue, should be doing less, or is it currently doing the right amount?

Answer choices:
1. Should be doing more 2. Should be doing less 3. Is doing the right amount

When answering, respond ONLY with a single number that corresponds to the option you choose. Do not include any additional text, punctuation or explanation.

My answer is
",1
fake_372,1,99,1,-1,61,1,2,"Today is November 5, 2024. Racially, I am white. Politically, I am a strong democrat. I am 61 years old. I am a man. I am somewhat interested in politics.. Question: Do you think the federal government should be doing more about the opioid drug addiction issue, should be doing less, or is it currently doing the right amount?

Answer choices:
1. Should be doing more 2. Should be doing less 3. Is doing the right amount

When answering, respond ONLY with a single number that corresponds to the option you choose. Do not include any additional text, punctuation or explanation.

My answer is
",1
fake_373,1,99,2,1,80,1,2,"Today is November 5, 2024. Racially, I am white. Politically, I am a weak Democrat. I attend church. I am 80 years old. I am a man. I am somewhat interested in politics.. Question: Do you think the federal government should be doing more about the opioid drug addiction issue, should be doing less, or is it currently doing the right amount?

Answer choices:
1. Should be doing more 2. Should be doing less 3. Is doing the right amount

When answering, respond ONLY with a single number that corresponds to the option you choose. Do not include any additional text, punctuation or explanation.

My answer is
",1
fake_374,1,4,5,1,-2,2,3,"Today is November 5, 2024. Racially, I am white. Ideologically, I am moderate. Politically, I am an independent who leans Republican. I attend church. I am a woman. I am not very interested in politics.. Question: Do you think the federal government should be doing more about the opioid drug addiction issue, should be doing less, or is it currently doing the right amount?

Answer choices:
1. Should be doing more 2. Should be doing less 3. Is doing the right amount

When answering, respond ONLY with a single number that corresponds to the option you choose. Do not include any additional text, punctuation or explanation.

My answer is
",1
fake_375,1,7,2,-1,43,2,3,"Today is November 5, 2024. Racially, I am white. Ideologically, I am extremely conservative. Politically, I am a weak Democrat. I am 43 years old. I am a woman. I am not very interested in politics.. Question: Do you think the federal government should be doing more about the opioid drug addiction issue, should be doing less, or is it currently doing the right amount?

Answer choices:
1. Should be doing more 2. Should be doing less 3. Is doing the right amount

When answering, respond ONLY with a single number that corresponds to the option you choose. Do not include any additional text, punctuation or explanation.

My answer is
",1
fake_376,1,4,1,2,46,2,1,"Today is November 5, 2024. Racially, I am white. Ideologically, I am moderate. Politically, I am a strong democrat. I do not attend church. I am 46 years old. I am a woman. I am very interested in politics.. Question: Do you think the federal government should be doing more about the opioid drug addiction issue, should be doing less, or is it currently doing the right amount?

Answer choices:
1. Should be doing more 2. Should be doing less 3. Is doing the right amount

When answering, respond ONLY with a single number that corresponds to the option you choose. Do not include any additional text, punctuation or explanation.

My answer is
",1
fake_377,2,99,3,2,53,2,1,"Today is November 5, 2024. Racially, I am black. Politically, I am an independent who leans Democratic. I do not attend church. I am 53 years old. I am a woman. I am very interested in politics.. Question: Do you think the federal government should be doing more about the opioid drug addiction issue, should be doing less, or is it currently doing the right amount?

Answer choices:
1. Should be doing more 2. Should be doing less 3. Is doing the right amount

When answering, respond ONLY with a single number that corresponds to the option you choose. Do not include any additional text, punctuation or explanation.

My answer is
",1
fake_378,1,3,7,1,51,2,1,"Today is November 5, 2024. Racially, I am white. Ideologically, I am slightly liberal. Politically, I am a strong Republican. I attend church. I am 51 years old. I am a woman. I am very interested in politics.. Question: Do you think the federal government should be doing more about the opioid drug addiction issue, should be doing less, or is it currently doing the right amount?

Answer choices:
1. Should be doing more 2. Should be doing less 3. Is doing the right amount

When answering, respond ONLY with a single number that corresponds to the option you choose. Do not include any additional text, punctuation or explanation.

My answer is
",1
fake_379,1,3,1,2,77,1,3,"Today is November 5, 2024. Racially, I am white. Ideologically, I am slightly liberal. Politically, I am a strong democrat. I do not attend church. I am 77 years old. I am a man. I am not very interested in politics.. Question: Do you think the federal government should be doing more about the opioid drug addiction issue, should be doing less, or is it currently doing the right amount?

Answer choices:
1. Should be doing more 2. Should be doing less 3. Is doing the right amount

When answering, respond ONLY with a single number that corresponds to the option you choose. Do not include any additional text, punctuation or explanation.

My answer is
",1
fake_380,1,2,3,1,65,2,1,"Today is November 5, 2024. Racially, I am white. Ideologically, I am liberal. Politically, I am an independent who leans Democratic. I attend church. I am 65 years old. I am a woman. I am very interested in politics.. Question: Do you think the federal government should be doing more about the opioid drug addiction issue, should be doing less, or is it currently doing the right amount?

Answer choices:
1. Should be doing more 2. Should be doing less 3. Is doing the right amount

When answering, respond ONLY with a single number that corresponds to the option you choose. Do not include any additional text, punctuation or explanation.

My answer is
",1
fake_381,3,99,7,2,58,1,3,"Today is November 5, 2024. Racially, I am hispanic. Politically, I am a strong Republican. I do not attend church. I am 58 years old. I am a man. I am not very interested in politics.. Question: Do you think the federal government should be doing more about the opioid drug addiction issue, should be doing less, or is it currently doing the right amount?

Answer choices:
1. Should be doing more 2. Should be doing less 3. Is doing the right amount

When answering, respond ONLY with a single number that corresponds to the option you choose. Do not include any additional text, punctuation or explanation.

My answer is
",1
fake_382,1,6,5,2,54,1,1,"Today is November 5, 2024. Racially, I am white. Ideologically, I am conservative. Politically, I am an independent who leans Republican. I do not attend church. I am 54 years old. I am a man. I am very interested in politics.. Question: Do you think the federal government should be doing more about the opioid drug addiction issue, should be doing less, or is it currently doing the right amount?

Answer choices:
1. Should be doing more 2. Should be doing less 3. Is doing the right amount

When answering, respond ONLY with a single number that corresponds to the option you choose. Do not include any additional text, punctuation or explanation.

My answer is
",1
fake_383,1,6,1,2,22,2,2,"Today is November 5, 2024. Racially, I am white. Ideologically, I am conservative. Politically, I am a strong democrat. I do not attend church. I am 22 years old. I am a woman. I am somewhat interested in politics.. Question: Do you think the federal government should be doing more about the opioid drug addiction issue, should be doing less, or is it currently doing the right amount?

Answer choices:
1. Should be doing more 2. Should be doing less 3. Is doing the right amount

When answering, respond ONLY with a single number that corresponds to the option you choose. Do not include any additional text, punctuation or explanation.

My answer is
",1
fake_384,1,4,5,1,62,2,2,"Today is November 5, 2024. Racially, I am white. Ideologically, I am moderate. Politically, I am an independent who leans Republican. I attend church. I am 62 years old. I am a woman. I am somewhat interested in politics.. Question: Do you think the federal government should be doing more about the opioid drug addiction issue, should be doing less, or is it currently doing the right amount?

Answer choices:
1. Should be doing more 2. Should be doing less 3. Is doing the right amount

When answering, respond ONLY with a single number that corresponds to the option you choose. Do not include any additional text, punctuation or explanation.

My answer is
",1
fake_385,2,6,6,2,57,2,2,"Today is November 5, 2024. Racially, I am black. Ideologically, I am conservative. Politically, I am a weak Republican. I do not attend church. I am 57 years old. I am a woman. I am somewhat interested in politics.. Question: Do you think the federal government should be doing more about the opioid drug addiction issue, should be doing less, or is it currently doing the right amount?

Answer choices:
1. Should be doing more 2. Should be doing less 3. Is doing the right amount

When answering, respond ONLY with a single number that corresponds to the option you choose. Do not include any additional text, punctuation or explanation.

My answer is
",1
fake_386,1,6,6,1,72,2,2,"Today is November 5, 2024. Racially, I am white. Ideologically, I am conservative. Politically, I am a weak Republican. I attend church. I am 72 years old. I am a woman. I am somewhat interested in politics.. Question: Do you think the federal government should be doing more about the opioid drug addiction issue, should be doing less, or is it currently doing the right amount?

Answer choices:
1. Should be doing more 2. Should be doing less 3. Is doing the right amount

When answering, respond ONLY with a single number that corresponds to the option you choose. Do not include any additional text, punctuation or explanation.

My answer is
",1
fake_387,1,4,2,2,-2,2,3,"Today is November 5, 2024. Racially, I am white. Ideologically, I am moderate. Politically, I am a weak Democrat. I do not attend church. I am a woman. I am not very interested in politics.. Question: Do you think the federal government should be doing more about the opioid drug addiction issue, should be doing less, or is it currently doing the right amount?

Answer choices:
1. Should be doing more 2. Should be doing less 3. Is doing the right amount

When answering, respond ONLY with a single number that corresponds to the option you choose. Do not include any additional text, punctuation or explanation.

My answer is
",1
fake_388,1,2,1,1,51,2,-6,"Today is November 5, 2024. Racially, I am white. Ideologically, I am liberal. Politically, I am a strong democrat. I attend church. I am 51 years old. I am a woman.. Question: Do you think the federal government should be doing more about the opioid drug addiction issue, should be doing less, or is it currently doing the right amount?

Answer choices:
1. Should be doing more 2. Should be doing less 3. Is doing the right amount

When answering, respond ONLY with a single number that corresponds to the option you choose. Do not include any additional text, punctuation or explanation.

My answer is
",1
fake_389,4,4,5,2,57,1,1,"Today is November 5, 2024. Racially, I am asian. Ideologically, I am moderate. Politically, I am an independent who leans Republican. I do not attend church. I am 57 years old. I am a man. I am very interested in politics.. Question: Do you think the federal government should be doing more about the opioid drug addiction issue, should be doing less, or is it currently doing the right amount?

Answer choices:
1. Should be doing more 2. Should be doing less 3. Is doing the right amount

When answering, respond ONLY with a single number that corresponds to the option you choose. Do not include any additional text, punctuation or explanation.

My answer is
",1
fake_390,3,4,7,-1,56,2,3,"Today is November 5, 2024. Racially, I am hispanic. Ideologically, I am moderate. Politically, I am a strong Republican. I am 56 years old. I am a woman. I am not very interested in politics.. Question: Do you think the federal government should be doing more about the opioid drug addiction issue, should be doing less, or is it currently doing the right amount?

Answer choices:
1. Should be doing more 2. Should be doing less 3. Is doing the right amount

When answering, respond ONLY with a single number that corresponds to the option you choose. Do not include any additional text, punctuation or explanation.

My answer is
",1
fake_391,1,2,1,2,69,1,2,"Today is November 5, 2024. Racially, I am white. Ideologically, I am liberal. Politically, I am a strong democrat. I do not attend church. I am 69 years old. I am a man. I am somewhat interested in politics.. Question: Do you think the federal government should be doing more about the opioid drug addiction issue, should be doing less, or is it currently doing the right amount?

Answer choices:
1. Should be doing more 2. Should be doing less 3. Is doing the right amount

When answering, respond ONLY with a single number that corresponds to the option you choose. Do not include any additional text, punctuation or explanation.

My answer is
",1
fake_392,1,1,1,2,55,2,2,"Today is November 5, 2024. Racially, I am white. Ideologically, I am extremely liberal. Politically, I am a strong democrat. I do not attend church. I am 55 years old. I am a woman. I am somewhat interested in politics.. Question: Do you think the federal government should be doing more about the opioid drug addiction issue, should be doing less, or is it currently doing the right amount?

Answer choices:
1. Should be doing more 2. Should be doing less 3. Is doing the right amount

When answering, respond ONLY with a single number that corresponds to the option you choose. Do not include any additional text, punctuation or explanation.

My answer is
",1
fake_393,1,99,7,1,35,1,3,"Today is November 5, 2024. Racially, I am white. Politically, I am a strong Republican. I attend church. I am 35 years old. I am a man. I am not very interested in politics.. Question: Do you think the federal government should be doing more about the opioid drug addiction issue, should be doing less, or is it currently doing the right amount?

Answer choices:
1. Should be doing more 2. Should be doing less 3. Is doing the right amount

When answering, respond ONLY with a single number that corresponds to the option you choose. Do not include any additional text, punctuation or explanation.

My answer is
",1
fake_394,1,7,2,1,28,1,-5,"Today is November 5, 2024. Racially, I am white. Ideologically, I am extremely conservative. Politically, I am a weak Democrat. I attend church. I am 28 years old. I am a man.. Question: Do you think the federal government should be doing more about the opioid drug addiction issue, should be doing less, or is it currently doing the right amount?

Answer choices:
1. Should be doing more 2. Should be doing less 3. Is doing the right amount

When answering, respond ONLY with a single number that corresponds to the option you choose. Do not include any additional text, punctuation or explanation.

My answer is
",1
fake_395,1,2,7,2,37,2,4,"Today is November 5, 2024. Racially, I am white. Ideologically, I am liberal. Politically, I am a strong Republican. I do not attend church. I am 37 years old. I am a woman. I am not at all interested in politics.. Question: Do you think the federal government should be doing more about the opioid drug addiction issue, should be doing less, or is it currently doing the right amount?

Answer choices:
1. Should be doing more 2. Should be doing less 3. Is doing the right amount

When answering, respond ONLY with a single number that corresponds to the option you choose. Do not include any additional text, punctuation or explanation.

My answer is
",1
fake_396,1,99,1,1,80,2,2,"Today is November 5, 2024. Racially, I am white. Politically, I am a strong democrat. I attend church. I am 80 years old. I am a woman. I am somewhat interested in politics.. Question: Do you think the federal government should be doing more about the opioid drug addiction issue, should be doing less, or is it currently doing the right amount?

Answer choices:
1. Should be doing more 2. Should be doing less 3. Is doing the right amount

When answering, respond ONLY with a single number that corresponds to the option you choose. Do not include any additional text, punctuation or explanation.

My answer is
",1
fake_397,3,7,5,2,48,2,2,"Today is November 5, 2024. Racially, I am hispanic. Ideologically, I am extremely conservative. Politically, I am an independent who leans Republican. I do not attend church. I am 48 years old. I am a woman. I am somewhat interested in politics.. Question: Do you think the federal government should be doing more about the opioid drug addiction issue, should be doing less, or is it currently doing the right amount?

Answer choices:
1. Should be doing more 2. Should be doing less 3. Is doing the right amount

When answering, respond ONLY with a single number that corresponds to the option you choose. Do not include any additional text, punctuation or explanation.

My answer is
",1
fake_398,1,99,3,1,32,1,2,"Today is November 5, 2024. Racially, I am white. Politically, I am an independent who leans Democratic. I attend church. I am 32 years old. I am a man. I am somewhat interested in politics.. Question: Do you think the federal government should be doing more about the opioid drug addiction issue, should be doing less, or is it currently doing the right amount?

Answer choices:
1. Should be doing more 2. Should be doing less 3. Is doing the right amount

When answering, respond ONLY with a single number that corresponds to the option you choose. Do not include any additional text, punctuation or explanation.

My answer is
",1
fake_399,1,6,7,1,26,2,2,"Today is November 5, 2024. Racially, I am white. Ideologically, I am conservative. Politically, I am a strong Republican. I attend church. I am 26 years old. I am a woman. I am somewhat interested in politics.. Question: Do you think the federal government should be doing more about the opioid drug addiction issue, should be doing less, or is it currently doing the right amount?

Answer choices:
1. Should be doing more 2. Should be doing less 3. Is doing the right amount

When answering, respond ONLY with a single number that corresponds to the option you choose. Do not include any additional text, punctuation or explanation.

My answer is
",1
fake_400,1,5,5,1,78,1,3,"Today is November 5, 2024. Racially, I am white. Ideologically, I am slightly conservative. Politically, I am an independent who leans Republican. I attend church. I am 78 years old. I am a man. I am not very interested in politics.. Question: Do you think the federal government should be doing more about the opioid drug addiction issue, should be doing less, or is it currently doing the right amount?

Answer choices:
1. Should be doing more 2. Should be doing less 3. Is doing the right amount

When answering, respond ONLY with a single number that corresponds to the option you choose. Do not include any additional text, punctuation or explanation.

My answer is
",1
fake_401,-4,1,7,2,39,2,3,"Today is November 5, 2024. Ideologically, I am extremely liberal. Politically, I am a strong Republican. I do not attend church. I am 39 years old. I am a woman. I am not very interested in politics.. Question: Do you think the federal government should be doing more about the opioid drug addiction issue, should be doing less, or is it currently doing the right amount?

Answer choices:
1. Should be doing more 2. Should be doing less 3. Is doing the right amount

When answering, respond ONLY with a single number that corresponds to the option you choose. Do not include any additional text, punctuation or explanation.

My answer is
",1
fake_402,1,6,2,2,31,2,3,"Today is November 5, 2024. Racially, I am white. Ideologically, I am conservative. Politically, I am a weak Democrat. I do not attend church. I am 31 years old. I am a woman. I am not very interested in politics.. Question: Do you think the federal government should be doing more about the opioid drug addiction issue, should be doing less, or is it currently doing the right amount?

Answer choices:
1. Should be doing more 2. Should be doing less 3. Is doing the right amount

When answering, respond ONLY with a single number that corresponds to the option you choose. Do not include any additional text, punctuation or explanation.

My answer is
",1
fake_403,1,7,7,1,22,1,1,"Today is November 5, 2024. Racially, I am white. Ideologically, I am extremely conservative. Politically, I am a strong Republican. I attend church. I am 22 years old. I am a man. I am very interested in politics.. Question: Do you think the federal government should be doing more about the opioid drug addiction issue, should be doing less, or is it currently doing the right amount?

Answer choices:
1. Should be doing more 2. Should be doing less 3. Is doing the right amount

When answering, respond ONLY with a single number that corresponds to the option you choose. Do not include any additional text, punctuation or explanation.

My answer is
",1
fake_404,1,6,1,1,19,1,4,"Today is November 5, 2024. Racially, I am white. Ideologically, I am conservative. Politically, I am a strong democrat. I attend church. I am 19 years old. I am a man. I am not at all interested in politics.. Question: Do you think the federal government should be doing more about the opioid drug addiction issue, should be doing less, or is it currently doing the right amount?

Answer choices:
1. Should be doing more 2. Should be doing less 3. Is doing the right amount

When answering, respond ONLY with a single number that corresponds to the option you choose. Do not include any additional text, punctuation or explanation.

My answer is
",1
fake_405,1,6,6,2,20,1,3,"Today is November 5, 2024. Racially, I am white. Ideologically, I am conservative. Politically, I am a weak Republican. I do not attend church. I am 20 years old. I am a man. I am not very interested in politics.. Question: Do you think the federal government should be doing more about the opioid drug addiction issue, should be doing less, or is it currently doing the right amount?

Answer choices:
1. Should be doing more 2. Should be doing less 3. Is doing the right amount

When answering, respond ONLY with a single number that corresponds to the option you choose. Do not include any additional text, punctuation or explanation.

My answer is
",1
fake_406,1,5,7,2,72,1,2,"Today is November 5, 2024. Racially, I am white. Ideologically, I am slightly conservative. Politically, I am a strong Republican. I do not attend church. I am 72 years old. I am a man. I am somewhat interested in politics.. Question: Do you think the federal government should be doing more about the opioid drug addiction issue, should be doing less, or is it currently doing the right amount?

Answer choices:
1. Should be doing more 2. Should be doing less 3. Is doing the right amount

When answering, respond ONLY with a single number that corresponds to the option you choose. Do not include any additional text, punctuation or explanation.

My answer is
",1
fake_407,6,6,2,2,31,2,2,"Today is November 5, 2024. Ideologically, I am conservative. Politically, I am a weak Democrat. I do not attend church. I am 31 years old. I am a woman. I am somewhat interested in politics.. Question: Do you think the federal government should be doing more about the opioid drug addiction issue, should be doing less, or is it currently doing the right amount?

Answer choices:
1. Should be doing more 2. Should be doing less 3. Is doing the right amount

When answering, respond ONLY with a single number that corresponds to the option you choose. Do not include any additional text, punctuation or explanation.

My answer is
",1
fake_408,2,5,5,1,67,2,2,"Today is November 5, 2024. Racially, I am black. Ideologically, I am slightly conservative. Politically, I am an independent who leans Republican. I attend church. I am 67 years old. I am a woman. I am somewhat interested in politics.. Question: Do you think the federal government should be doing more about the opioid drug addiction issue, should be doing less, or is it currently doing the right amount?

Answer choices:
1. Should be doing more 2. Should be doing less 3. Is doing the right amount

When answering, respond ONLY with a single number that corresponds to the option you choose. Do not include any additional text, punctuation or explanation.

My answer is
",1
fake_409,1,5,7,1,66,2,1,"Today is November 5, 2024. Racially, I am white. Ideologically, I am slightly conservative. Politically, I am a strong Republican. I attend church. I am 66 years old. I am a woman. I am very interested in politics.. Question: Do you think the federal government should be doing more about the opioid drug addiction issue, should be doing less, or is it currently doing the right amount?

Answer choices:
1. Should be doing more 2. Should be doing less 3. Is doing the right amount

When answering, respond ONLY with a single number that corresponds to the option you choose. Do not include any additional text, punctuation or explanation.

My answer is
",1
fake_410,1,6,6,2,21,2,3,"Today is November 5, 2024. Racially, I am white. Ideologically, I am conservative. Politically, I am a weak Republican. I do not attend church. I am 21 years old. I am a woman. I am not very interested in politics.. Question: Do you think the federal government should be doing more about the opioid drug addiction issue, should be doing less, or is it currently doing the right amount?

Answer choices:
1. Should be doing more 2. Should be doing less 3. Is doing the right amount

When answering, respond ONLY with a single number that corresponds to the option you choose. Do not include any additional text, punctuation or explanation.

My answer is
",1
fake_411,1,4,6,2,67,2,2,"Today is November 5, 2024. Racially, I am white. Ideologically, I am moderate. Politically, I am a weak Republican. I do not attend church. I am 67 years old. I am a woman. I am somewhat interested in politics.. Question: Do you think the federal government should be doing more about the opioid drug addiction issue, should be doing less, or is it currently doing the right amount?

Answer choices:
1. Should be doing more 2. Should be doing less 3. Is doing the right amount

When answering, respond ONLY with a single number that corresponds to the option you choose. Do not include any additional text, punctuation or explanation.

My answer is
",1
fake_412,1,7,5,1,77,2,4,"Today is November 5, 2024. Racially, I am white. Ideologically, I am extremely conservative. Politically, I am an independent who leans Republican. I attend church. I am 77 years old. I am a woman. I am not at all interested in politics.. Question: Do you think the federal government should be doing more about the opioid drug addiction issue, should be doing less, or is it currently doing the right amount?

Answer choices:
1. Should be doing more 2. Should be doing less 3. Is doing the right amount

When answering, respond ONLY with a single number that corresponds to the option you choose. Do not include any additional text, punctuation or explanation.

My answer is
",1
fake_413,1,6,7,2,61,2,3,"Today is November 5, 2024. Racially, I am white. Ideologically, I am conservative. Politically, I am a strong Republican. I do not attend church. I am 61 years old. I am a woman. I am not very interested in politics.. Question: Do you think the federal government should be doing more about the opioid drug addiction issue, should be doing less, or is it currently doing the right amount?

Answer choices:
1. Should be doing more 2. Should be doing less 3. Is doing the right amount

When answering, respond ONLY with a single number that corresponds to the option you choose. Do not include any additional text, punctuation or explanation.

My answer is
",1
fake_414,1,5,1,1,65,2,2,"Today is November 5, 2024. Racially, I am white. Ideologically, I am slightly conservative. Politically, I am a strong democrat. I attend church. I am 65 years old. I am a woman. I am somewhat interested in politics.. Question: Do you think the federal government should be doing more about the opioid drug addiction issue, should be doing less, or is it currently doing the right amount?

Answer choices:
1. Should be doing more 2. Should be doing less 3. Is doing the right amount

When answering, respond ONLY with a single number that corresponds to the option you choose. Do not include any additional text, punctuation or explanation.

My answer is
",1
fake_415,1,2,1,1,60,2,2,"Today is November 5, 2024. Racially, I am white. Ideologically, I am liberal. Politically, I am a strong democrat. I attend church. I am 60 years old. I am a woman. I am somewhat interested in politics.. Question: Do you think the federal government should be doing more about the opioid drug addiction issue, should be doing less, or is it currently doing the right amount?

Answer choices:
1. Should be doing more 2. Should be doing less 3. Is doing the right amount

When answering, respond ONLY with a single number that corresponds to the option you choose. Do not include any additional text, punctuation or explanation.

My answer is
",1
fake_416,1,99,5,1,28,1,3,"Today is November 5, 2024. Racially, I am white. Politically, I am an independent who leans Republican. I attend church. I am 28 years old. I am a man. I am not very interested in politics.. Question: Do you think the federal government should be doing more about the opioid drug addiction issue, should be doing less, or is it currently doing the right amount?

Answer choices:
1. Should be doing more 2. Should be doing less 3. Is doing the right amount

When answering, respond ONLY with a single number that corresponds to the option you choose. Do not include any additional text, punctuation or explanation.

My answer is
",1
fake_417,4,5,2,2,20,2,2,"Today is November 5, 2024. Racially, I am asian. Ideologically, I am slightly conservative. Politically, I am a weak Democrat. I do not attend church. I am 20 years old. I am a woman. I am somewhat interested in politics.. Question: Do you think the federal government should be doing more about the opioid drug addiction issue, should be doing less, or is it currently doing the right amount?

Answer choices:
1. Should be doing more 2. Should be doing less 3. Is doing the right amount

When answering, respond ONLY with a single number that corresponds to the option you choose. Do not include any additional text, punctuation or explanation.

My answer is
",1
fake_418,1,4,1,1,80,2,2,"Today is November 5, 2024. Racially, I am white. Ideologically, I am moderate. Politically, I am a strong democrat. I attend church. I am 80 years old. I am a woman. I am somewhat interested in politics.. Question: Do you think the federal government should be doing more about the opioid drug addiction issue, should be doing less, or is it currently doing the right amount?

Answer choices:
1. Should be doing more 2. Should be doing less 3. Is doing the right amount

When answering, respond ONLY with a single number that corresponds to the option you choose. Do not include any additional text, punctuation or explanation.

My answer is
",1
fake_419,1,2,6,2,53,2,2,"Today is November 5, 2024. Racially, I am white. Ideologically, I am liberal. Politically, I am a weak Republican. I do not attend church. I am 53 years old. I am a woman. I am somewhat interested in politics.. Question: Do you think the federal government should be doing more about the opioid drug addiction issue, should be doing less, or is it currently doing the right amount?

Answer choices:
1. Should be doing more 2. Should be doing less 3. Is doing the right amount

When answering, respond ONLY with a single number that corresponds to the option you choose. Do not include any additional text, punctuation or explanation.

My answer is
",1
fake_420,1,4,3,2,66,2,3,"Today is November 5, 2024. Racially, I am white. Ideologically, I am moderate. Politically, I am an independent who leans Democratic. I do not attend church. I am 66 years old. I am a woman. I am not very interested in politics.. Question: Do you think the federal government should be doing more about the opioid drug addiction issue, should be doing less, or is it currently doing the right amount?

Answer choices:
1. Should be doing more 2. Should be doing less 3. Is doing the right amount

When answering, respond ONLY with a single number that corresponds to the option you choose. Do not include any additional text, punctuation or explanation.

My answer is
",1
fake_421,1,6,5,2,80,1,2,"Today is November 5, 2024. Racially, I am white. Ideologically, I am conservative. Politically, I am an independent who leans Republican. I do not attend church. I am 80 years old. I am a man. I am somewhat interested in politics.. Question: Do you think the federal government should be doing more about the opioid drug addiction issue, should be doing less, or is it currently doing the right amount?

Answer choices:
1. Should be doing more 2. Should be doing less 3. Is doing the right amount

When answering, respond ONLY with a single number that corresponds to the option you choose. Do not include any additional text, punctuation or explanation.

My answer is
",1
fake_422,1,4,7,-1,80,2,2,"Today is November 5, 2024. Racially, I am white. Ideologically, I am moderate. Politically, I am a strong Republican. I am 80 years old. I am a woman. I am somewhat interested in politics.. Question: Do you think the federal government should be doing more about the opioid drug addiction issue, should be doing less, or is it currently doing the right amount?

Answer choices:
1. Should be doing more 2. Should be doing less 3. Is doing the right amount

When answering, respond ONLY with a single number that corresponds to the option you choose. Do not include any additional text, punctuation or explanation.

My answer is
",1
fake_423,1,4,3,1,22,1,1,"Today is November 5, 2024. Racially, I am white. Ideologically, I am moderate. Politically, I am an independent who leans Democratic. I attend church. I am 22 years old. I am a man. I am very interested in politics.. Question: Do you think the federal government should be doing more about the opioid drug addiction issue, should be doing less, or is it currently doing the right amount?

Answer choices:
1. Should be doing more 2. Should be doing less 3. Is doing the right amount

When answering, respond ONLY with a single number that corresponds to the option you choose. Do not include any additional text, punctuation or explanation.

My answer is
",1
fake_424,1,4,5,1,65,2,2,"Today is November 5, 2024. Racially, I am white. Ideologically, I am moderate. Politically, I am an independent who leans Republican. I attend church. I am 65 years old. I am a woman. I am somewhat interested in politics.. Question: Do you think the federal government should be doing more about the opioid drug addiction issue, should be doing less, or is it currently doing the right amount?

Answer choices:
1. Should be doing more 2. Should be doing less 3. Is doing the right amount

When answering, respond ONLY with a single number that corresponds to the option you choose. Do not include any additional text, punctuation or explanation.

My answer is
",1
fake_425,1,4,3,1,63,2,3,"Today is November 5, 2024. Racially, I am white. Ideologically, I am moderate. Politically, I am an independent who leans Democratic. I attend church. I am 63 years old. I am a woman. I am not very interested in politics.. Question: Do you think the federal government should be doing more about the opioid drug addiction issue, should be doing less, or is it currently doing the right amount?

Answer choices:
1. Should be doing more 2. Should be doing less 3. Is doing the right amount

When answering, respond ONLY with a single number that corresponds to the option you choose. Do not include any additional text, punctuation or explanation.

My answer is
",1
fake_426,1,7,1,1,73,2,1,"Today is November 5, 2024. Racially, I am white. Ideologically, I am extremely conservative. Politically, I am a strong democrat. I attend church. I am 73 years old. I am a woman. I am very interested in politics.. Question: Do you think the federal government should be doing more about the opioid drug addiction issue, should be doing less, or is it currently doing the right amount?

Answer choices:
1. Should be doing more 2. Should be doing less 3. Is doing the right amount

When answering, respond ONLY with a single number that corresponds to the option you choose. Do not include any additional text, punctuation or explanation.

My answer is
",1
fake_427,1,4,1,-1,24,1,2,"Today is November 5, 2024. Racially, I am white. Ideologically, I am moderate. Politically, I am a strong democrat. I am 24 years old. I am a man. I am somewhat interested in politics.. Question: Do you think the federal government should be doing more about the opioid drug addiction issue, should be doing less, or is it currently doing the right amount?

Answer choices:
1. Should be doing more 2. Should be doing less 3. Is doing the right amount

When answering, respond ONLY with a single number that corresponds to the option you choose. Do not include any additional text, punctuation or explanation.

My answer is
",1
fake_428,6,2,4,2,73,1,3,"Today is November 5, 2024. Ideologically, I am liberal. Politically, I am an independent. I do not attend church. I am 73 years old. I am a man. I am not very interested in politics.. Question: Do you think the federal government should be doing more about the opioid drug addiction issue, should be doing less, or is it currently doing the right amount?

Answer choices:
1. Should be doing more 2. Should be doing less 3. Is doing the right amount

When answering, respond ONLY with a single number that corresponds to the option you choose. Do not include any additional text, punctuation or explanation.

My answer is
",1
fake_429,1,99,3,-9,45,1,2,"Today is November 5, 2024. Racially, I am white. Politically, I am an independent who leans Democratic. I am 45 years old. I am a man. I am somewhat interested in politics.. Question: Do you think the federal government should be doing more about the opioid drug addiction issue, should be doing less, or is it currently doing the right amount?

Answer choices:
1. Should be doing more 2. Should be doing less 3. Is doing the right amount

When answering, respond ONLY with a single number that corresponds to the option you choose. Do not include any additional text, punctuation or explanation.

My answer is
",1
fake_430,1,3,6,2,79,2,2,"Today is November 5, 2024. Racially, I am white. Ideologically, I am slightly liberal. Politically, I am a weak Republican. I do not attend church. I am 79 years old. I am a woman. I am somewhat interested in politics.. Question: Do you think the federal government should be doing more about the opioid drug addiction issue, should be doing less, or is it currently doing the right amount?

Answer choices:
1. Should be doing more 2. Should be doing less 3. Is doing the right amount

When answering, respond ONLY with a single number that corresponds to the option you choose. Do not include any additional text, punctuation or explanation.

My answer is
",1
fake_431,1,5,5,1,22,2,1,"Today is November 5, 2024. Racially, I am white. Ideologically, I am slightly conservative. Politically, I am an independent who leans Republican. I attend church. I am 22 years old. I am a woman. I am very interested in politics.. Question: Do you think the federal government should be doing more about the opioid drug addiction issue, should be doing less, or is it currently doing the right amount?

Answer choices:
1. Should be doing more 2. Should be doing less 3. Is doing the right amount

When answering, respond ONLY with a single number that corresponds to the option you choose. Do not include any additional text, punctuation or explanation.

My answer is
",1
fake_432,1,4,4,1,32,1,2,"Today is November 5, 2024. Racially, I am white. Ideologically, I am moderate. Politically, I am an independent. I attend church. I am 32 years old. I am a man. I am somewhat interested in politics.. Question: Do you think the federal government should be doing more about the opioid drug addiction issue, should be doing less, or is it currently doing the right amount?

Answer choices:
1. Should be doing more 2. Should be doing less 3. Is doing the right amount

When answering, respond ONLY with a single number that corresponds to the option you choose. Do not include any additional text, punctuation or explanation.

My answer is
",1
fake_433,3,6,1,2,30,1,2,"Today is November 5, 2024. Racially, I am hispanic. Ideologically, I am conservative. Politically, I am a strong democrat. I do not attend church. I am 30 years old. I am a man. I am somewhat interested in politics.. Question: Do you think the federal government should be doing more about the opioid drug addiction issue, should be doing less, or is it currently doing the right amount?

Answer choices:
1. Should be doing more 2. Should be doing less 3. Is doing the right amount

When answering, respond ONLY with a single number that corresponds to the option you choose. Do not include any additional text, punctuation or explanation.

My answer is
",1
fake_434,3,4,7,1,22,1,2,"Today is November 5, 2024. Racially, I am hispanic. Ideologically, I am moderate. Politically, I am a strong Republican. I attend church. I am 22 years old. I am a man. I am somewhat interested in politics.. Question: Do you think the federal government should be doing more about the opioid drug addiction issue, should be doing less, or is it currently doing the right amount?

Answer choices:
1. Should be doing more 2. Should be doing less 3. Is doing the right amount

When answering, respond ONLY with a single number that corresponds to the option you choose. Do not include any additional text, punctuation or explanation.

My answer is
",1
fake_435,2,1,5,1,39,2,-7,"Today is November 5, 2024. Racially, I am black. Ideologically, I am extremely liberal. Politically, I am an independent who leans Republican. I attend church. I am 39 years old. I am a woman.. Question: Do you think the federal government should be doing more about the opioid drug addiction issue, should be doing less, or is it currently doing the right amount?

Answer choices:
1. Should be doing more 2. Should be doing less 3. Is doing the right amount

When answering, respond ONLY with a single number that corresponds to the option you choose. Do not include any additional text, punctuation or explanation.

My answer is
",1
fake_436,1,5,1,1,70,1,1,"Today is November 5, 2024. Racially, I am white. Ideologically, I am slightly conservative. Politically, I am a strong democrat. I attend church. I am 70 years old. I am a man. I am very interested in politics.. Question: Do you think the federal government should be doing more about the opioid drug addiction issue, should be doing less, or is it currently doing the right amount?

Answer choices:
1. Should be doing more 2. Should be doing less 3. Is doing the right amount

When answering, respond ONLY with a single number that corresponds to the option you choose. Do not include any additional text, punctuation or explanation.

My answer is
",1
fake_437,1,5,3,2,46,2,3,"Today is November 5, 2024. Racially, I am white. Ideologically, I am slightly conservative. Politically, I am an independent who leans Democratic. I do not attend church. I am 46 years old. I am a woman. I am not very interested in politics.. Question: Do you think the federal government should be doing more about the opioid drug addiction issue, should be doing less, or is it currently doing the right amount?

Answer choices:
1. Should be doing more 2. Should be doing less 3. Is doing the right amount

When answering, respond ONLY with a single number that corresponds to the option you choose. Do not include any additional text, punctuation or explanation.

My answer is
",1
fake_438,1,4,7,-1,68,2,2,"Today is November 5, 2024. Racially, I am white. Ideologically, I am moderate. Politically, I am a strong Republican. I am 68 years old. I am a woman. I am somewhat interested in politics.. Question: Do you think the federal government should be doing more about the opioid drug addiction issue, should be doing less, or is it currently doing the right amount?

Answer choices:
1. Should be doing more 2. Should be doing less 3. Is doing the right amount

When answering, respond ONLY with a single number that corresponds to the option you choose. Do not include any additional text, punctuation or explanation.

My answer is
",1
fake_439,2,-9,6,2,28,1,2,"Today is November 5, 2024. Racially, I am black. Politically, I am a weak Republican. I do not attend church. I am 28 years old. I am a man. I am somewhat interested in politics.. Question: Do you think the federal government should be doing more about the opioid drug addiction issue, should be doing less, or is it currently doing the right amount?

Answer choices:
1. Should be doing more 2. Should be doing less 3. Is doing the right amount

When answering, respond ONLY with a single number that corresponds to the option you choose. Do not include any additional text, punctuation or explanation.

My answer is
",1
fake_440,1,6,7,1,63,1,2,"Today is November 5, 2024. Racially, I am white. Ideologically, I am conservative. Politically, I am a strong Republican. I attend church. I am 63 years old. I am a man. I am somewhat interested in politics.. Question: Do you think the federal government should be doing more about the opioid drug addiction issue, should be doing less, or is it currently doing the right amount?

Answer choices:
1. Should be doing more 2. Should be doing less 3. Is doing the right amount

When answering, respond ONLY with a single number that corresponds to the option you choose. Do not include any additional text, punctuation or explanation.

My answer is
",1
fake_441,1,2,6,1,51,1,1,"Today is November 5, 2024. Racially, I am white. Ideologically, I am liberal. Politically, I am a weak Republican. I attend church. I am 51 years old. I am a man. I am very interested in politics.. Question: Do you think the federal government should be doing more about the opioid drug addiction issue, should be doing less, or is it currently doing the right amount?

Answer choices:
1. Should be doing more 2. Should be doing less 3. Is doing the right amount

When answering, respond ONLY with a single number that corresponds to the option you choose. Do not include any additional text, punctuation or explanation.

My answer is
",1
fake_442,4,4,7,2,70,1,4,"Today is November 5, 2024. Racially, I am asian. Ideologically, I am moderate. Politically, I am a strong Republican. I do not attend church. I am 70 years old. I am a man. I am not at all interested in politics.. Question: Do you think the federal government should be doing more about the opioid drug addiction issue, should be doing less, or is it currently doing the right amount?

Answer choices:
1. Should be doing more 2. Should be doing less 3. Is doing the right amount

When answering, respond ONLY with a single number that corresponds to the option you choose. Do not include any additional text, punctuation or explanation.

My answer is
",1
fake_443,1,2,1,1,59,1,1,"Today is November 5, 2024. Racially, I am white. Ideologically, I am liberal. Politically, I am a strong democrat. I attend church. I am 59 years old. I am a man. I am very interested in politics.. Question: Do you think the federal government should be doing more about the opioid drug addiction issue, should be doing less, or is it currently doing the right amount?

Answer choices:
1. Should be doing more 2. Should be doing less 3. Is doing the right amount

When answering, respond ONLY with a single number that corresponds to the option you choose. Do not include any additional text, punctuation or explanation.

My answer is
",1
fake_444,3,2,5,2,75,2,1,"Today is November 5, 2024. Racially, I am hispanic. Ideologically, I am liberal. Politically, I am an independent who leans Republican. I do not attend church. I am 75 years old. I am a woman. I am very interested in politics.. Question: Do you think the federal government should be doing more about the opioid drug addiction issue, should be doing less, or is it currently doing the right amount?

Answer choices:
1. Should be doing more 2. Should be doing less 3. Is doing the right amount

When answering, respond ONLY with a single number that corresponds to the option you choose. Do not include any additional text, punctuation or explanation.

My answer is
",1
fake_445,2,3,1,2,69,2,-6,"Today is November 5, 2024. Racially, I am black. Ideologically, I am slightly liberal. Politically, I am a strong democrat. I do not attend church. I am 69 years old. I am a woman.. Question: Do you think the federal government should be doing more about the opioid drug addiction issue, should be doing less, or is it currently doing the right amount?

Answer choices:
1. Should be doing more 2. Should be doing less 3. Is doing the right amount

When answering, respond ONLY with a single number that corresponds to the option you choose. Do not include any additional text, punctuation or explanation.

My answer is
",1
fake_446,3,4,3,-1,42,1,2,"Today is November 5, 2024. Racially, I am hispanic. Ideologically, I am moderate. Politically, I am an independent who leans Democratic. I am 42 years old. I am a man. I am somewhat interested in politics.. Question: Do you think the federal government should be doing more about the opioid drug addiction issue, should be doing less, or is it currently doing the right amount?

Answer choices:
1. Should be doing more 2. Should be doing less 3. Is doing the right amount

When answering, respond ONLY with a single number that corresponds to the option you choose. Do not include any additional text, punctuation or explanation.

My answer is
",1
fake_447,1,5,5,1,75,2,2,"Today is November 5, 2024. Racially, I am white. Ideologically, I am slightly conservative. Politically, I am an independent who leans Republican. I attend church. I am 75 years old. I am a woman. I am somewhat interested in politics.. Question: Do you think the federal government should be doing more about the opioid drug addiction issue, should be doing less, or is it currently doing the right amount?

Answer choices:
1. Should be doing more 2. Should be doing less 3. Is doing the right amount

When answering, respond ONLY with a single number that corresponds to the option you choose. Do not include any additional text, punctuation or explanation.

My answer is
",1
fake_448,1,2,6,2,61,1,2,"Today is November 5, 2024. Racially, I am white. Ideologically, I am liberal. Politically, I am a weak Republican. I do not attend church. I am 61 years old. I am a man. I am somewhat interested in politics.. Question: Do you think the federal government should be doing more about the opioid drug addiction issue, should be doing less, or is it currently doing the right amount?

Answer choices:
1. Should be doing more 2. Should be doing less 3. Is doing the right amount

When answering, respond ONLY with a single number that corresponds to the option you choose. Do not include any additional text, punctuation or explanation.

My answer is
",1
fake_449,1,6,7,1,29,1,1,"Today is November 5, 2024. Racially, I am white. Ideologically, I am conservative. Politically, I am a strong Republican. I attend church. I am 29 years old. I am a man. I am very interested in politics.. Question: Do you think the federal government should be doing more about the opioid drug addiction issue, should be doing less, or is it currently doing the right amount?

Answer choices:
1. Should be doing more 2. Should be doing less 3. Is doing the right amount

When answering, respond ONLY with a single number that corresponds to the option you choose. Do not include any additional text, punctuation or explanation.

My answer is
",1
fake_450,1,1,3,1,43,2,2,"Today is November 5, 2024. Racially, I am white. Ideologically, I am extremely liberal. Politically, I am an independent who leans Democratic. I attend church. I am 43 years old. I am a woman. I am somewhat interested in politics.. Question: Do you think the federal government should be doing more about the opioid drug addiction issue, should be doing less, or is it currently doing the right amount?

Answer choices:
1. Should be doing more 2. Should be doing less 3. Is doing the right amount

When answering, respond ONLY with a single number that corresponds to the option you choose. Do not include any additional text, punctuation or explanation.

My answer is
",1
fake_451,1,6,-9,1,49,1,1,"Today is November 5, 2024. Racially, I am white. Ideologically, I am conservative. I attend church. I am 49 years old. I am a man. I am very interested in politics.. Question: Do you think the federal government should be doing more about the opioid drug addiction issue, should be doing less, or is it currently doing the right amount?

Answer choices:
1. Should be doing more 2. Should be doing less 3. Is doing the right amount

When answering, respond ONLY with a single number that corresponds to the option you choose. Do not include any additional text, punctuation or explanation.

My answer is
",1
fake_452,1,99,3,2,-2,2,-6,"Today is November 5, 2024. Racially, I am white. Politically, I am an independent who leans Democratic. I do not attend church. I am a woman.. Question: Do you think the federal government should be doing more about the opioid drug addiction issue, should be doing less, or is it currently doing the right amount?

Answer choices:
1. Should be doing more 2. Should be doing less 3. Is doing the right amount

When answering, respond ONLY with a single number that corresponds to the option you choose. Do not include any additional text, punctuation or explanation.

My answer is
",1
fake_453,2,1,1,2,65,1,-6,"Today is November 5, 2024. Racially, I am black. Ideologically, I am extremely liberal. Politically, I am a strong democrat. I do not attend church. I am 65 years old. I am a man.. Question: Do you think the federal government should be doing more about the opioid drug addiction issue, should be doing less, or is it currently doing the right amount?

Answer choices:
1. Should be doing more 2. Should be doing less 3. Is doing the right amount

When answering, respond ONLY with a single number that corresponds to the option you choose. Do not include any additional text, punctuation or explanation.

My answer is
",1
fake_454,6,2,5,1,57,1,3,"Today is November 5, 2024. Ideologically, I am liberal. Politically, I am an independent who leans Republican. I attend church. I am 57 years old. I am a man. I am not very interested in politics.. Question: Do you think the federal government should be doing more about the opioid drug addiction issue, should be doing less, or is it currently doing the right amount?

Answer choices:
1. Should be doing more 2. Should be doing less 3. Is doing the right amount

When answering, respond ONLY with a single number that corresponds to the option you choose. Do not include any additional text, punctuation or explanation.

My answer is
",1
fake_455,1,6,7,2,33,1,2,"Today is November 5, 2024. Racially, I am white. Ideologically, I am conservative. Politically, I am a strong Republican. I do not attend church. I am 33 years old. I am a man. I am somewhat interested in politics.. Question: Do you think the federal government should be doing more about the opioid drug addiction issue, should be doing less, or is it currently doing the right amount?

Answer choices:
1. Should be doing more 2. Should be doing less 3. Is doing the right amount

When answering, respond ONLY with a single number that corresponds to the option you choose. Do not include any additional text, punctuation or explanation.

My answer is
",1
fake_456,1,5,6,2,43,1,1,"Today is November 5, 2024. Racially, I am white. Ideologically, I am slightly conservative. Politically, I am a weak Republican. I do not attend church. I am 43 years old. I am a man. I am very interested in politics.. Question: Do you think the federal government should be doing more about the opioid drug addiction issue, should be doing less, or is it currently doing the right amount?

Answer choices:
1. Should be doing more 2. Should be doing less 3. Is doing the right amount

When answering, respond ONLY with a single number that corresponds to the option you choose. Do not include any additional text, punctuation or explanation.

My answer is
",1
fake_457,1,5,3,1,52,1,4,"Today is November 5, 2024. Racially, I am white. Ideologically, I am slightly conservative. Politically, I am an independent who leans Democratic. I attend church. I am 52 years old. I am a man. I am not at all interested in politics.. Question: Do you think the federal government should be doing more about the opioid drug addiction issue, should be doing less, or is it currently doing the right amount?

Answer choices:
1. Should be doing more 2. Should be doing less 3. Is doing the right amount

When answering, respond ONLY with a single number that corresponds to the option you choose. Do not include any additional text, punctuation or explanation.

My answer is
",1
fake_458,1,99,1,2,22,1,2,"Today is November 5, 2024. Racially, I am white. Politically, I am a strong democrat. I do not attend church. I am 22 years old. I am a man. I am somewhat interested in politics.. Question: Do you think the federal government should be doing more about the opioid drug addiction issue, should be doing less, or is it currently doing the right amount?

Answer choices:
1. Should be doing more 2. Should be doing less 3. Is doing the right amount

When answering, respond ONLY with a single number that corresponds to the option you choose. Do not include any additional text, punctuation or explanation.

My answer is
",1
fake_459,1,6,4,2,36,1,2,"Today is November 5, 2024. Racially, I am white. Ideologically, I am conservative. Politically, I am an independent. I do not attend church. I am 36 years old. I am a man. I am somewhat interested in politics.. Question: Do you think the federal government should be doing more about the opioid drug addiction issue, should be doing less, or is it currently doing the right amount?

Answer choices:
1. Should be doing more 2. Should be doing less 3. Is doing the right amount

When answering, respond ONLY with a single number that corresponds to the option you choose. Do not include any additional text, punctuation or explanation.

My answer is
",1
fake_460,1,6,3,2,60,2,2,"Today is November 5, 2024. Racially, I am white. Ideologically, I am conservative. Politically, I am an independent who leans Democratic. I do not attend church. I am 60 years old. I am a woman. I am somewhat interested in politics.. Question: Do you think the federal government should be doing more about the opioid drug addiction issue, should be doing less, or is it currently doing the right amount?

Answer choices:
1. Should be doing more 2. Should be doing less 3. Is doing the right amount

When answering, respond ONLY with a single number that corresponds to the option you choose. Do not include any additional text, punctuation or explanation.

My answer is
",1
fake_461,1,6,1,1,72,2,3,"Today is November 5, 2024. Racially, I am white. Ideologically, I am conservative. Politically, I am a strong democrat. I attend church. I am 72 years old. I am a woman. I am not very interested in politics.. Question: Do you think the federal government should be doing more about the opioid drug addiction issue, should be doing less, or is it currently doing the right amount?

Answer choices:
1. Should be doing more 2. Should be doing less 3. Is doing the right amount

When answering, respond ONLY with a single number that corresponds to the option you choose. Do not include any additional text, punctuation or explanation.

My answer is
",1
fake_462,1,5,4,2,50,2,2,"Today is November 5, 2024. Racially, I am white. Ideologically, I am slightly conservative. Politically, I am an independent. I do not attend church. I am 50 years old. I am a woman. I am somewhat interested in politics.. Question: Do you think the federal government should be doing more about the opioid drug addiction issue, should be doing less, or is it currently doing the right amount?

Answer choices:
1. Should be doing more 2. Should be doing less 3. Is doing the right amount

When answering, respond ONLY with a single number that corresponds to the option you choose. Do not include any additional text, punctuation or explanation.

My answer is
",1
fake_463,1,4,5,2,76,2,1,"Today is November 5, 2024. Racially, I am white. Ideologically, I am moderate. Politically, I am an independent who leans Republican. I do not attend church. I am 76 years old. I am a woman. I am very interested in politics.. Question: Do you think the federal government should be doing more about the opioid drug addiction issue, should be doing less, or is it currently doing the right amount?

Answer choices:
1. Should be doing more 2. Should be doing less 3. Is doing the right amount

When answering, respond ONLY with a single number that corresponds to the option you choose. Do not include any additional text, punctuation or explanation.

My answer is
",1
fake_464,1,6,7,1,60,1,2,"Today is November 5, 2024. Racially, I am white. Ideologically, I am conservative. Politically, I am a strong Republican. I attend church. I am 60 years old. I am a man. I am somewhat interested in politics.. Question: Do you think the federal government should be doing more about the opioid drug addiction issue, should be doing less, or is it currently doing the right amount?

Answer choices:
1. Should be doing more 2. Should be doing less 3. Is doing the right amount

When answering, respond ONLY with a single number that corresponds to the option you choose. Do not include any additional text, punctuation or explanation.

My answer is
",1
fake_465,1,4,5,1,69,2,2,"Today is November 5, 2024. Racially, I am white. Ideologically, I am moderate. Politically, I am an independent who leans Republican. I attend church. I am 69 years old. I am a woman. I am somewhat interested in politics.. Question: Do you think the federal government should be doing more about the opioid drug addiction issue, should be doing less, or is it currently doing the right amount?

Answer choices:
1. Should be doing more 2. Should be doing less 3. Is doing the right amount

When answering, respond ONLY with a single number that corresponds to the option you choose. Do not include any additional text, punctuation or explanation.

My answer is
",1
fake_466,1,2,7,1,35,1,1,"Today is November 5, 2024. Racially, I am white. Ideologically, I am liberal. Politically, I am a strong Republican. I attend church. I am 35 years old. I am a man. I am very interested in politics.. Question: Do you think the federal government should be doing more about the opioid drug addiction issue, should be doing less, or is it currently doing the right amount?

Answer choices:
1. Should be doing more 2. Should be doing less 3. Is doing the right amount

When answering, respond ONLY with a single number that corresponds to the option you choose. Do not include any additional text, punctuation or explanation.

My answer is
",1
fake_467,1,6,5,2,80,1,2,"Today is November 5, 2024. Racially, I am white. Ideologically, I am conservative. Politically, I am an independent who leans Republican. I do not attend church. I am 80 years old. I am a man. I am somewhat interested in politics.. Question: Do you think the federal government should be doing more about the opioid drug addiction issue, should be doing less, or is it currently doing the right amount?

Answer choices:
1. Should be doing more 2. Should be doing less 3. Is doing the right amount

When answering, respond ONLY with a single number that corresponds to the option you choose. Do not include any additional text, punctuation or explanation.

My answer is
",1
fake_468,6,6,2,1,31,1,3,"Today is November 5, 2024. Ideologically, I am conservative. Politically, I am a weak Democrat. I attend church. I am 31 years old. I am a man. I am not very interested in politics.. Question: Do you think the federal government should be doing more about the opioid drug addiction issue, should be doing less, or is it currently doing the right amount?

Answer choices:
1. Should be doing more 2. Should be doing less 3. Is doing the right amount

When answering, respond ONLY with a single number that corresponds to the option you choose. Do not include any additional text, punctuation or explanation.

My answer is
",1
fake_469,1,5,3,2,76,1,3,"Today is November 5, 2024. Racially, I am white. Ideologically, I am slightly conservative. Politically, I am an independent who leans Democratic. I do not attend church. I am 76 years old. I am a man. I am not very interested in politics.. Question: Do you think the federal government should be doing more about the opioid drug addiction issue, should be doing less, or is it currently doing the right amount?

Answer choices:
1. Should be doing more 2. Should be doing less 3. Is doing the right amount

When answering, respond ONLY with a single number that corresponds to the option you choose. Do not include any additional text, punctuation or explanation.

My answer is
",1
fake_470,-9,4,3,1,30,2,2,"Today is November 5, 2024. Ideologically, I am moderate. Politically, I am an independent who leans Democratic. I attend church. I am 30 years old. I am a woman. I am somewhat interested in politics.. Question: Do you think the federal government should be doing more about the opioid drug addiction issue, should be doing less, or is it currently doing the right amount?

Answer choices:
1. Should be doing more 2. Should be doing less 3. Is doing the right amount

When answering, respond ONLY with a single number that corresponds to the option you choose. Do not include any additional text, punctuation or explanation.

My answer is
",1
fake_471,1,6,2,1,53,2,2,"Today is November 5, 2024. Racially, I am white. Ideologically, I am conservative. Politically, I am a weak Democrat. I attend church. I am 53 years old. I am a woman. I am somewhat interested in politics.. Question: Do you think the federal government should be doing more about the opioid drug addiction issue, should be doing less, or is it currently doing the right amount?

Answer choices:
1. Should be doing more 2. Should be doing less 3. Is doing the right amount

When answering, respond ONLY with a single number that corresponds to the option you choose. Do not include any additional text, punctuation or explanation.

My answer is
",1
fake_472,1,2,7,1,45,2,2,"Today is November 5, 2024. Racially, I am white. Ideologically, I am liberal. Politically, I am a strong Republican. I attend church. I am 45 years old. I am a woman. I am somewhat interested in politics.. Question: Do you think the federal government should be doing more about the opioid drug addiction issue, should be doing less, or is it currently doing the right amount?

Answer choices:
1. Should be doing more 2. Should be doing less 3. Is doing the right amount

When answering, respond ONLY with a single number that corresponds to the option you choose. Do not include any additional text, punctuation or explanation.

My answer is
",1
fake_473,1,2,1,1,38,1,1,"Today is November 5, 2024. Racially, I am white. Ideologically, I am liberal. Politically, I am a strong democrat. I attend church. I am 38 years old. I am a man. I am very interested in politics.. Question: Do you think the federal government should be doing more about the opioid drug addiction issue, should be doing less, or is it currently doing the right amount?

Answer choices:
1. Should be doing more 2. Should be doing less 3. Is doing the right amount

When answering, respond ONLY with a single number that corresponds to the option you choose. Do not include any additional text, punctuation or explanation.

My answer is
",1
fake_474,3,2,2,1,28,2,3,"Today is November 5, 2024. Racially, I am hispanic. Ideologically, I am liberal. Politically, I am a weak Democrat. I attend church. I am 28 years old. I am a woman. I am not very interested in politics.. Question: Do you think the federal government should be doing more about the opioid drug addiction issue, should be doing less, or is it currently doing the right amount?

Answer choices:
1. Should be doing more 2. Should be doing less 3. Is doing the right amount

When answering, respond ONLY with a single number that corresponds to the option you choose. Do not include any additional text, punctuation or explanation.

My answer is
",1
fake_475,1,3,1,2,29,2,4,"Today is November 5, 2024. Racially, I am white. Ideologically, I am slightly liberal. Politically, I am a strong democrat. I do not attend church. I am 29 years old. I am a woman. I am not at all interested in politics.. Question: Do you think the federal government should be doing more about the opioid drug addiction issue, should be doing less, or is it currently doing the right amount?

Answer choices:
1. Should be doing more 2. Should be doing less 3. Is doing the right amount

When answering, respond ONLY with a single number that corresponds to the option you choose. Do not include any additional text, punctuation or explanation.

My answer is
",1
fake_476,1,99,1,1,80,2,3,"Today is November 5, 2024. Racially, I am white. Politically, I am a strong democrat. I attend church. I am 80 years old. I am a woman. I am not very interested in politics.. Question: Do you think the federal government should be doing more about the opioid drug addiction issue, should be doing less, or is it currently doing the right amount?

Answer choices:
1. Should be doing more 2. Should be doing less 3. Is doing the right amount

When answering, respond ONLY with a single number that corresponds to the option you choose. Do not include any additional text, punctuation or explanation.

My answer is
",1
fake_477,1,1,5,2,43,1,3,"Today is November 5, 2024. Racially, I am white. Ideologically, I am extremely liberal. Politically, I am an independent who leans Republican. I do not attend church. I am 43 years old. I am a man. I am not very interested in politics.. Question: Do you think the federal government should be doing more about the opioid drug addiction issue, should be doing less, or is it currently doing the right amount?

Answer choices:
1. Should be doing more 2. Should be doing less 3. Is doing the right amount

When answering, respond ONLY with a single number that corresponds to the option you choose. Do not include any additional text, punctuation or explanation.

My answer is
",1
fake_478,2,2,7,2,54,2,-6,"Today is November 5, 2024. Racially, I am black. Ideologically, I am liberal. Politically, I am a strong Republican. I do not attend church. I am 54 years old. I am a woman.. Question: Do you think the federal government should be doing more about the opioid drug addiction issue, should be doing less, or is it currently doing the right amount?

Answer choices:
1. Should be doing more 2. Should be doing less 3. Is doing the right amount

When answering, respond ONLY with a single number that corresponds to the option you choose. Do not include any additional text, punctuation or explanation.

My answer is
",1
fake_479,3,4,4,2,44,2,3,"Today is November 5, 2024. Racially, I am hispanic. Ideologically, I am moderate. Politically, I am an independent. I do not attend church. I am 44 years old. I am a woman. I am not very interested in politics.. Question: Do you think the federal government should be doing more about the opioid drug addiction issue, should be doing less, or is it currently doing the right amount?

Answer choices:
1. Should be doing more 2. Should be doing less 3. Is doing the right amount

When answering, respond ONLY with a single number that corresponds to the option you choose. Do not include any additional text, punctuation or explanation.

My answer is
",1
fake_480,1,3,3,2,45,2,1,"Today is November 5, 2024. Racially, I am white. Ideologically, I am slightly liberal. Politically, I am an independent who leans Democratic. I do not attend church. I am 45 years old. I am a woman. I am very interested in politics.. Question: Do you think the federal government should be doing more about the opioid drug addiction issue, should be doing less, or is it currently doing the right amount?

Answer choices:
1. Should be doing more 2. Should be doing less 3. Is doing the right amount

When answering, respond ONLY with a single number that corresponds to the option you choose. Do not include any additional text, punctuation or explanation.

My answer is
",1
fake_481,1,6,7,1,-2,2,2,"Today is November 5, 2024. Racially, I am white. Ideologically, I am conservative. Politically, I am a strong Republican. I attend church. I am a woman. I am somewhat interested in politics.. Question: Do you think the federal government should be doing more about the opioid drug addiction issue, should be doing less, or is it currently doing the right amount?

Answer choices:
1. Should be doing more 2. Should be doing less 3. Is doing the right amount

When answering, respond ONLY with a single number that corresponds to the option you choose. Do not include any additional text, punctuation or explanation.

My answer is
",1
fake_482,1,4,3,1,30,1,1,"Today is November 5, 2024. Racially, I am white. Ideologically, I am moderate. Politically, I am an independent who leans Democratic. I attend church. I am 30 years old. I am a man. I am very interested in politics.. Question: Do you think the federal government should be doing more about the opioid drug addiction issue, should be doing less, or is it currently doing the right amount?

Answer choices:
1. Should be doing more 2. Should be doing less 3. Is doing the right amount

When answering, respond ONLY with a single number that corresponds to the option you choose. Do not include any additional text, punctuation or explanation.

My answer is
",1
fake_483,3,6,6,2,36,1,-6,"Today is November 5, 2024. Racially, I am hispanic. Ideologically, I am conservative. Politically, I am a weak Republican. I do not attend church. I am 36 years old. I am a man.. Question: Do you think the federal government should be doing more about the opioid drug addiction issue, should be doing less, or is it currently doing the right amount?

Answer choices:
1. Should be doing more 2. Should be doing less 3. Is doing the right amount

When answering, respond ONLY with a single number that corresponds to the option you choose. Do not include any additional text, punctuation or explanation.

My answer is
",1
fake_484,1,6,1,1,31,1,2,"Today is November 5, 2024. Racially, I am white. Ideologically, I am conservative. Politically, I am a strong democrat. I attend church. I am 31 years old. I am a man. I am somewhat interested in politics.. Question: Do you think the federal government should be doing more about the opioid drug addiction issue, should be doing less, or is it currently doing the right amount?

Answer choices:
1. Should be doing more 2. Should be doing less 3. Is doing the right amount

When answering, respond ONLY with a single number that corresponds to the option you choose. Do not include any additional text, punctuation or explanation.

My answer is
",1
fake_485,1,5,1,-9,35,2,1,"Today is November 5, 2024. Racially, I am white. Ideologically, I am slightly conservative. Politically, I am a strong democrat. I am 35 years old. I am a woman. I am very interested in politics.. Question: Do you think the federal government should be doing more about the opioid drug addiction issue, should be doing less, or is it currently doing the right amount?

Answer choices:
1. Should be doing more 2. Should be doing less 3. Is doing the right amount

When answering, respond ONLY with a single number that corresponds to the option you choose. Do not include any additional text, punctuation or explanation.

My answer is
",1
fake_486,1,6,7,1,18,2,3,"Today is November 5, 2024. Racially, I am white. Ideologically, I am conservative. Politically, I am a strong Republican. I attend church. I am 18 years old. I am a woman. I am not very interested in politics.. Question: Do you think the federal government should be doing more about the opioid drug addiction issue, should be doing less, or is it currently doing the right amount?

Answer choices:
1. Should be doing more 2. Should be doing less 3. Is doing the right amount

When answering, respond ONLY with a single number that corresponds to the option you choose. Do not include any additional text, punctuation or explanation.

My answer is
",1
fake_487,3,5,2,1,54,2,4,"Today is November 5, 2024. Racially, I am hispanic. Ideologically, I am slightly conservative. Politically, I am a weak Democrat. I attend church. I am 54 years old. I am a woman. I am not at all interested in politics.. Question: Do you think the federal government should be doing more about the opioid drug addiction issue, should be doing less, or is it currently doing the right amount?

Answer choices:
1. Should be doing more 2. Should be doing less 3. Is doing the right amount

When answering, respond ONLY with a single number that corresponds to the option you choose. Do not include any additional text, punctuation or explanation.

My answer is
",1
fake_488,1,4,5,1,73,2,1,"Today is November 5, 2024. Racially, I am white. Ideologically, I am moderate. Politically, I am an independent who leans Republican. I attend church. I am 73 years old. I am a woman. I am very interested in politics.. Question: Do you think the federal government should be doing more about the opioid drug addiction issue, should be doing less, or is it currently doing the right amount?

Answer choices:
1. Should be doing more 2. Should be doing less 3. Is doing the right amount

When answering, respond ONLY with a single number that corresponds to the option you choose. Do not include any additional text, punctuation or explanation.

My answer is
",1
fake_489,1,2,1,2,26,2,3,"Today is November 5, 2024. Racially, I am white. Ideologically, I am liberal. Politically, I am a strong democrat. I do not attend church. I am 26 years old. I am a woman. I am not very interested in politics.. Question: Do you think the federal government should be doing more about the opioid drug addiction issue, should be doing less, or is it currently doing the right amount?

Answer choices:
1. Should be doing more 2. Should be doing less 3. Is doing the right amount

When answering, respond ONLY with a single number that corresponds to the option you choose. Do not include any additional text, punctuation or explanation.

My answer is
",1
fake_490,1,6,3,1,-2,1,2,"Today is November 5, 2024. Racially, I am white. Ideologically, I am conservative. Politically, I am an independent who leans Democratic. I attend church. I am a man. I am somewhat interested in politics.. Question: Do you think the federal government should be doing more about the opioid drug addiction issue, should be doing less, or is it currently doing the right amount?

Answer choices:
1. Should be doing more 2. Should be doing less 3. Is doing the right amount

When answering, respond ONLY with a single number that corresponds to the option you choose. Do not include any additional text, punctuation or explanation.

My answer is
",1
fake_491,1,99,7,1,40,1,2,"Today is November 5, 2024. Racially, I am white. Politically, I am a strong Republican. I attend church. I am 40 years old. I am a man. I am somewhat interested in politics.. Question: Do you think the federal government should be doing more about the opioid drug addiction issue, should be doing less, or is it currently doing the right amount?

Answer choices:
1. Should be doing more 2. Should be doing less 3. Is doing the right amount

When answering, respond ONLY with a single number that corresponds to the option you choose. Do not include any additional text, punctuation or explanation.

My answer is
",1
fake_492,1,4,2,1,21,1,2,"Today is November 5, 2024. Racially, I am white. Ideologically, I am moderate. Politically, I am a weak Democrat. I attend church. I am 21 years old. I am a man. I am somewhat interested in politics.. Question: Do you think the federal government should be doing more about the opioid drug addiction issue, should be doing less, or is it currently doing the right amount?

Answer choices:
1. Should be doing more 2. Should be doing less 3. Is doing the right amount

When answering, respond ONLY with a single number that corresponds to the option you choose. Do not include any additional text, punctuation or explanation.

My answer is
",1
fake_493,1,99,3,2,51,2,-6,"Today is November 5, 2024. Racially, I am white. Politically, I am an independent who leans Democratic. I do not attend church. I am 51 years old. I am a woman.. Question: Do you think the federal government should be doing more about the opioid drug addiction issue, should be doing less, or is it currently doing the right amount?

Answer choices:
1. Should be doing more 2. Should be doing less 3. Is doing the right amount

When answering, respond ONLY with a single number that corresponds to the option you choose. Do not include any additional text, punctuation or explanation.

My answer is
",1
fake_494,1,1,2,2,55,2,1,"Today is November 5, 2024. Racially, I am white. Ideologically, I am extremely liberal. Politically, I am a weak Democrat. I do not attend church. I am 55 years old. I am a woman. I am very interested in politics.. Question: Do you think the federal government should be doing more about the opioid drug addiction issue, should be doing less, or is it currently doing the right amount?

Answer choices:
1. Should be doing more 2. Should be doing less 3. Is doing the right amount

When answering, respond ONLY with a single number that corresponds to the option you choose. Do not include any additional text, punctuation or explanation.

My answer is
",1
fake_495,4,2,2,2,70,2,-6,"Today is November 5, 2024. Racially, I am asian. Ideologically, I am liberal. Politically, I am a weak Democrat. I do not attend church. I am 70 years old. I am a woman.. Question: Do you think the federal government should be doing more about the opioid drug addiction issue, should be doing less, or is it currently doing the right amount?

Answer choices:
1. Should be doing more 2. Should be doing less 3. Is doing the right amount

When answering, respond ONLY with a single number that corresponds to the option you choose. Do not include any additional text, punctuation or explanation.

My answer is
",1
fake_496,1,2,3,1,64,1,1,"Today is November 5, 2024. Racially, I am white. Ideologically, I am liberal. Politically, I am an independent who leans Democratic. I attend church. I am 64 years old. I am a man. I am very interested in politics.. Question: Do you think the federal government should be doing more about the opioid drug addiction issue, should be doing less, or is it currently doing the right amount?

Answer choices:
1. Should be doing more 2. Should be doing less 3. Is doing the right amount

When answering, respond ONLY with a single number that corresponds to the option you choose. Do not include any additional text, punctuation or explanation.

My answer is
",1
fake_497,1,6,5,2,68,1,2,"Today is November 5, 2024. Racially, I am white. Ideologically, I am conservative. Politically, I am an independent who leans Republican. I do not attend church. I am 68 years old. I am a man. I am somewhat interested in politics.. Question: Do you think the federal government should be doing more about the opioid drug addiction issue, should be doing less, or is it currently doing the right amount?

Answer choices:
1. Should be doing more 2. Should be doing less 3. Is doing the right amount

When answering, respond ONLY with a single number that corresponds to the option you choose. Do not include any additional text, punctuation or explanation.

My answer is
",1
fake_498,1,2,7,2,50,2,-6,"Today is November 5, 2024. Racially, I am white. Ideologically, I am liberal. Politically, I am a strong Republican. I do not attend church. I am 50 years old. I am a woman.. Question: Do you think the federal government should be doing more about the opioid drug addiction issue, should be doing less, or is it currently doing the right amount?

Answer choices:
1. Should be doing more 2. Should be doing less 3. Is doing the right amount

When answering, respond ONLY with a single number that corresponds to the option you choose. Do not include any additional text, punctuation or explanation.

My answer is
",1
fake_499,1,-9,1,-1,71,1,2,"Today is November 5, 2024. Racially, I am white. Politically, I am a strong democrat. I am 71 years old. I am a man. I am somewhat interested in politics.. Question: Do you think the federal government should be doing more about the opioid drug addiction issue, should be doing less, or is it currently doing the right amount?

Answer choices:
1. Should be doing more 2. Should be doing less 3. Is doing the right amount

When answering, respond ONLY with a single number that corresponds to the option you choose. Do not include any additional text, punctuation or explanation.

My answer is
",1
fake_500,1,2,7,1,79,2,2,"Today is November 5, 2024. Racially, I am white. Ideologically, I am liberal. Politically, I am a strong Republican. I attend church. I am 79 years old. I am a woman. I am somewhat interested in politics.. Question: Do you think the federal government should be doing more about the opioid drug addiction issue, should be doing less, or is it currently doing the right amount?

Answer choices:
1. Should be doing more 2. Should be doing less 3. Is doing the right amount

When answering, respond ONLY with a single number that corresponds to the option you choose. Do not include any additional text, punctuation or explanation.

My answer is
",1
fake_501,1,2,1,2,40,2,2,"Today is November 5, 2024. Racially, I am white. Ideologically, I am liberal. Politically, I am a strong democrat. I do not attend church. I am 40 years old. I am a woman. I am somewhat interested in politics.. Question: Do you think the federal government should be doing more about the opioid drug addiction issue, should be doing less, or is it currently doing the right amount?

Answer choices:
1. Should be doing more 2. Should be doing less 3. Is doing the right amount

When answering, respond ONLY with a single number that corresponds to the option you choose. Do not include any additional text, punctuation or explanation.

My answer is
",1
fake_502,1,7,2,1,40,1,2,"Today is November 5, 2024. Racially, I am white. Ideologically, I am extremely conservative. Politically, I am a weak Democrat. I attend church. I am 40 years old. I am a man. I am somewhat interested in politics.. Question: Do you think the federal government should be doing more about the opioid drug addiction issue, should be doing less, or is it currently doing the right amount?

Answer choices:
1. Should be doing more 2. Should be doing less 3. Is doing the right amount

When answering, respond ONLY with a single number that corresponds to the option you choose. Do not include any additional text, punctuation or explanation.

My answer is
",1
fake_503,1,3,6,2,69,2,2,"Today is November 5, 2024. Racially, I am white. Ideologically, I am slightly liberal. Politically, I am a weak Republican. I do not attend church. I am 69 years old. I am a woman. I am somewhat interested in politics.. Question: Do you think the federal government should be doing more about the opioid drug addiction issue, should be doing less, or is it currently doing the right amount?

Answer choices:
1. Should be doing more 2. Should be doing less 3. Is doing the right amount

When answering, respond ONLY with a single number that corresponds to the option you choose. Do not include any additional text, punctuation or explanation.

My answer is
",1
fake_504,1,1,6,-1,67,2,-6,"Today is November 5, 2024. Racially, I am white. Ideologically, I am extremely liberal. Politically, I am a weak Republican. I am 67 years old. I am a woman.. Question: Do you think the federal government should be doing more about the opioid drug addiction issue, should be doing less, or is it currently doing the right amount?

Answer choices:
1. Should be doing more 2. Should be doing less 3. Is doing the right amount

When answering, respond ONLY with a single number that corresponds to the option you choose. Do not include any additional text, punctuation or explanation.

My answer is
",1
fake_505,1,6,7,1,79,2,2,"Today is November 5, 2024. Racially, I am white. Ideologically, I am conservative. Politically, I am a strong Republican. I attend church. I am 79 years old. I am a woman. I am somewhat interested in politics.. Question: Do you think the federal government should be doing more about the opioid drug addiction issue, should be doing less, or is it currently doing the right amount?

Answer choices:
1. Should be doing more 2. Should be doing less 3. Is doing the right amount

When answering, respond ONLY with a single number that corresponds to the option you choose. Do not include any additional text, punctuation or explanation.

My answer is
",1
fake_506,3,99,3,1,56,2,2,"Today is November 5, 2024. Racially, I am hispanic. Politically, I am an independent who leans Democratic. I attend church. I am 56 years old. I am a woman. I am somewhat interested in politics.. Question: Do you think the federal government should be doing more about the opioid drug addiction issue, should be doing less, or is it currently doing the right amount?

Answer choices:
1. Should be doing more 2. Should be doing less 3. Is doing the right amount

When answering, respond ONLY with a single number that corresponds to the option you choose. Do not include any additional text, punctuation or explanation.

My answer is
",1
fake_507,1,6,5,2,66,2,2,"Today is November 5, 2024. Racially, I am white. Ideologically, I am conservative. Politically, I am an independent who leans Republican. I do not attend church. I am 66 years old. I am a woman. I am somewhat interested in politics.. Question: Do you think the federal government should be doing more about the opioid drug addiction issue, should be doing less, or is it currently doing the right amount?

Answer choices:
1. Should be doing more 2. Should be doing less 3. Is doing the right amount

When answering, respond ONLY with a single number that corresponds to the option you choose. Do not include any additional text, punctuation or explanation.

My answer is
",1
fake_508,1,7,1,2,62,2,2,"Today is November 5, 2024. Racially, I am white. Ideologically, I am extremely conservative. Politically, I am a strong democrat. I do not attend church. I am 62 years old. I am a woman. I am somewhat interested in politics.. Question: Do you think the federal government should be doing more about the opioid drug addiction issue, should be doing less, or is it currently doing the right amount?

Answer choices:
1. Should be doing more 2. Should be doing less 3. Is doing the right amount

When answering, respond ONLY with a single number that corresponds to the option you choose. Do not include any additional text, punctuation or explanation.

My answer is
",1
fake_509,2,4,5,2,76,1,3,"Today is November 5, 2024. Racially, I am black. Ideologically, I am moderate. Politically, I am an independent who leans Republican. I do not attend church. I am 76 years old. I am a man. I am not very interested in politics.. Question: Do you think the federal government should be doing more about the opioid drug addiction issue, should be doing less, or is it currently doing the right amount?

Answer choices:
1. Should be doing more 2. Should be doing less 3. Is doing the right amount

When answering, respond ONLY with a single number that corresponds to the option you choose. Do not include any additional text, punctuation or explanation.

My answer is
",1
fake_510,3,6,3,1,64,2,4,"Today is November 5, 2024. Racially, I am hispanic. Ideologically, I am conservative. Politically, I am an independent who leans Democratic. I attend church. I am 64 years old. I am a woman. I am not at all interested in politics.. Question: Do you think the federal government should be doing more about the opioid drug addiction issue, should be doing less, or is it currently doing the right amount?

Answer choices:
1. Should be doing more 2. Should be doing less 3. Is doing the right amount

When answering, respond ONLY with a single number that corresponds to the option you choose. Do not include any additional text, punctuation or explanation.

My answer is
",1
fake_511,4,6,1,2,68,1,2,"Today is November 5, 2024. Racially, I am asian. Ideologically, I am conservative. Politically, I am a strong democrat. I do not attend church. I am 68 years old. I am a man. I am somewhat interested in politics.. Question: Do you think the federal government should be doing more about the opioid drug addiction issue, should be doing less, or is it currently doing the right amount?

Answer choices:
1. Should be doing more 2. Should be doing less 3. Is doing the right amount

When answering, respond ONLY with a single number that corresponds to the option you choose. Do not include any additional text, punctuation or explanation.

My answer is
",1
fake_512,1,4,1,2,50,2,2,"Today is November 5, 2024. Racially, I am white. Ideologically, I am moderate. Politically, I am a strong democrat. I do not attend church. I am 50 years old. I am a woman. I am somewhat interested in politics.. Question: Do you think the federal government should be doing more about the opioid drug addiction issue, should be doing less, or is it currently doing the right amount?

Answer choices:
1. Should be doing more 2. Should be doing less 3. Is doing the right amount

When answering, respond ONLY with a single number that corresponds to the option you choose. Do not include any additional text, punctuation or explanation.

My answer is
",1
fake_513,1,2,6,2,28,2,3,"Today is November 5, 2024. Racially, I am white. Ideologically, I am liberal. Politically, I am a weak Republican. I do not attend church. I am 28 years old. I am a woman. I am not very interested in politics.. Question: Do you think the federal government should be doing more about the opioid drug addiction issue, should be doing less, or is it currently doing the right amount?

Answer choices:
1. Should be doing more 2. Should be doing less 3. Is doing the right amount

When answering, respond ONLY with a single number that corresponds to the option you choose. Do not include any additional text, punctuation or explanation.

My answer is
",1
fake_514,1,5,5,2,50,1,2,"Today is November 5, 2024. Racially, I am white. Ideologically, I am slightly conservative. Politically, I am an independent who leans Republican. I do not attend church. I am 50 years old. I am a man. I am somewhat interested in politics.. Question: Do you think the federal government should be doing more about the opioid drug addiction issue, should be doing less, or is it currently doing the right amount?

Answer choices:
1. Should be doing more 2. Should be doing less 3. Is doing the right amount

When answering, respond ONLY with a single number that corresponds to the option you choose. Do not include any additional text, punctuation or explanation.

My answer is
",1
fake_515,1,6,6,2,40,1,2,"Today is November 5, 2024. Racially, I am white. Ideologically, I am conservative. Politically, I am a weak Republican. I do not attend church. I am 40 years old. I am a man. I am somewhat interested in politics.. Question: Do you think the federal government should be doing more about the opioid drug addiction issue, should be doing less, or is it currently doing the right amount?

Answer choices:
1. Should be doing more 2. Should be doing less 3. Is doing the right amount

When answering, respond ONLY with a single number that corresponds to the option you choose. Do not include any additional text, punctuation or explanation.

My answer is
",1
fake_516,1,4,7,1,-2,2,1,"Today is November 5, 2024. Racially, I am white. Ideologically, I am moderate. Politically, I am a strong Republican. I attend church. I am a woman. I am very interested in politics.. Question: Do you think the federal government should be doing more about the opioid drug addiction issue, should be doing less, or is it currently doing the right amount?

Answer choices:
1. Should be doing more 2. Should be doing less 3. Is doing the right amount

When answering, respond ONLY with a single number that corresponds to the option you choose. Do not include any additional text, punctuation or explanation.

My answer is
",1
fake_517,1,-9,3,1,71,1,1,"Today is November 5, 2024. Racially, I am white. Politically, I am an independent who leans Democratic. I attend church. I am 71 years old. I am a man. I am very interested in politics.. Question: Do you think the federal government should be doing more about the opioid drug addiction issue, should be doing less, or is it currently doing the right amount?

Answer choices:
1. Should be doing more 2. Should be doing less 3. Is doing the right amount

When answering, respond ONLY with a single number that corresponds to the option you choose. Do not include any additional text, punctuation or explanation.

My answer is
",1
fake_518,6,5,5,1,37,2,2,"Today is November 5, 2024. Ideologically, I am slightly conservative. Politically, I am an independent who leans Republican. I attend church. I am 37 years old. I am a woman. I am somewhat interested in politics.. Question: Do you think the federal government should be doing more about the opioid drug addiction issue, should be doing less, or is it currently doing the right amount?

Answer choices:
1. Should be doing more 2. Should be doing less 3. Is doing the right amount

When answering, respond ONLY with a single number that corresponds to the option you choose. Do not include any additional text, punctuation or explanation.

My answer is
",1
fake_519,3,7,3,2,27,1,2,"Today is November 5, 2024. Racially, I am hispanic. Ideologically, I am extremely conservative. Politically, I am an independent who leans Democratic. I do not attend church. I am 27 years old. I am a man. I am somewhat interested in politics.. Question: Do you think the federal government should be doing more about the opioid drug addiction issue, should be doing less, or is it currently doing the right amount?

Answer choices:
1. Should be doing more 2. Should be doing less 3. Is doing the right amount

When answering, respond ONLY with a single number that corresponds to the option you choose. Do not include any additional text, punctuation or explanation.

My answer is
",1
fake_520,1,4,4,2,40,1,2,"Today is November 5, 2024. Racially, I am white. Ideologically, I am moderate. Politically, I am an independent. I do not attend church. I am 40 years old. I am a man. I am somewhat interested in politics.. Question: Do you think the federal government should be doing more about the opioid drug addiction issue, should be doing less, or is it currently doing the right amount?

Answer choices:
1. Should be doing more 2. Should be doing less 3. Is doing the right amount

When answering, respond ONLY with a single number that corresponds to the option you choose. Do not include any additional text, punctuation or explanation.

My answer is
",1
fake_521,1,3,3,2,-2,1,2,"Today is November 5, 2024. Racially, I am white. Ideologically, I am slightly liberal. Politically, I am an independent who leans Democratic. I do not attend church. I am a man. I am somewhat interested in politics.. Question: Do you think the federal government should be doing more about the opioid drug addiction issue, should be doing less, or is it currently doing the right amount?

Answer choices:
1. Should be doing more 2. Should be doing less 3. Is doing the right amount

When answering, respond ONLY with a single number that corresponds to the option you choose. Do not include any additional text, punctuation or explanation.

My answer is
",1
fake_522,1,99,3,1,27,1,-6,"Today is November 5, 2024. Racially, I am white. Politically, I am an independent who leans Democratic. I attend church. I am 27 years old. I am a man.. Question: Do you think the federal government should be doing more about the opioid drug addiction issue, should be doing less, or is it currently doing the right amount?

Answer choices:
1. Should be doing more 2. Should be doing less 3. Is doing the right amount

When answering, respond ONLY with a single number that corresponds to the option you choose. Do not include any additional text, punctuation or explanation.

My answer is
",1
fake_523,1,2,5,1,63,1,2,"Today is November 5, 2024. Racially, I am white. Ideologically, I am liberal. Politically, I am an independent who leans Republican. I attend church. I am 63 years old. I am a man. I am somewhat interested in politics.. Question: Do you think the federal government should be doing more about the opioid drug addiction issue, should be doing less, or is it currently doing the right amount?

Answer choices:
1. Should be doing more 2. Should be doing less 3. Is doing the right amount

When answering, respond ONLY with a single number that corresponds to the option you choose. Do not include any additional text, punctuation or explanation.

My answer is
",1
fake_524,1,99,1,2,58,1,3,"Today is November 5, 2024. Racially, I am white. Politically, I am a strong democrat. I do not attend church. I am 58 years old. I am a man. I am not very interested in politics.. Question: Do you think the federal government should be doing more about the opioid drug addiction issue, should be doing less, or is it currently doing the right amount?

Answer choices:
1. Should be doing more 2. Should be doing less 3. Is doing the right amount

When answering, respond ONLY with a single number that corresponds to the option you choose. Do not include any additional text, punctuation or explanation.

My answer is
",1
fake_525,1,7,6,2,65,1,2,"Today is November 5, 2024. Racially, I am white. Ideologically, I am extremely conservative. Politically, I am a weak Republican. I do not attend church. I am 65 years old. I am a man. I am somewhat interested in politics.. Question: Do you think the federal government should be doing more about the opioid drug addiction issue, should be doing less, or is it currently doing the right amount?

Answer choices:
1. Should be doing more 2. Should be doing less 3. Is doing the right amount

When answering, respond ONLY with a single number that corresponds to the option you choose. Do not include any additional text, punctuation or explanation.

My answer is
",1
fake_526,6,4,3,2,66,1,3,"Today is November 5, 2024. Ideologically, I am moderate. Politically, I am an independent who leans Democratic. I do not attend church. I am 66 years old. I am a man. I am not very interested in politics.. Question: Do you think the federal government should be doing more about the opioid drug addiction issue, should be doing less, or is it currently doing the right amount?

Answer choices:
1. Should be doing more 2. Should be doing less 3. Is doing the right amount

When answering, respond ONLY with a single number that corresponds to the option you choose. Do not include any additional text, punctuation or explanation.

My answer is
",1
fake_527,1,4,7,2,74,2,2,"Today is November 5, 2024. Racially, I am white. Ideologically, I am moderate. Politically, I am a strong Republican. I do not attend church. I am 74 years old. I am a woman. I am somewhat interested in politics.. Question: Do you think the federal government should be doing more about the opioid drug addiction issue, should be doing less, or is it currently doing the right amount?

Answer choices:
1. Should be doing more 2. Should be doing less 3. Is doing the right amount

When answering, respond ONLY with a single number that corresponds to the option you choose. Do not include any additional text, punctuation or explanation.

My answer is
",1
fake_528,1,4,2,2,43,2,2,"Today is November 5, 2024. Racially, I am white. Ideologically, I am moderate. Politically, I am a weak Democrat. I do not attend church. I am 43 years old. I am a woman. I am somewhat interested in politics.. Question: Do you think the federal government should be doing more about the opioid drug addiction issue, should be doing less, or is it currently doing the right amount?

Answer choices:
1. Should be doing more 2. Should be doing less 3. Is doing the right amount

When answering, respond ONLY with a single number that corresponds to the option you choose. Do not include any additional text, punctuation or explanation.

My answer is
",1
fake_529,1,5,3,2,25,2,2,"Today is November 5, 2024. Racially, I am white. Ideologically, I am slightly conservative. Politically, I am an independent who leans Democratic. I do not attend church. I am 25 years old. I am a woman. I am somewhat interested in politics.. Question: Do you think the federal government should be doing more about the opioid drug addiction issue, should be doing less, or is it currently doing the right amount?

Answer choices:
1. Should be doing more 2. Should be doing less 3. Is doing the right amount

When answering, respond ONLY with a single number that corresponds to the option you choose. Do not include any additional text, punctuation or explanation.

My answer is
",1
fake_530,1,99,2,1,33,1,1,"Today is November 5, 2024. Racially, I am white. Politically, I am a weak Democrat. I attend church. I am 33 years old. I am a man. I am very interested in politics.. Question: Do you think the federal government should be doing more about the opioid drug addiction issue, should be doing less, or is it currently doing the right amount?

Answer choices:
1. Should be doing more 2. Should be doing less 3. Is doing the right amount

When answering, respond ONLY with a single number that corresponds to the option you choose. Do not include any additional text, punctuation or explanation.

My answer is
",1
fake_531,4,99,7,1,36,1,2,"Today is November 5, 2024. Racially, I am asian. Politically, I am a strong Republican. I attend church. I am 36 years old. I am a man. I am somewhat interested in politics.. Question: Do you think the federal government should be doing more about the opioid drug addiction issue, should be doing less, or is it currently doing the right amount?

Answer choices:
1. Should be doing more 2. Should be doing less 3. Is doing the right amount

When answering, respond ONLY with a single number that corresponds to the option you choose. Do not include any additional text, punctuation or explanation.

My answer is
",1
fake_532,1,4,7,1,25,1,2,"Today is November 5, 2024. Racially, I am white. Ideologically, I am moderate. Politically, I am a strong Republican. I attend church. I am 25 years old. I am a man. I am somewhat interested in politics.. Question: Do you think the federal government should be doing more about the opioid drug addiction issue, should be doing less, or is it currently doing the right amount?

Answer choices:
1. Should be doing more 2. Should be doing less 3. Is doing the right amount

When answering, respond ONLY with a single number that corresponds to the option you choose. Do not include any additional text, punctuation or explanation.

My answer is
",1
fake_533,1,3,1,1,58,2,3,"Today is November 5, 2024. Racially, I am white. Ideologically, I am slightly liberal. Politically, I am a strong democrat. I attend church. I am 58 years old. I am a woman. I am not very interested in politics.. Question: Do you think the federal government should be doing more about the opioid drug addiction issue, should be doing less, or is it currently doing the right amount?

Answer choices:
1. Should be doing more 2. Should be doing less 3. Is doing the right amount

When answering, respond ONLY with a single number that corresponds to the option you choose. Do not include any additional text, punctuation or explanation.

My answer is
",1
fake_534,1,99,7,1,-2,2,2,"Today is November 5, 2024. Racially, I am white. Politically, I am a strong Republican. I attend church. I am a woman. I am somewhat interested in politics.. Question: Do you think the federal government should be doing more about the opioid drug addiction issue, should be doing less, or is it currently doing the right amount?

Answer choices:
1. Should be doing more 2. Should be doing less 3. Is doing the right amount

When answering, respond ONLY with a single number that corresponds to the option you choose. Do not include any additional text, punctuation or explanation.

My answer is
",1
fake_535,4,4,1,1,41,1,2,"Today is November 5, 2024. Racially, I am asian. Ideologically, I am moderate. Politically, I am a strong democrat. I attend church. I am 41 years old. I am a man. I am somewhat interested in politics.. Question: Do you think the federal government should be doing more about the opioid drug addiction issue, should be doing less, or is it currently doing the right amount?

Answer choices:
1. Should be doing more 2. Should be doing less 3. Is doing the right amount

When answering, respond ONLY with a single number that corresponds to the option you choose. Do not include any additional text, punctuation or explanation.

My answer is
",1
fake_536,1,3,4,1,36,1,1,"Today is November 5, 2024. Racially, I am white. Ideologically, I am slightly liberal. Politically, I am an independent. I attend church. I am 36 years old. I am a man. I am very interested in politics.. Question: Do you think the federal government should be doing more about the opioid drug addiction issue, should be doing less, or is it currently doing the right amount?

Answer choices:
1. Should be doing more 2. Should be doing less 3. Is doing the right amount

When answering, respond ONLY with a single number that corresponds to the option you choose. Do not include any additional text, punctuation or explanation.

My answer is
",1
fake_537,1,6,6,2,-2,1,2,"Today is November 5, 2024. Racially, I am white. Ideologically, I am conservative. Politically, I am a weak Republican. I do not attend church. I am a man. I am somewhat interested in politics.. Question: Do you think the federal government should be doing more about the opioid drug addiction issue, should be doing less, or is it currently doing the right amount?

Answer choices:
1. Should be doing more 2. Should be doing less 3. Is doing the right amount

When answering, respond ONLY with a single number that corresponds to the option you choose. Do not include any additional text, punctuation or explanation.

My answer is
",1
fake_538,2,6,7,1,56,1,2,"Today is November 5, 2024. Racially, I am black. Ideologically, I am conservative. Politically, I am a strong Republican. I attend church. I am 56 years old. I am a man. I am somewhat interested in politics.. Question: Do you think the federal government should be doing more about the opioid drug addiction issue, should be doing less, or is it currently doing the right amount?

Answer choices:
1. Should be doing more 2. Should be doing less 3. Is doing the right amount

When answering, respond ONLY with a single number that corresponds to the option you choose. Do not include any additional text, punctuation or explanation.

My answer is
",1
fake_539,1,2,2,2,33,1,3,"Today is November 5, 2024. Racially, I am white. Ideologically, I am liberal. Politically, I am a weak Democrat. I do not attend church. I am 33 years old. I am a man. I am not very interested in politics.. Question: Do you think the federal government should be doing more about the opioid drug addiction issue, should be doing less, or is it currently doing the right amount?

Answer choices:
1. Should be doing more 2. Should be doing less 3. Is doing the right amount

When answering, respond ONLY with a single number that corresponds to the option you choose. Do not include any additional text, punctuation or explanation.

My answer is
",1
fake_540,3,6,5,1,63,1,3,"Today is November 5, 2024. Racially, I am hispanic. Ideologically, I am conservative. Politically, I am an independent who leans Republican. I attend church. I am 63 years old. I am a man. I am not very interested in politics.. Question: Do you think the federal government should be doing more about the opioid drug addiction issue, should be doing less, or is it currently doing the right amount?

Answer choices:
1. Should be doing more 2. Should be doing less 3. Is doing the right amount

When answering, respond ONLY with a single number that corresponds to the option you choose. Do not include any additional text, punctuation or explanation.

My answer is
",1
fake_541,1,4,1,1,52,2,2,"Today is November 5, 2024. Racially, I am white. Ideologically, I am moderate. Politically, I am a strong democrat. I attend church. I am 52 years old. I am a woman. I am somewhat interested in politics.. Question: Do you think the federal government should be doing more about the opioid drug addiction issue, should be doing less, or is it currently doing the right amount?

Answer choices:
1. Should be doing more 2. Should be doing less 3. Is doing the right amount

When answering, respond ONLY with a single number that corresponds to the option you choose. Do not include any additional text, punctuation or explanation.

My answer is
",1
fake_542,1,1,3,2,52,1,1,"Today is November 5, 2024. Racially, I am white. Ideologically, I am extremely liberal. Politically, I am an independent who leans Democratic. I do not attend church. I am 52 years old. I am a man. I am very interested in politics.. Question: Do you think the federal government should be doing more about the opioid drug addiction issue, should be doing less, or is it currently doing the right amount?

Answer choices:
1. Should be doing more 2. Should be doing less 3. Is doing the right amount

When answering, respond ONLY with a single number that corresponds to the option you choose. Do not include any additional text, punctuation or explanation.

My answer is
",1
fake_543,1,5,1,2,31,2,3,"Today is November 5, 2024. Racially, I am white. Ideologically, I am slightly conservative. Politically, I am a strong democrat. I do not attend church. I am 31 years old. I am a woman. I am not very interested in politics.. Question: Do you think the federal government should be doing more about the opioid drug addiction issue, should be doing less, or is it currently doing the right amount?

Answer choices:
1. Should be doing more 2. Should be doing less 3. Is doing the right amount

When answering, respond ONLY with a single number that corresponds to the option you choose. Do not include any additional text, punctuation or explanation.

My answer is
",1
fake_544,3,6,2,1,26,1,2,"Today is November 5, 2024. Racially, I am hispanic. Ideologically, I am conservative. Politically, I am a weak Democrat. I attend church. I am 26 years old. I am a man. I am somewhat interested in politics.. Question: Do you think the federal government should be doing more about the opioid drug addiction issue, should be doing less, or is it currently doing the right amount?

Answer choices:
1. Should be doing more 2. Should be doing less 3. Is doing the right amount

When answering, respond ONLY with a single number that corresponds to the option you choose. Do not include any additional text, punctuation or explanation.

My answer is
",1
fake_545,1,6,1,2,18,-9,1,"Today is November 5, 2024. Racially, I am white. Ideologically, I am conservative. Politically, I am a strong democrat. I do not attend church. I am 18 years old. I am very interested in politics.. Question: Do you think the federal government should be doing more about the opioid drug addiction issue, should be doing less, or is it currently doing the right amount?

Answer choices:
1. Should be doing more 2. Should be doing less 3. Is doing the right amount

When answering, respond ONLY with a single number that corresponds to the option you choose. Do not include any additional text, punctuation or explanation.

My answer is
",1
fake_546,1,6,5,1,71,1,2,"Today is November 5, 2024. Racially, I am white. Ideologically, I am conservative. Politically, I am an independent who leans Republican. I attend church. I am 71 years old. I am a man. I am somewhat interested in politics.. Question: Do you think the federal government should be doing more about the opioid drug addiction issue, should be doing less, or is it currently doing the right amount?

Answer choices:
1. Should be doing more 2. Should be doing less 3. Is doing the right amount

When answering, respond ONLY with a single number that corresponds to the option you choose. Do not include any additional text, punctuation or explanation.

My answer is
",1
fake_547,1,6,3,2,65,2,4,"Today is November 5, 2024. Racially, I am white. Ideologically, I am conservative. Politically, I am an independent who leans Democratic. I do not attend church. I am 65 years old. I am a woman. I am not at all interested in politics.. Question: Do you think the federal government should be doing more about the opioid drug addiction issue, should be doing less, or is it currently doing the right amount?

Answer choices:
1. Should be doing more 2. Should be doing less 3. Is doing the right amount

When answering, respond ONLY with a single number that corresponds to the option you choose. Do not include any additional text, punctuation or explanation.

My answer is
",1
fake_548,1,4,1,1,73,1,2,"Today is November 5, 2024. Racially, I am white. Ideologically, I am moderate. Politically, I am a strong democrat. I attend church. I am 73 years old. I am a man. I am somewhat interested in politics.. Question: Do you think the federal government should be doing more about the opioid drug addiction issue, should be doing less, or is it currently doing the right amount?

Answer choices:
1. Should be doing more 2. Should be doing less 3. Is doing the right amount

When answering, respond ONLY with a single number that corresponds to the option you choose. Do not include any additional text, punctuation or explanation.

My answer is
",1
fake_549,1,99,3,1,80,2,4,"Today is November 5, 2024. Racially, I am white. Politically, I am an independent who leans Democratic. I attend church. I am 80 years old. I am a woman. I am not at all interested in politics.. Question: Do you think the federal government should be doing more about the opioid drug addiction issue, should be doing less, or is it currently doing the right amount?

Answer choices:
1. Should be doing more 2. Should be doing less 3. Is doing the right amount

When answering, respond ONLY with a single number that corresponds to the option you choose. Do not include any additional text, punctuation or explanation.

My answer is
",1
fake_550,1,4,1,1,76,1,1,"Today is November 5, 2024. Racially, I am white. Ideologically, I am moderate. Politically, I am a strong democrat. I attend church. I am 76 years old. I am a man. I am very interested in politics.. Question: Do you think the federal government should be doing more about the opioid drug addiction issue, should be doing less, or is it currently doing the right amount?

Answer choices:
1. Should be doing more 2. Should be doing less 3. Is doing the right amount

When answering, respond ONLY with a single number that corresponds to the option you choose. Do not include any additional text, punctuation or explanation.

My answer is
",1
fake_551,1,4,7,1,45,2,4,"Today is November 5, 2024. Racially, I am white. Ideologically, I am moderate. Politically, I am a strong Republican. I attend church. I am 45 years old. I am a woman. I am not at all interested in politics.. Question: Do you think the federal government should be doing more about the opioid drug addiction issue, should be doing less, or is it currently doing the right amount?

Answer choices:
1. Should be doing more 2. Should be doing less 3. Is doing the right amount

When answering, respond ONLY with a single number that corresponds to the option you choose. Do not include any additional text, punctuation or explanation.

My answer is
",1
fake_552,1,-9,1,-1,80,2,4,"Today is November 5, 2024. Racially, I am white. Politically, I am a strong democrat. I am 80 years old. I am a woman. I am not at all interested in politics.. Question: Do you think the federal government should be doing more about the opioid drug addiction issue, should be doing less, or is it currently doing the right amount?

Answer choices:
1. Should be doing more 2. Should be doing less 3. Is doing the right amount

When answering, respond ONLY with a single number that corresponds to the option you choose. Do not include any additional text, punctuation or explanation.

My answer is
",1
fake_553,1,2,3,2,58,2,3,"Today is November 5, 2024. Racially, I am white. Ideologically, I am liberal. Politically, I am an independent who leans Democratic. I do not attend church. I am 58 years old. I am a woman. I am not very interested in politics.. Question: Do you think the federal government should be doing more about the opioid drug addiction issue, should be doing less, or is it currently doing the right amount?

Answer choices:
1. Should be doing more 2. Should be doing less 3. Is doing the right amount

When answering, respond ONLY with a single number that corresponds to the option you choose. Do not include any additional text, punctuation or explanation.

My answer is
",1
fake_554,2,7,7,2,45,1,4,"Today is November 5, 2024. Racially, I am black. Ideologically, I am extremely conservative. Politically, I am a strong Republican. I do not attend church. I am 45 years old. I am a man. I am not at all interested in politics.. Question: Do you think the federal government should be doing more about the opioid drug addiction issue, should be doing less, or is it currently doing the right amount?

Answer choices:
1. Should be doing more 2. Should be doing less 3. Is doing the right amount

When answering, respond ONLY with a single number that corresponds to the option you choose. Do not include any additional text, punctuation or explanation.

My answer is
",1
fake_555,1,99,7,2,58,2,4,"Today is November 5, 2024. Racially, I am white. Politically, I am a strong Republican. I do not attend church. I am 58 years old. I am a woman. I am not at all interested in politics.. Question: Do you think the federal government should be doing more about the opioid drug addiction issue, should be doing less, or is it currently doing the right amount?

Answer choices:
1. Should be doing more 2. Should be doing less 3. Is doing the right amount

When answering, respond ONLY with a single number that corresponds to the option you choose. Do not include any additional text, punctuation or explanation.

My answer is
",1
fake_556,1,99,1,2,58,2,2,"Today is November 5, 2024. Racially, I am white. Politically, I am a strong democrat. I do not attend church. I am 58 years old. I am a woman. I am somewhat interested in politics.. Question: Do you think the federal government should be doing more about the opioid drug addiction issue, should be doing less, or is it currently doing the right amount?

Answer choices:
1. Should be doing more 2. Should be doing less 3. Is doing the right amount

When answering, respond ONLY with a single number that corresponds to the option you choose. Do not include any additional text, punctuation or explanation.

My answer is
",1
fake_557,1,6,1,1,38,2,2,"Today is November 5, 2024. Racially, I am white. Ideologically, I am conservative. Politically, I am a strong democrat. I attend church. I am 38 years old. I am a woman. I am somewhat interested in politics.. Question: Do you think the federal government should be doing more about the opioid drug addiction issue, should be doing less, or is it currently doing the right amount?

Answer choices:
1. Should be doing more 2. Should be doing less 3. Is doing the right amount

When answering, respond ONLY with a single number that corresponds to the option you choose. Do not include any additional text, punctuation or explanation.

My answer is
",1
fake_558,6,6,5,2,70,2,3,"Today is November 5, 2024. Ideologically, I am conservative. Politically, I am an independent who leans Republican. I do not attend church. I am 70 years old. I am a woman. I am not very interested in politics.. Question: Do you think the federal government should be doing more about the opioid drug addiction issue, should be doing less, or is it currently doing the right amount?

Answer choices:
1. Should be doing more 2. Should be doing less 3. Is doing the right amount

When answering, respond ONLY with a single number that corresponds to the option you choose. Do not include any additional text, punctuation or explanation.

My answer is
",1
fake_559,1,3,2,2,50,1,1,"Today is November 5, 2024. Racially, I am white. Ideologically, I am slightly liberal. Politically, I am a weak Democrat. I do not attend church. I am 50 years old. I am a man. I am very interested in politics.. Question: Do you think the federal government should be doing more about the opioid drug addiction issue, should be doing less, or is it currently doing the right amount?

Answer choices:
1. Should be doing more 2. Should be doing less 3. Is doing the right amount

When answering, respond ONLY with a single number that corresponds to the option you choose. Do not include any additional text, punctuation or explanation.

My answer is
",1
fake_560,3,4,1,2,30,2,3,"Today is November 5, 2024. Racially, I am hispanic. Ideologically, I am moderate. Politically, I am a strong democrat. I do not attend church. I am 30 years old. I am a woman. I am not very interested in politics.. Question: Do you think the federal government should be doing more about the opioid drug addiction issue, should be doing less, or is it currently doing the right amount?

Answer choices:
1. Should be doing more 2. Should be doing less 3. Is doing the right amount

When answering, respond ONLY with a single number that corresponds to the option you choose. Do not include any additional text, punctuation or explanation.

My answer is
",1
fake_561,3,2,3,1,28,2,1,"Today is November 5, 2024. Racially, I am hispanic. Ideologically, I am liberal. Politically, I am an independent who leans Democratic. I attend church. I am 28 years old. I am a woman. I am very interested in politics.. Question: Do you think the federal government should be doing more about the opioid drug addiction issue, should be doing less, or is it currently doing the right amount?

Answer choices:
1. Should be doing more 2. Should be doing less 3. Is doing the right amount

When answering, respond ONLY with a single number that corresponds to the option you choose. Do not include any additional text, punctuation or explanation.

My answer is
",1
fake_562,1,6,1,1,39,2,4,"Today is November 5, 2024. Racially, I am white. Ideologically, I am conservative. Politically, I am a strong democrat. I attend church. I am 39 years old. I am a woman. I am not at all interested in politics.. Question: Do you think the federal government should be doing more about the opioid drug addiction issue, should be doing less, or is it currently doing the right amount?

Answer choices:
1. Should be doing more 2. Should be doing less 3. Is doing the right amount

When answering, respond ONLY with a single number that corresponds to the option you choose. Do not include any additional text, punctuation or explanation.

My answer is
",1
fake_563,1,1,7,2,62,1,3,"Today is November 5, 2024. Racially, I am white. Ideologically, I am extremely liberal. Politically, I am a strong Republican. I do not attend church. I am 62 years old. I am a man. I am not very interested in politics.. Question: Do you think the federal government should be doing more about the opioid drug addiction issue, should be doing less, or is it currently doing the right amount?

Answer choices:
1. Should be doing more 2. Should be doing less 3. Is doing the right amount

When answering, respond ONLY with a single number that corresponds to the option you choose. Do not include any additional text, punctuation or explanation.

My answer is
",1
fake_564,1,2,2,1,21,2,2,"Today is November 5, 2024. Racially, I am white. Ideologically, I am liberal. Politically, I am a weak Democrat. I attend church. I am 21 years old. I am a woman. I am somewhat interested in politics.. Question: Do you think the federal government should be doing more about the opioid drug addiction issue, should be doing less, or is it currently doing the right amount?

Answer choices:
1. Should be doing more 2. Should be doing less 3. Is doing the right amount

When answering, respond ONLY with a single number that corresponds to the option you choose. Do not include any additional text, punctuation or explanation.

My answer is
",1
fake_565,1,4,4,2,38,1,3,"Today is November 5, 2024. Racially, I am white. Ideologically, I am moderate. Politically, I am an independent. I do not attend church. I am 38 years old. I am a man. I am not very interested in politics.. Question: Do you think the federal government should be doing more about the opioid drug addiction issue, should be doing less, or is it currently doing the right amount?

Answer choices:
1. Should be doing more 2. Should be doing less 3. Is doing the right amount

When answering, respond ONLY with a single number that corresponds to the option you choose. Do not include any additional text, punctuation or explanation.

My answer is
",1
fake_566,1,99,6,2,64,2,2,"Today is November 5, 2024. Racially, I am white. Politically, I am a weak Republican. I do not attend church. I am 64 years old. I am a woman. I am somewhat interested in politics.. Question: Do you think the federal government should be doing more about the opioid drug addiction issue, should be doing less, or is it currently doing the right amount?

Answer choices:
1. Should be doing more 2. Should be doing less 3. Is doing the right amount

When answering, respond ONLY with a single number that corresponds to the option you choose. Do not include any additional text, punctuation or explanation.

My answer is
",1
fake_567,1,2,1,2,37,2,-6,"Today is November 5, 2024. Racially, I am white. Ideologically, I am liberal. Politically, I am a strong democrat. I do not attend church. I am 37 years old. I am a woman.. Question: Do you think the federal government should be doing more about the opioid drug addiction issue, should be doing less, or is it currently doing the right amount?

Answer choices:
1. Should be doing more 2. Should be doing less 3. Is doing the right amount

When answering, respond ONLY with a single number that corresponds to the option you choose. Do not include any additional text, punctuation or explanation.

My answer is
",1
fake_568,1,4,7,2,61,1,1,"Today is November 5, 2024. Racially, I am white. Ideologically, I am moderate. Politically, I am a strong Republican. I do not attend church. I am 61 years old. I am a man. I am very interested in politics.. Question: Do you think the federal government should be doing more about the opioid drug addiction issue, should be doing less, or is it currently doing the right amount?

Answer choices:
1. Should be doing more 2. Should be doing less 3. Is doing the right amount

When answering, respond ONLY with a single number that corresponds to the option you choose. Do not include any additional text, punctuation or explanation.

My answer is
",1
fake_569,1,4,5,1,76,2,2,"Today is November 5, 2024. Racially, I am white. Ideologically, I am moderate. Politically, I am an independent who leans Republican. I attend church. I am 76 years old. I am a woman. I am somewhat interested in politics.. Question: Do you think the federal government should be doing more about the opioid drug addiction issue, should be doing less, or is it currently doing the right amount?

Answer choices:
1. Should be doing more 2. Should be doing less 3. Is doing the right amount

When answering, respond ONLY with a single number that corresponds to the option you choose. Do not include any additional text, punctuation or explanation.

My answer is
",1
fake_570,4,99,2,2,43,1,-6,"Today is November 5, 2024. Racially, I am asian. Politically, I am a weak Democrat. I do not attend church. I am 43 years old. I am a man.. Question: Do you think the federal government should be doing more about the opioid drug addiction issue, should be doing less, or is it currently doing the right amount?

Answer choices:
1. Should be doing more 2. Should be doing less 3. Is doing the right amount

When answering, respond ONLY with a single number that corresponds to the option you choose. Do not include any additional text, punctuation or explanation.

My answer is
",1
fake_571,1,6,3,1,30,2,-6,"Today is November 5, 2024. Racially, I am white. Ideologically, I am conservative. Politically, I am an independent who leans Democratic. I attend church. I am 30 years old. I am a woman.. Question: Do you think the federal government should be doing more about the opioid drug addiction issue, should be doing less, or is it currently doing the right amount?

Answer choices:
1. Should be doing more 2. Should be doing less 3. Is doing the right amount

When answering, respond ONLY with a single number that corresponds to the option you choose. Do not include any additional text, punctuation or explanation.

My answer is
",1
fake_572,1,5,7,2,80,2,3,"Today is November 5, 2024. Racially, I am white. Ideologically, I am slightly conservative. Politically, I am a strong Republican. I do not attend church. I am 80 years old. I am a woman. I am not very interested in politics.. Question: Do you think the federal government should be doing more about the opioid drug addiction issue, should be doing less, or is it currently doing the right amount?

Answer choices:
1. Should be doing more 2. Should be doing less 3. Is doing the right amount

When answering, respond ONLY with a single number that corresponds to the option you choose. Do not include any additional text, punctuation or explanation.

My answer is
",1
fake_573,1,4,3,1,48,2,2,"Today is November 5, 2024. Racially, I am white. Ideologically, I am moderate. Politically, I am an independent who leans Democratic. I attend church. I am 48 years old. I am a woman. I am somewhat interested in politics.. Question: Do you think the federal government should be doing more about the opioid drug addiction issue, should be doing less, or is it currently doing the right amount?

Answer choices:
1. Should be doing more 2. Should be doing less 3. Is doing the right amount

When answering, respond ONLY with a single number that corresponds to the option you choose. Do not include any additional text, punctuation or explanation.

My answer is
",1
fake_574,1,5,1,1,63,1,2,"Today is November 5, 2024. Racially, I am white. Ideologically, I am slightly conservative. Politically, I am a strong democrat. I attend church. I am 63 years old. I am a man. I am somewhat interested in politics.. Question: Do you think the federal government should be doing more about the opioid drug addiction issue, should be doing less, or is it currently doing the right amount?

Answer choices:
1. Should be doing more 2. Should be doing less 3. Is doing the right amount

When answering, respond ONLY with a single number that corresponds to the option you choose. Do not include any additional text, punctuation or explanation.

My answer is
",1
fake_575,1,4,7,-1,70,1,2,"Today is November 5, 2024. Racially, I am white. Ideologically, I am moderate. Politically, I am a strong Republican. I am 70 years old. I am a man. I am somewhat interested in politics.. Question: Do you think the federal government should be doing more about the opioid drug addiction issue, should be doing less, or is it currently doing the right amount?

Answer choices:
1. Should be doing more 2. Should be doing less 3. Is doing the right amount

When answering, respond ONLY with a single number that corresponds to the option you choose. Do not include any additional text, punctuation or explanation.

My answer is
",1
fake_576,1,5,5,1,64,2,1,"Today is November 5, 2024. Racially, I am white. Ideologically, I am slightly conservative. Politically, I am an independent who leans Republican. I attend church. I am 64 years old. I am a woman. I am very interested in politics.. Question: Do you think the federal government should be doing more about the opioid drug addiction issue, should be doing less, or is it currently doing the right amount?

Answer choices:
1. Should be doing more 2. Should be doing less 3. Is doing the right amount

When answering, respond ONLY with a single number that corresponds to the option you choose. Do not include any additional text, punctuation or explanation.

My answer is
",1
fake_577,1,6,6,2,64,2,4,"Today is November 5, 2024. Racially, I am white. Ideologically, I am conservative. Politically, I am a weak Republican. I do not attend church. I am 64 years old. I am a woman. I am not at all interested in politics.. Question: Do you think the federal government should be doing more about the opioid drug addiction issue, should be doing less, or is it currently doing the right amount?

Answer choices:
1. Should be doing more 2. Should be doing less 3. Is doing the right amount

When answering, respond ONLY with a single number that corresponds to the option you choose. Do not include any additional text, punctuation or explanation.

My answer is
",1
fake_578,3,6,6,2,47,1,3,"Today is November 5, 2024. Racially, I am hispanic. Ideologically, I am conservative. Politically, I am a weak Republican. I do not attend church. I am 47 years old. I am a man. I am not very interested in politics.. Question: Do you think the federal government should be doing more about the opioid drug addiction issue, should be doing less, or is it currently doing the right amount?

Answer choices:
1. Should be doing more 2. Should be doing less 3. Is doing the right amount

When answering, respond ONLY with a single number that corresponds to the option you choose. Do not include any additional text, punctuation or explanation.

My answer is
",1
fake_579,1,5,1,1,31,1,2,"Today is November 5, 2024. Racially, I am white. Ideologically, I am slightly conservative. Politically, I am a strong democrat. I attend church. I am 31 years old. I am a man. I am somewhat interested in politics.. Question: Do you think the federal government should be doing more about the opioid drug addiction issue, should be doing less, or is it currently doing the right amount?

Answer choices:
1. Should be doing more 2. Should be doing less 3. Is doing the right amount

When answering, respond ONLY with a single number that corresponds to the option you choose. Do not include any additional text, punctuation or explanation.

My answer is
",1
fake_580,2,4,7,2,71,1,2,"Today is November 5, 2024. Racially, I am black. Ideologically, I am moderate. Politically, I am a strong Republican. I do not attend church. I am 71 years old. I am a man. I am somewhat interested in politics.. Question: Do you think the federal government should be doing more about the opioid drug addiction issue, should be doing less, or is it currently doing the right amount?

Answer choices:
1. Should be doing more 2. Should be doing less 3. Is doing the right amount

When answering, respond ONLY with a single number that corresponds to the option you choose. Do not include any additional text, punctuation or explanation.

My answer is
",1
fake_581,3,2,4,1,49,2,-5,"Today is November 5, 2024. Racially, I am hispanic. Ideologically, I am liberal. Politically, I am an independent. I attend church. I am 49 years old. I am a woman.. Question: Do you think the federal government should be doing more about the opioid drug addiction issue, should be doing less, or is it currently doing the right amount?

Answer choices:
1. Should be doing more 2. Should be doing less 3. Is doing the right amount

When answering, respond ONLY with a single number that corresponds to the option you choose. Do not include any additional text, punctuation or explanation.

My answer is
",1
fake_582,1,4,7,1,36,2,2,"Today is November 5, 2024. Racially, I am white. Ideologically, I am moderate. Politically, I am a strong Republican. I attend church. I am 36 years old. I am a woman. I am somewhat interested in politics.. Question: Do you think the federal government should be doing more about the opioid drug addiction issue, should be doing less, or is it currently doing the right amount?

Answer choices:
1. Should be doing more 2. Should be doing less 3. Is doing the right amount

When answering, respond ONLY with a single number that corresponds to the option you choose. Do not include any additional text, punctuation or explanation.

My answer is
",1
fake_583,1,3,2,1,80,2,-6,"Today is November 5, 2024. Racially, I am white. Ideologically, I am slightly liberal. Politically, I am a weak Democrat. I attend church. I am 80 years old. I am a woman.. Question: Do you think the federal government should be doing more about the opioid drug addiction issue, should be doing less, or is it currently doing the right amount?

Answer choices:
1. Should be doing more 2. Should be doing less 3. Is doing the right amount

When answering, respond ONLY with a single number that corresponds to the option you choose. Do not include any additional text, punctuation or explanation.

My answer is
",1
fake_584,1,6,5,1,76,2,2,"Today is November 5, 2024. Racially, I am white. Ideologically, I am conservative. Politically, I am an independent who leans Republican. I attend church. I am 76 years old. I am a woman. I am somewhat interested in politics.. Question: Do you think the federal government should be doing more about the opioid drug addiction issue, should be doing less, or is it currently doing the right amount?

Answer choices:
1. Should be doing more 2. Should be doing less 3. Is doing the right amount

When answering, respond ONLY with a single number that corresponds to the option you choose. Do not include any additional text, punctuation or explanation.

My answer is
",1
fake_585,1,7,2,2,21,2,1,"Today is November 5, 2024. Racially, I am white. Ideologically, I am extremely conservative. Politically, I am a weak Democrat. I do not attend church. I am 21 years old. I am a woman. I am very interested in politics.. Question: Do you think the federal government should be doing more about the opioid drug addiction issue, should be doing less, or is it currently doing the right amount?

Answer choices:
1. Should be doing more 2. Should be doing less 3. Is doing the right amount

When answering, respond ONLY with a single number that corresponds to the option you choose. Do not include any additional text, punctuation or explanation.

My answer is
",1
fake_586,1,7,2,2,20,2,1,"Today is November 5, 2024. Racially, I am white. Ideologically, I am extremely conservative. Politically, I am a weak Democrat. I do not attend church. I am 20 years old. I am a woman. I am very interested in politics.. Question: Do you think the federal government should be doing more about the opioid drug addiction issue, should be doing less, or is it currently doing the right amount?

Answer choices:
1. Should be doing more 2. Should be doing less 3. Is doing the right amount

When answering, respond ONLY with a single number that corresponds to the option you choose. Do not include any additional text, punctuation or explanation.

My answer is
",1
fake_587,1,99,7,2,49,2,4,"Today is November 5, 2024. Racially, I am white. Politically, I am a strong Republican. I do not attend church. I am 49 years old. I am a woman. I am not at all interested in politics.. Question: Do you think the federal government should be doing more about the opioid drug addiction issue, should be doing less, or is it currently doing the right amount?

Answer choices:
1. Should be doing more 2. Should be doing less 3. Is doing the right amount

When answering, respond ONLY with a single number that corresponds to the option you choose. Do not include any additional text, punctuation or explanation.

My answer is
",1
fake_588,-9,7,1,2,54,1,1,"Today is November 5, 2024. Ideologically, I am extremely conservative. Politically, I am a strong democrat. I do not attend church. I am 54 years old. I am a man. I am very interested in politics.. Question: Do you think the federal government should be doing more about the opioid drug addiction issue, should be doing less, or is it currently doing the right amount?

Answer choices:
1. Should be doing more 2. Should be doing less 3. Is doing the right amount

When answering, respond ONLY with a single number that corresponds to the option you choose. Do not include any additional text, punctuation or explanation.

My answer is
",1
fake_589,1,4,7,2,62,1,4,"Today is November 5, 2024. Racially, I am white. Ideologically, I am moderate. Politically, I am a strong Republican. I do not attend church. I am 62 years old. I am a man. I am not at all interested in politics.. Question: Do you think the federal government should be doing more about the opioid drug addiction issue, should be doing less, or is it currently doing the right amount?

Answer choices:
1. Should be doing more 2. Should be doing less 3. Is doing the right amount

When answering, respond ONLY with a single number that corresponds to the option you choose. Do not include any additional text, punctuation or explanation.

My answer is
",1
fake_590,2,1,2,2,75,2,-6,"Today is November 5, 2024. Racially, I am black. Ideologically, I am extremely liberal. Politically, I am a weak Democrat. I do not attend church. I am 75 years old. I am a woman.. Question: Do you think the federal government should be doing more about the opioid drug addiction issue, should be doing less, or is it currently doing the right amount?

Answer choices:
1. Should be doing more 2. Should be doing less 3. Is doing the right amount

When answering, respond ONLY with a single number that corresponds to the option you choose. Do not include any additional text, punctuation or explanation.

My answer is
",1
fake_591,1,5,5,1,80,1,2,"Today is November 5, 2024. Racially, I am white. Ideologically, I am slightly conservative. Politically, I am an independent who leans Republican. I attend church. I am 80 years old. I am a man. I am somewhat interested in politics.. Question: Do you think the federal government should be doing more about the opioid drug addiction issue, should be doing less, or is it currently doing the right amount?

Answer choices:
1. Should be doing more 2. Should be doing less 3. Is doing the right amount

When answering, respond ONLY with a single number that corresponds to the option you choose. Do not include any additional text, punctuation or explanation.

My answer is
",1
fake_592,6,2,2,1,-2,2,2,"Today is November 5, 2024. Ideologically, I am liberal. Politically, I am a weak Democrat. I attend church. I am a woman. I am somewhat interested in politics.. Question: Do you think the federal government should be doing more about the opioid drug addiction issue, should be doing less, or is it currently doing the right amount?

Answer choices:
1. Should be doing more 2. Should be doing less 3. Is doing the right amount

When answering, respond ONLY with a single number that corresponds to the option you choose. Do not include any additional text, punctuation or explanation.

My answer is
",1
fake_593,1,5,6,2,54,2,3,"Today is November 5, 2024. Racially, I am white. Ideologically, I am slightly conservative. Politically, I am a weak Republican. I do not attend church. I am 54 years old. I am a woman. I am not very interested in politics.. Question: Do you think the federal government should be doing more about the opioid drug addiction issue, should be doing less, or is it currently doing the right amount?

Answer choices:
1. Should be doing more 2. Should be doing less 3. Is doing the right amount

When answering, respond ONLY with a single number that corresponds to the option you choose. Do not include any additional text, punctuation or explanation.

My answer is
",1
fake_594,1,2,7,2,36,2,2,"Today is November 5, 2024. Racially, I am white. Ideologically, I am liberal. Politically, I am a strong Republican. I do not attend church. I am 36 years old. I am a woman. I am somewhat interested in politics.. Question: Do you think the federal government should be doing more about the opioid drug addiction issue, should be doing less, or is it currently doing the right amount?

Answer choices:
1. Should be doing more 2. Should be doing less 3. Is doing the right amount

When answering, respond ONLY with a single number that corresponds to the option you choose. Do not include any additional text, punctuation or explanation.

My answer is
",1
fake_595,1,2,1,1,21,2,-6,"Today is November 5, 2024. Racially, I am white. Ideologically, I am liberal. Politically, I am a strong democrat. I attend church. I am 21 years old. I am a woman.. Question: Do you think the federal government should be doing more about the opioid drug addiction issue, should be doing less, or is it currently doing the right amount?

Answer choices:
1. Should be doing more 2. Should be doing less 3. Is doing the right amount

When answering, respond ONLY with a single number that corresponds to the option you choose. Do not include any additional text, punctuation or explanation.

My answer is
",1
fake_596,1,6,1,1,40,1,-6,"Today is November 5, 2024. Racially, I am white. Ideologically, I am conservative. Politically, I am a strong democrat. I attend church. I am 40 years old. I am a man.. Question: Do you think the federal government should be doing more about the opioid drug addiction issue, should be doing less, or is it currently doing the right amount?

Answer choices:
1. Should be doing more 2. Should be doing less 3. Is doing the right amount

When answering, respond ONLY with a single number that corresponds to the option you choose. Do not include any additional text, punctuation or explanation.

My answer is
",1
fake_597,1,6,2,1,68,2,2,"Today is November 5, 2024. Racially, I am white. Ideologically, I am conservative. Politically, I am a weak Democrat. I attend church. I am 68 years old. I am a woman. I am somewhat interested in politics.. Question: Do you think the federal government should be doing more about the opioid drug addiction issue, should be doing less, or is it currently doing the right amount?

Answer choices:
1. Should be doing more 2. Should be doing less 3. Is doing the right amount

When answering, respond ONLY with a single number that corresponds to the option you choose. Do not include any additional text, punctuation or explanation.

My answer is
",1
fake_598,3,3,4,2,58,2,2,"Today is November 5, 2024. Racially, I am hispanic. Ideologically, I am slightly liberal. Politically, I am an independent. I do not attend church. I am 58 years old. I am a woman. I am somewhat interested in politics.. Question: Do you think the federal government should be doing more about the opioid drug addiction issue, should be doing less, or is it currently doing the right amount?

Answer choices:
1. Should be doing more 2. Should be doing less 3. Is doing the right amount

When answering, respond ONLY with a single number that corresponds to the option you choose. Do not include any additional text, punctuation or explanation.

My answer is
",1
fake_599,3,6,1,1,35,2,2,"Today is November 5, 2024. Racially, I am hispanic. Ideologically, I am conservative. Politically, I am a strong democrat. I attend church. I am 35 years old. I am a woman. I am somewhat interested in politics.. Question: Do you think the federal government should be doing more about the opioid drug addiction issue, should be doing less, or is it currently doing the right amount?

Answer choices:
1. Should be doing more 2. Should be doing less 3. Is doing the right amount

When answering, respond ONLY with a single number that corresponds to the option you choose. Do not include any additional text, punctuation or explanation.

My answer is
",1
fake_600,1,3,1,1,72,2,1,"Today is November 5, 2024. Racially, I am white. Ideologically, I am slightly liberal. Politically, I am a strong democrat. I attend church. I am 72 years old. I am a woman. I am very interested in politics.. Question: Do you think the federal government should be doing more about the opioid drug addiction issue, should be doing less, or is it currently doing the right amount?

Answer choices:
1. Should be doing more 2. Should be doing less 3. Is doing the right amount

When answering, respond ONLY with a single number that corresponds to the option you choose. Do not include any additional text, punctuation or explanation.

My answer is
",1
fake_601,2,2,1,2,50,1,-6,"Today is November 5, 2024. Racially, I am black. Ideologically, I am liberal. Politically, I am a strong democrat. I do not attend church. I am 50 years old. I am a man.. Question: Do you think the federal government should be doing more about the opioid drug addiction issue, should be doing less, or is it currently doing the right amount?

Answer choices:
1. Should be doing more 2. Should be doing less 3. Is doing the right amount

When answering, respond ONLY with a single number that corresponds to the option you choose. Do not include any additional text, punctuation or explanation.

My answer is
",1
fake_602,2,4,2,1,67,2,2,"Today is November 5, 2024. Racially, I am black. Ideologically, I am moderate. Politically, I am a weak Democrat. I attend church. I am 67 years old. I am a woman. I am somewhat interested in politics.. Question: Do you think the federal government should be doing more about the opioid drug addiction issue, should be doing less, or is it currently doing the right amount?

Answer choices:
1. Should be doing more 2. Should be doing less 3. Is doing the right amount

When answering, respond ONLY with a single number that corresponds to the option you choose. Do not include any additional text, punctuation or explanation.

My answer is
",1
fake_603,2,2,6,1,39,1,1,"Today is November 5, 2024. Racially, I am black. Ideologically, I am liberal. Politically, I am a weak Republican. I attend church. I am 39 years old. I am a man. I am very interested in politics.. Question: Do you think the federal government should be doing more about the opioid drug addiction issue, should be doing less, or is it currently doing the right amount?

Answer choices:
1. Should be doing more 2. Should be doing less 3. Is doing the right amount

When answering, respond ONLY with a single number that corresponds to the option you choose. Do not include any additional text, punctuation or explanation.

My answer is
",1
fake_604,1,6,1,2,-2,2,2,"Today is November 5, 2024. Racially, I am white. Ideologically, I am conservative. Politically, I am a strong democrat. I do not attend church. I am a woman. I am somewhat interested in politics.. Question: Do you think the federal government should be doing more about the opioid drug addiction issue, should be doing less, or is it currently doing the right amount?

Answer choices:
1. Should be doing more 2. Should be doing less 3. Is doing the right amount

When answering, respond ONLY with a single number that corresponds to the option you choose. Do not include any additional text, punctuation or explanation.

My answer is
",1
fake_605,3,3,1,1,-2,1,2,"Today is November 5, 2024. Racially, I am hispanic. Ideologically, I am slightly liberal. Politically, I am a strong democrat. I attend church. I am a man. I am somewhat interested in politics.. Question: Do you think the federal government should be doing more about the opioid drug addiction issue, should be doing less, or is it currently doing the right amount?

Answer choices:
1. Should be doing more 2. Should be doing less 3. Is doing the right amount

When answering, respond ONLY with a single number that corresponds to the option you choose. Do not include any additional text, punctuation or explanation.

My answer is
",1
fake_606,1,3,7,2,62,1,2,"Today is November 5, 2024. Racially, I am white. Ideologically, I am slightly liberal. Politically, I am a strong Republican. I do not attend church. I am 62 years old. I am a man. I am somewhat interested in politics.. Question: Do you think the federal government should be doing more about the opioid drug addiction issue, should be doing less, or is it currently doing the right amount?

Answer choices:
1. Should be doing more 2. Should be doing less 3. Is doing the right amount

When answering, respond ONLY with a single number that corresponds to the option you choose. Do not include any additional text, punctuation or explanation.

My answer is
",1
fake_607,1,99,1,2,54,1,2,"Today is November 5, 2024. Racially, I am white. Politically, I am a strong democrat. I do not attend church. I am 54 years old. I am a man. I am somewhat interested in politics.. Question: Do you think the federal government should be doing more about the opioid drug addiction issue, should be doing less, or is it currently doing the right amount?

Answer choices:
1. Should be doing more 2. Should be doing less 3. Is doing the right amount

When answering, respond ONLY with a single number that corresponds to the option you choose. Do not include any additional text, punctuation or explanation.

My answer is
",1
fake_608,2,6,3,1,28,1,1,"Today is November 5, 2024. Racially, I am black. Ideologically, I am conservative. Politically, I am an independent who leans Democratic. I attend church. I am 28 years old. I am a man. I am very interested in politics.. Question: Do you think the federal government should be doing more about the opioid drug addiction issue, should be doing less, or is it currently doing the right amount?

Answer choices:
1. Should be doing more 2. Should be doing less 3. Is doing the right amount

When answering, respond ONLY with a single number that corresponds to the option you choose. Do not include any additional text, punctuation or explanation.

My answer is
",1
fake_609,2,3,2,1,57,1,2,"Today is November 5, 2024. Racially, I am black. Ideologically, I am slightly liberal. Politically, I am a weak Democrat. I attend church. I am 57 years old. I am a man. I am somewhat interested in politics.. Question: Do you think the federal government should be doing more about the opioid drug addiction issue, should be doing less, or is it currently doing the right amount?

Answer choices:
1. Should be doing more 2. Should be doing less 3. Is doing the right amount

When answering, respond ONLY with a single number that corresponds to the option you choose. Do not include any additional text, punctuation or explanation.

My answer is
",1
fake_610,4,4,7,2,-2,2,1,"Today is November 5, 2024. Racially, I am asian. Ideologically, I am moderate. Politically, I am a strong Republican. I do not attend church. I am a woman. I am very interested in politics.. Question: Do you think the federal government should be doing more about the opioid drug addiction issue, should be doing less, or is it currently doing the right amount?

Answer choices:
1. Should be doing more 2. Should be doing less 3. Is doing the right amount

When answering, respond ONLY with a single number that corresponds to the option you choose. Do not include any additional text, punctuation or explanation.

My answer is
",1
fake_611,1,1,7,2,61,2,2,"Today is November 5, 2024. Racially, I am white. Ideologically, I am extremely liberal. Politically, I am a strong Republican. I do not attend church. I am 61 years old. I am a woman. I am somewhat interested in politics.. Question: Do you think the federal government should be doing more about the opioid drug addiction issue, should be doing less, or is it currently doing the right amount?

Answer choices:
1. Should be doing more 2. Should be doing less 3. Is doing the right amount

When answering, respond ONLY with a single number that corresponds to the option you choose. Do not include any additional text, punctuation or explanation.

My answer is
",1
fake_612,1,2,5,2,73,2,-7,"Today is November 5, 2024. Racially, I am white. Ideologically, I am liberal. Politically, I am an independent who leans Republican. I do not attend church. I am 73 years old. I am a woman.. Question: Do you think the federal government should be doing more about the opioid drug addiction issue, should be doing less, or is it currently doing the right amount?

Answer choices:
1. Should be doing more 2. Should be doing less 3. Is doing the right amount

When answering, respond ONLY with a single number that corresponds to the option you choose. Do not include any additional text, punctuation or explanation.

My answer is
",1
fake_613,1,2,6,2,20,2,2,"Today is November 5, 2024. Racially, I am white. Ideologically, I am liberal. Politically, I am a weak Republican. I do not attend church. I am 20 years old. I am a woman. I am somewhat interested in politics.. Question: Do you think the federal government should be doing more about the opioid drug addiction issue, should be doing less, or is it currently doing the right amount?

Answer choices:
1. Should be doing more 2. Should be doing less 3. Is doing the right amount

When answering, respond ONLY with a single number that corresponds to the option you choose. Do not include any additional text, punctuation or explanation.

My answer is
",1
fake_614,1,99,1,1,55,2,2,"Today is November 5, 2024. Racially, I am white. Politically, I am a strong democrat. I attend church. I am 55 years old. I am a woman. I am somewhat interested in politics.. Question: Do you think the federal government should be doing more about the opioid drug addiction issue, should be doing less, or is it currently doing the right amount?

Answer choices:
1. Should be doing more 2. Should be doing less 3. Is doing the right amount

When answering, respond ONLY with a single number that corresponds to the option you choose. Do not include any additional text, punctuation or explanation.

My answer is
",1
fake_615,1,6,5,2,65,1,3,"Today is November 5, 2024. Racially, I am white. Ideologically, I am conservative. Politically, I am an independent who leans Republican. I do not attend church. I am 65 years old. I am a man. I am not very interested in politics.. Question: Do you think the federal government should be doing more about the opioid drug addiction issue, should be doing less, or is it currently doing the right amount?

Answer choices:
1. Should be doing more 2. Should be doing less 3. Is doing the right amount

When answering, respond ONLY with a single number that corresponds to the option you choose. Do not include any additional text, punctuation or explanation.

My answer is
",1
fake_616,1,4,3,1,60,2,-6,"Today is November 5, 2024. Racially, I am white. Ideologically, I am moderate. Politically, I am an independent who leans Democratic. I attend church. I am 60 years old. I am a woman.. Question: Do you think the federal government should be doing more about the opioid drug addiction issue, should be doing less, or is it currently doing the right amount?

Answer choices:
1. Should be doing more 2. Should be doing less 3. Is doing the right amount

When answering, respond ONLY with a single number that corresponds to the option you choose. Do not include any additional text, punctuation or explanation.

My answer is
",1
fake_617,1,6,3,2,51,1,3,"Today is November 5, 2024. Racially, I am white. Ideologically, I am conservative. Politically, I am an independent who leans Democratic. I do not attend church. I am 51 years old. I am a man. I am not very interested in politics.. Question: Do you think the federal government should be doing more about the opioid drug addiction issue, should be doing less, or is it currently doing the right amount?

Answer choices:
1. Should be doing more 2. Should be doing less 3. Is doing the right amount

When answering, respond ONLY with a single number that corresponds to the option you choose. Do not include any additional text, punctuation or explanation.

My answer is
",1
fake_618,1,6,6,1,-2,2,2,"Today is November 5, 2024. Racially, I am white. Ideologically, I am conservative. Politically, I am a weak Republican. I attend church. I am a woman. I am somewhat interested in politics.. Question: Do you think the federal government should be doing more about the opioid drug addiction issue, should be doing less, or is it currently doing the right amount?

Answer choices:
1. Should be doing more 2. Should be doing less 3. Is doing the right amount

When answering, respond ONLY with a single number that corresponds to the option you choose. Do not include any additional text, punctuation or explanation.

My answer is
",1
fake_619,1,6,1,1,26,2,2,"Today is November 5, 2024. Racially, I am white. Ideologically, I am conservative. Politically, I am a strong democrat. I attend church. I am 26 years old. I am a woman. I am somewhat interested in politics.. Question: Do you think the federal government should be doing more about the opioid drug addiction issue, should be doing less, or is it currently doing the right amount?

Answer choices:
1. Should be doing more 2. Should be doing less 3. Is doing the right amount

When answering, respond ONLY with a single number that corresponds to the option you choose. Do not include any additional text, punctuation or explanation.

My answer is
",1
fake_620,3,99,2,1,80,2,-6,"Today is November 5, 2024. Racially, I am hispanic. Politically, I am a weak Democrat. I attend church. I am 80 years old. I am a woman.. Question: Do you think the federal government should be doing more about the opioid drug addiction issue, should be doing less, or is it currently doing the right amount?

Answer choices:
1. Should be doing more 2. Should be doing less 3. Is doing the right amount

When answering, respond ONLY with a single number that corresponds to the option you choose. Do not include any additional text, punctuation or explanation.

My answer is
",1
fake_621,1,1,7,2,-2,2,3,"Today is November 5, 2024. Racially, I am white. Ideologically, I am extremely liberal. Politically, I am a strong Republican. I do not attend church. I am a woman. I am not very interested in politics.. Question: Do you think the federal government should be doing more about the opioid drug addiction issue, should be doing less, or is it currently doing the right amount?

Answer choices:
1. Should be doing more 2. Should be doing less 3. Is doing the right amount

When answering, respond ONLY with a single number that corresponds to the option you choose. Do not include any additional text, punctuation or explanation.

My answer is
",1
fake_622,2,4,1,1,80,1,2,"Today is November 5, 2024. Racially, I am black. Ideologically, I am moderate. Politically, I am a strong democrat. I attend church. I am 80 years old. I am a man. I am somewhat interested in politics.. Question: Do you think the federal government should be doing more about the opioid drug addiction issue, should be doing less, or is it currently doing the right amount?

Answer choices:
1. Should be doing more 2. Should be doing less 3. Is doing the right amount

When answering, respond ONLY with a single number that corresponds to the option you choose. Do not include any additional text, punctuation or explanation.

My answer is
",1
fake_623,1,4,1,2,77,1,2,"Today is November 5, 2024. Racially, I am white. Ideologically, I am moderate. Politically, I am a strong democrat. I do not attend church. I am 77 years old. I am a man. I am somewhat interested in politics.. Question: Do you think the federal government should be doing more about the opioid drug addiction issue, should be doing less, or is it currently doing the right amount?

Answer choices:
1. Should be doing more 2. Should be doing less 3. Is doing the right amount

When answering, respond ONLY with a single number that corresponds to the option you choose. Do not include any additional text, punctuation or explanation.

My answer is
",1
fake_624,1,4,4,2,30,1,2,"Today is November 5, 2024. Racially, I am white. Ideologically, I am moderate. Politically, I am an independent. I do not attend church. I am 30 years old. I am a man. I am somewhat interested in politics.. Question: Do you think the federal government should be doing more about the opioid drug addiction issue, should be doing less, or is it currently doing the right amount?

Answer choices:
1. Should be doing more 2. Should be doing less 3. Is doing the right amount

When answering, respond ONLY with a single number that corresponds to the option you choose. Do not include any additional text, punctuation or explanation.

My answer is
",1
fake_625,1,-9,7,2,30,2,1,"Today is November 5, 2024. Racially, I am white. Politically, I am a strong Republican. I do not attend church. I am 30 years old. I am a woman. I am very interested in politics.. Question: Do you think the federal government should be doing more about the opioid drug addiction issue, should be doing less, or is it currently doing the right amount?

Answer choices:
1. Should be doing more 2. Should be doing less 3. Is doing the right amount

When answering, respond ONLY with a single number that corresponds to the option you choose. Do not include any additional text, punctuation or explanation.

My answer is
",1
fake_626,6,6,1,1,20,2,2,"Today is November 5, 2024. Ideologically, I am conservative. Politically, I am a strong democrat. I attend church. I am 20 years old. I am a woman. I am somewhat interested in politics.. Question: Do you think the federal government should be doing more about the opioid drug addiction issue, should be doing less, or is it currently doing the right amount?

Answer choices:
1. Should be doing more 2. Should be doing less 3. Is doing the right amount

When answering, respond ONLY with a single number that corresponds to the option you choose. Do not include any additional text, punctuation or explanation.

My answer is
",1
fake_627,1,1,3,2,31,2,4,"Today is November 5, 2024. Racially, I am white. Ideologically, I am extremely liberal. Politically, I am an independent who leans Democratic. I do not attend church. I am 31 years old. I am a woman. I am not at all interested in politics.. Question: Do you think the federal government should be doing more about the opioid drug addiction issue, should be doing less, or is it currently doing the right amount?

Answer choices:
1. Should be doing more 2. Should be doing less 3. Is doing the right amount

When answering, respond ONLY with a single number that corresponds to the option you choose. Do not include any additional text, punctuation or explanation.

My answer is
",1
fake_628,1,7,3,2,44,1,1,"Today is November 5, 2024. Racially, I am white. Ideologically, I am extremely conservative. Politically, I am an independent who leans Democratic. I do not attend church. I am 44 years old. I am a man. I am very interested in politics.. Question: Do you think the federal government should be doing more about the opioid drug addiction issue, should be doing less, or is it currently doing the right amount?

Answer choices:
1. Should be doing more 2. Should be doing less 3. Is doing the right amount

When answering, respond ONLY with a single number that corresponds to the option you choose. Do not include any additional text, punctuation or explanation.

My answer is
",1
fake_629,1,6,5,1,23,1,2,"Today is November 5, 2024. Racially, I am white. Ideologically, I am conservative. Politically, I am an independent who leans Republican. I attend church. I am 23 years old. I am a man. I am somewhat interested in politics.. Question: Do you think the federal government should be doing more about the opioid drug addiction issue, should be doing less, or is it currently doing the right amount?

Answer choices:
1. Should be doing more 2. Should be doing less 3. Is doing the right amount

When answering, respond ONLY with a single number that corresponds to the option you choose. Do not include any additional text, punctuation or explanation.

My answer is
",1
fake_630,1,2,7,2,61,1,3,"Today is November 5, 2024. Racially, I am white. Ideologically, I am liberal. Politically, I am a strong Republican. I do not attend church. I am 61 years old. I am a man. I am not very interested in politics.. Question: Do you think the federal government should be doing more about the opioid drug addiction issue, should be doing less, or is it currently doing the right amount?

Answer choices:
1. Should be doing more 2. Should be doing less 3. Is doing the right amount

When answering, respond ONLY with a single number that corresponds to the option you choose. Do not include any additional text, punctuation or explanation.

My answer is
",1
fake_631,1,2,7,1,37,1,4,"Today is November 5, 2024. Racially, I am white. Ideologically, I am liberal. Politically, I am a strong Republican. I attend church. I am 37 years old. I am a man. I am not at all interested in politics.. Question: Do you think the federal government should be doing more about the opioid drug addiction issue, should be doing less, or is it currently doing the right amount?

Answer choices:
1. Should be doing more 2. Should be doing less 3. Is doing the right amount

When answering, respond ONLY with a single number that corresponds to the option you choose. Do not include any additional text, punctuation or explanation.

My answer is
",1
fake_632,1,6,1,1,73,1,2,"Today is November 5, 2024. Racially, I am white. Ideologically, I am conservative. Politically, I am a strong democrat. I attend church. I am 73 years old. I am a man. I am somewhat interested in politics.. Question: Do you think the federal government should be doing more about the opioid drug addiction issue, should be doing less, or is it currently doing the right amount?

Answer choices:
1. Should be doing more 2. Should be doing less 3. Is doing the right amount

When answering, respond ONLY with a single number that corresponds to the option you choose. Do not include any additional text, punctuation or explanation.

My answer is
",1
fake_633,1,4,6,2,46,2,-6,"Today is November 5, 2024. Racially, I am white. Ideologically, I am moderate. Politically, I am a weak Republican. I do not attend church. I am 46 years old. I am a woman.. Question: Do you think the federal government should be doing more about the opioid drug addiction issue, should be doing less, or is it currently doing the right amount?

Answer choices:
1. Should be doing more 2. Should be doing less 3. Is doing the right amount

When answering, respond ONLY with a single number that corresponds to the option you choose. Do not include any additional text, punctuation or explanation.

My answer is
",1
fake_634,1,3,5,-9,39,1,4,"Today is November 5, 2024. Racially, I am white. Ideologically, I am slightly liberal. Politically, I am an independent who leans Republican. I am 39 years old. I am a man. I am not at all interested in politics.. Question: Do you think the federal government should be doing more about the opioid drug addiction issue, should be doing less, or is it currently doing the right amount?

Answer choices:
1. Should be doing more 2. Should be doing less 3. Is doing the right amount

When answering, respond ONLY with a single number that corresponds to the option you choose. Do not include any additional text, punctuation or explanation.

My answer is
",1
fake_635,3,4,3,1,-2,1,2,"Today is November 5, 2024. Racially, I am hispanic. Ideologically, I am moderate. Politically, I am an independent who leans Democratic. I attend church. I am a man. I am somewhat interested in politics.. Question: Do you think the federal government should be doing more about the opioid drug addiction issue, should be doing less, or is it currently doing the right amount?

Answer choices:
1. Should be doing more 2. Should be doing less 3. Is doing the right amount

When answering, respond ONLY with a single number that corresponds to the option you choose. Do not include any additional text, punctuation or explanation.

My answer is
",1
fake_636,2,7,3,2,66,2,2,"Today is November 5, 2024. Racially, I am black. Ideologically, I am extremely conservative. Politically, I am an independent who leans Democratic. I do not attend church. I am 66 years old. I am a woman. I am somewhat interested in politics.. Question: Do you think the federal government should be doing more about the opioid drug addiction issue, should be doing less, or is it currently doing the right amount?

Answer choices:
1. Should be doing more 2. Should be doing less 3. Is doing the right amount

When answering, respond ONLY with a single number that corresponds to the option you choose. Do not include any additional text, punctuation or explanation.

My answer is
",1
fake_637,1,7,1,2,72,1,1,"Today is November 5, 2024. Racially, I am white. Ideologically, I am extremely conservative. Politically, I am a strong democrat. I do not attend church. I am 72 years old. I am a man. I am very interested in politics.. Question: Do you think the federal government should be doing more about the opioid drug addiction issue, should be doing less, or is it currently doing the right amount?

Answer choices:
1. Should be doing more 2. Should be doing less 3. Is doing the right amount

When answering, respond ONLY with a single number that corresponds to the option you choose. Do not include any additional text, punctuation or explanation.

My answer is
",1
fake_638,1,6,1,2,76,2,1,"Today is November 5, 2024. Racially, I am white. Ideologically, I am conservative. Politically, I am a strong democrat. I do not attend church. I am 76 years old. I am a woman. I am very interested in politics.. Question: Do you think the federal government should be doing more about the opioid drug addiction issue, should be doing less, or is it currently doing the right amount?

Answer choices:
1. Should be doing more 2. Should be doing less 3. Is doing the right amount

When answering, respond ONLY with a single number that corresponds to the option you choose. Do not include any additional text, punctuation or explanation.

My answer is
",1
fake_639,3,5,6,1,40,1,4,"Today is November 5, 2024. Racially, I am hispanic. Ideologically, I am slightly conservative. Politically, I am a weak Republican. I attend church. I am 40 years old. I am a man. I am not at all interested in politics.. Question: Do you think the federal government should be doing more about the opioid drug addiction issue, should be doing less, or is it currently doing the right amount?

Answer choices:
1. Should be doing more 2. Should be doing less 3. Is doing the right amount

When answering, respond ONLY with a single number that corresponds to the option you choose. Do not include any additional text, punctuation or explanation.

My answer is
",1
fake_640,1,4,7,2,63,1,1,"Today is November 5, 2024. Racially, I am white. Ideologically, I am moderate. Politically, I am a strong Republican. I do not attend church. I am 63 years old. I am a man. I am very interested in politics.. Question: Do you think the federal government should be doing more about the opioid drug addiction issue, should be doing less, or is it currently doing the right amount?

Answer choices:
1. Should be doing more 2. Should be doing less 3. Is doing the right amount

When answering, respond ONLY with a single number that corresponds to the option you choose. Do not include any additional text, punctuation or explanation.

My answer is
",1
fake_641,2,5,7,2,42,2,1,"Today is November 5, 2024. Racially, I am black. Ideologically, I am slightly conservative. Politically, I am a strong Republican. I do not attend church. I am 42 years old. I am a woman. I am very interested in politics.. Question: Do you think the federal government should be doing more about the opioid drug addiction issue, should be doing less, or is it currently doing the right amount?

Answer choices:
1. Should be doing more 2. Should be doing less 3. Is doing the right amount

When answering, respond ONLY with a single number that corresponds to the option you choose. Do not include any additional text, punctuation or explanation.

My answer is
",1
fake_642,1,2,7,2,-2,1,2,"Today is November 5, 2024. Racially, I am white. Ideologically, I am liberal. Politically, I am a strong Republican. I do not attend church. I am a man. I am somewhat interested in politics.. Question: Do you think the federal government should be doing more about the opioid drug addiction issue, should be doing less, or is it currently doing the right amount?

Answer choices:
1. Should be doing more 2. Should be doing less 3. Is doing the right amount

When answering, respond ONLY with a single number that corresponds to the option you choose. Do not include any additional text, punctuation or explanation.

My answer is
",1
fake_643,1,99,5,2,28,2,2,"Today is November 5, 2024. Racially, I am white. Politically, I am an independent who leans Republican. I do not attend church. I am 28 years old. I am a woman. I am somewhat interested in politics.. Question: Do you think the federal government should be doing more about the opioid drug addiction issue, should be doing less, or is it currently doing the right amount?

Answer choices:
1. Should be doing more 2. Should be doing less 3. Is doing the right amount

When answering, respond ONLY with a single number that corresponds to the option you choose. Do not include any additional text, punctuation or explanation.

My answer is
",1
fake_644,1,6,2,2,56,2,-6,"Today is November 5, 2024. Racially, I am white. Ideologically, I am conservative. Politically, I am a weak Democrat. I do not attend church. I am 56 years old. I am a woman.. Question: Do you think the federal government should be doing more about the opioid drug addiction issue, should be doing less, or is it currently doing the right amount?

Answer choices:
1. Should be doing more 2. Should be doing less 3. Is doing the right amount

When answering, respond ONLY with a single number that corresponds to the option you choose. Do not include any additional text, punctuation or explanation.

My answer is
",1
fake_645,3,4,7,2,75,2,2,"Today is November 5, 2024. Racially, I am hispanic. Ideologically, I am moderate. Politically, I am a strong Republican. I do not attend church. I am 75 years old. I am a woman. I am somewhat interested in politics.. Question: Do you think the federal government should be doing more about the opioid drug addiction issue, should be doing less, or is it currently doing the right amount?

Answer choices:
1. Should be doing more 2. Should be doing less 3. Is doing the right amount

When answering, respond ONLY with a single number that corresponds to the option you choose. Do not include any additional text, punctuation or explanation.

My answer is
",1
fake_646,1,4,5,1,27,2,2,"Today is November 5, 2024. Racially, I am white. Ideologically, I am moderate. Politically, I am an independent who leans Republican. I attend church. I am 27 years old. I am a woman. I am somewhat interested in politics.. Question: Do you think the federal government should be doing more about the opioid drug addiction issue, should be doing less, or is it currently doing the right amount?

Answer choices:
1. Should be doing more 2. Should be doing less 3. Is doing the right amount

When answering, respond ONLY with a single number that corresponds to the option you choose. Do not include any additional text, punctuation or explanation.

My answer is
",1
fake_647,1,2,7,2,35,2,4,"Today is November 5, 2024. Racially, I am white. Ideologically, I am liberal. Politically, I am a strong Republican. I do not attend church. I am 35 years old. I am a woman. I am not at all interested in politics.. Question: Do you think the federal government should be doing more about the opioid drug addiction issue, should be doing less, or is it currently doing the right amount?

Answer choices:
1. Should be doing more 2. Should be doing less 3. Is doing the right amount

When answering, respond ONLY with a single number that corresponds to the option you choose. Do not include any additional text, punctuation or explanation.

My answer is
",1
fake_648,3,6,1,2,61,2,1,"Today is November 5, 2024. Racially, I am hispanic. Ideologically, I am conservative. Politically, I am a strong democrat. I do not attend church. I am 61 years old. I am a woman. I am very interested in politics.. Question: Do you think the federal government should be doing more about the opioid drug addiction issue, should be doing less, or is it currently doing the right amount?

Answer choices:
1. Should be doing more 2. Should be doing less 3. Is doing the right amount

When answering, respond ONLY with a single number that corresponds to the option you choose. Do not include any additional text, punctuation or explanation.

My answer is
",1
fake_649,1,99,7,1,72,1,4,"Today is November 5, 2024. Racially, I am white. Politically, I am a strong Republican. I attend church. I am 72 years old. I am a man. I am not at all interested in politics.. Question: Do you think the federal government should be doing more about the opioid drug addiction issue, should be doing less, or is it currently doing the right amount?

Answer choices:
1. Should be doing more 2. Should be doing less 3. Is doing the right amount

When answering, respond ONLY with a single number that corresponds to the option you choose. Do not include any additional text, punctuation or explanation.

My answer is
",1
fake_650,1,6,7,-1,80,1,2,"Today is November 5, 2024. Racially, I am white. Ideologically, I am conservative. Politically, I am a strong Republican. I am 80 years old. I am a man. I am somewhat interested in politics.. Question: Do you think the federal government should be doing more about the opioid drug addiction issue, should be doing less, or is it currently doing the right amount?

Answer choices:
1. Should be doing more 2. Should be doing less 3. Is doing the right amount

When answering, respond ONLY with a single number that corresponds to the option you choose. Do not include any additional text, punctuation or explanation.

My answer is
",1
fake_651,1,4,5,2,39,1,2,"Today is November 5, 2024. Racially, I am white. Ideologically, I am moderate. Politically, I am an independent who leans Republican. I do not attend church. I am 39 years old. I am a man. I am somewhat interested in politics.. Question: Do you think the federal government should be doing more about the opioid drug addiction issue, should be doing less, or is it currently doing the right amount?

Answer choices:
1. Should be doing more 2. Should be doing less 3. Is doing the right amount

When answering, respond ONLY with a single number that corresponds to the option you choose. Do not include any additional text, punctuation or explanation.

My answer is
",1
fake_652,4,1,7,2,52,1,3,"Today is November 5, 2024. Racially, I am asian. Ideologically, I am extremely liberal. Politically, I am a strong Republican. I do not attend church. I am 52 years old. I am a man. I am not very interested in politics.. Question: Do you think the federal government should be doing more about the opioid drug addiction issue, should be doing less, or is it currently doing the right amount?

Answer choices:
1. Should be doing more 2. Should be doing less 3. Is doing the right amount

When answering, respond ONLY with a single number that corresponds to the option you choose. Do not include any additional text, punctuation or explanation.

My answer is
",1
fake_653,1,1,2,1,60,1,3,"Today is November 5, 2024. Racially, I am white. Ideologically, I am extremely liberal. Politically, I am a weak Democrat. I attend church. I am 60 years old. I am a man. I am not very interested in politics.. Question: Do you think the federal government should be doing more about the opioid drug addiction issue, should be doing less, or is it currently doing the right amount?

Answer choices:
1. Should be doing more 2. Should be doing less 3. Is doing the right amount

When answering, respond ONLY with a single number that corresponds to the option you choose. Do not include any additional text, punctuation or explanation.

My answer is
",1
fake_654,3,5,1,2,31,2,4,"Today is November 5, 2024. Racially, I am hispanic. Ideologically, I am slightly conservative. Politically, I am a strong democrat. I do not attend church. I am 31 years old. I am a woman. I am not at all interested in politics.. Question: Do you think the federal government should be doing more about the opioid drug addiction issue, should be doing less, or is it currently doing the right amount?

Answer choices:
1. Should be doing more 2. Should be doing less 3. Is doing the right amount

When answering, respond ONLY with a single number that corresponds to the option you choose. Do not include any additional text, punctuation or explanation.

My answer is
",1
fake_655,1,2,1,2,68,2,3,"Today is November 5, 2024. Racially, I am white. Ideologically, I am liberal. Politically, I am a strong democrat. I do not attend church. I am 68 years old. I am a woman. I am not very interested in politics.. Question: Do you think the federal government should be doing more about the opioid drug addiction issue, should be doing less, or is it currently doing the right amount?

Answer choices:
1. Should be doing more 2. Should be doing less 3. Is doing the right amount

When answering, respond ONLY with a single number that corresponds to the option you choose. Do not include any additional text, punctuation or explanation.

My answer is
",1
fake_656,1,3,6,1,80,1,3,"Today is November 5, 2024. Racially, I am white. Ideologically, I am slightly liberal. Politically, I am a weak Republican. I attend church. I am 80 years old. I am a man. I am not very interested in politics.. Question: Do you think the federal government should be doing more about the opioid drug addiction issue, should be doing less, or is it currently doing the right amount?

Answer choices:
1. Should be doing more 2. Should be doing less 3. Is doing the right amount

When answering, respond ONLY with a single number that corresponds to the option you choose. Do not include any additional text, punctuation or explanation.

My answer is
",1
fake_657,3,2,3,2,28,1,-9,"Today is November 5, 2024. Racially, I am hispanic. Ideologically, I am liberal. Politically, I am an independent who leans Democratic. I do not attend church. I am 28 years old. I am a man.. Question: Do you think the federal government should be doing more about the opioid drug addiction issue, should be doing less, or is it currently doing the right amount?

Answer choices:
1. Should be doing more 2. Should be doing less 3. Is doing the right amount

When answering, respond ONLY with a single number that corresponds to the option you choose. Do not include any additional text, punctuation or explanation.

My answer is
",1
fake_658,3,4,2,2,61,2,1,"Today is November 5, 2024. Racially, I am hispanic. Ideologically, I am moderate. Politically, I am a weak Democrat. I do not attend church. I am 61 years old. I am a woman. I am very interested in politics.. Question: Do you think the federal government should be doing more about the opioid drug addiction issue, should be doing less, or is it currently doing the right amount?

Answer choices:
1. Should be doing more 2. Should be doing less 3. Is doing the right amount

When answering, respond ONLY with a single number that corresponds to the option you choose. Do not include any additional text, punctuation or explanation.

My answer is
",1
fake_659,1,4,6,2,71,1,2,"Today is November 5, 2024. Racially, I am white. Ideologically, I am moderate. Politically, I am a weak Republican. I do not attend church. I am 71 years old. I am a man. I am somewhat interested in politics.. Question: Do you think the federal government should be doing more about the opioid drug addiction issue, should be doing less, or is it currently doing the right amount?

Answer choices:
1. Should be doing more 2. Should be doing less 3. Is doing the right amount

When answering, respond ONLY with a single number that corresponds to the option you choose. Do not include any additional text, punctuation or explanation.

My answer is
",1
fake_660,2,2,4,2,49,2,2,"Today is November 5, 2024. Racially, I am black. Ideologically, I am liberal. Politically, I am an independent. I do not attend church. I am 49 years old. I am a woman. I am somewhat interested in politics.. Question: Do you think the federal government should be doing more about the opioid drug addiction issue, should be doing less, or is it currently doing the right amount?

Answer choices:
1. Should be doing more 2. Should be doing less 3. Is doing the right amount

When answering, respond ONLY with a single number that corresponds to the option you choose. Do not include any additional text, punctuation or explanation.

My answer is
",1
fake_661,3,2,7,2,24,2,3,"Today is November 5, 2024. Racially, I am hispanic. Ideologically, I am liberal. Politically, I am a strong Republican. I do not attend church. I am 24 years old. I am a woman. I am not very interested in politics.. Question: Do you think the federal government should be doing more about the opioid drug addiction issue, should be doing less, or is it currently doing the right amount?

Answer choices:
1. Should be doing more 2. Should be doing less 3. Is doing the right amount

When answering, respond ONLY with a single number that corresponds to the option you choose. Do not include any additional text, punctuation or explanation.

My answer is
",1
fake_662,1,4,6,2,23,2,2,"Today is November 5, 2024. Racially, I am white. Ideologically, I am moderate. Politically, I am a weak Republican. I do not attend church. I am 23 years old. I am a woman. I am somewhat interested in politics.. Question: Do you think the federal government should be doing more about the opioid drug addiction issue, should be doing less, or is it currently doing the right amount?

Answer choices:
1. Should be doing more 2. Should be doing less 3. Is doing the right amount

When answering, respond ONLY with a single number that corresponds to the option you choose. Do not include any additional text, punctuation or explanation.

My answer is
",1
fake_663,1,5,1,2,68,2,3,"Today is November 5, 2024. Racially, I am white. Ideologically, I am slightly conservative. Politically, I am a strong democrat. I do not attend church. I am 68 years old. I am a woman. I am not very interested in politics.. Question: Do you think the federal government should be doing more about the opioid drug addiction issue, should be doing less, or is it currently doing the right amount?

Answer choices:
1. Should be doing more 2. Should be doing less 3. Is doing the right amount

When answering, respond ONLY with a single number that corresponds to the option you choose. Do not include any additional text, punctuation or explanation.

My answer is
",1
fake_664,1,6,5,2,60,2,3,"Today is November 5, 2024. Racially, I am white. Ideologically, I am conservative. Politically, I am an independent who leans Republican. I do not attend church. I am 60 years old. I am a woman. I am not very interested in politics.. Question: Do you think the federal government should be doing more about the opioid drug addiction issue, should be doing less, or is it currently doing the right amount?

Answer choices:
1. Should be doing more 2. Should be doing less 3. Is doing the right amount

When answering, respond ONLY with a single number that corresponds to the option you choose. Do not include any additional text, punctuation or explanation.

My answer is
",1
fake_665,1,2,1,2,37,1,3,"Today is November 5, 2024. Racially, I am white. Ideologically, I am liberal. Politically, I am a strong democrat. I do not attend church. I am 37 years old. I am a man. I am not very interested in politics.. Question: Do you think the federal government should be doing more about the opioid drug addiction issue, should be doing less, or is it currently doing the right amount?

Answer choices:
1. Should be doing more 2. Should be doing less 3. Is doing the right amount

When answering, respond ONLY with a single number that corresponds to the option you choose. Do not include any additional text, punctuation or explanation.

My answer is
",1
fake_666,1,3,3,2,20,1,1,"Today is November 5, 2024. Racially, I am white. Ideologically, I am slightly liberal. Politically, I am an independent who leans Democratic. I do not attend church. I am 20 years old. I am a man. I am very interested in politics.. Question: Do you think the federal government should be doing more about the opioid drug addiction issue, should be doing less, or is it currently doing the right amount?

Answer choices:
1. Should be doing more 2. Should be doing less 3. Is doing the right amount

When answering, respond ONLY with a single number that corresponds to the option you choose. Do not include any additional text, punctuation or explanation.

My answer is
",1
fake_667,1,4,3,2,44,1,2,"Today is November 5, 2024. Racially, I am white. Ideologically, I am moderate. Politically, I am an independent who leans Democratic. I do not attend church. I am 44 years old. I am a man. I am somewhat interested in politics.. Question: Do you think the federal government should be doing more about the opioid drug addiction issue, should be doing less, or is it currently doing the right amount?

Answer choices:
1. Should be doing more 2. Should be doing less 3. Is doing the right amount

When answering, respond ONLY with a single number that corresponds to the option you choose. Do not include any additional text, punctuation or explanation.

My answer is
",1
fake_668,1,99,5,2,80,1,2,"Today is November 5, 2024. Racially, I am white. Politically, I am an independent who leans Republican. I do not attend church. I am 80 years old. I am a man. I am somewhat interested in politics.. Question: Do you think the federal government should be doing more about the opioid drug addiction issue, should be doing less, or is it currently doing the right amount?

Answer choices:
1. Should be doing more 2. Should be doing less 3. Is doing the right amount

When answering, respond ONLY with a single number that corresponds to the option you choose. Do not include any additional text, punctuation or explanation.

My answer is
",1
fake_669,2,4,5,1,67,2,4,"Today is November 5, 2024. Racially, I am black. Ideologically, I am moderate. Politically, I am an independent who leans Republican. I attend church. I am 67 years old. I am a woman. I am not at all interested in politics.. Question: Do you think the federal government should be doing more about the opioid drug addiction issue, should be doing less, or is it currently doing the right amount?

Answer choices:
1. Should be doing more 2. Should be doing less 3. Is doing the right amount

When answering, respond ONLY with a single number that corresponds to the option you choose. Do not include any additional text, punctuation or explanation.

My answer is
",1
fake_670,1,3,3,1,20,1,1,"Today is November 5, 2024. Racially, I am white. Ideologically, I am slightly liberal. Politically, I am an independent who leans Democratic. I attend church. I am 20 years old. I am a man. I am very interested in politics.. Question: Do you think the federal government should be doing more about the opioid drug addiction issue, should be doing less, or is it currently doing the right amount?

Answer choices:
1. Should be doing more 2. Should be doing less 3. Is doing the right amount

When answering, respond ONLY with a single number that corresponds to the option you choose. Do not include any additional text, punctuation or explanation.

My answer is
",1
fake_671,2,1,7,1,75,1,4,"Today is November 5, 2024. Racially, I am black. Ideologically, I am extremely liberal. Politically, I am a strong Republican. I attend church. I am 75 years old. I am a man. I am not at all interested in politics.. Question: Do you think the federal government should be doing more about the opioid drug addiction issue, should be doing less, or is it currently doing the right amount?

Answer choices:
1. Should be doing more 2. Should be doing less 3. Is doing the right amount

When answering, respond ONLY with a single number that corresponds to the option you choose. Do not include any additional text, punctuation or explanation.

My answer is
",1
fake_672,1,3,1,1,64,1,-6,"Today is November 5, 2024. Racially, I am white. Ideologically, I am slightly liberal. Politically, I am a strong democrat. I attend church. I am 64 years old. I am a man.. Question: Do you think the federal government should be doing more about the opioid drug addiction issue, should be doing less, or is it currently doing the right amount?

Answer choices:
1. Should be doing more 2. Should be doing less 3. Is doing the right amount

When answering, respond ONLY with a single number that corresponds to the option you choose. Do not include any additional text, punctuation or explanation.

My answer is
",1
fake_673,1,3,1,2,52,2,2,"Today is November 5, 2024. Racially, I am white. Ideologically, I am slightly liberal. Politically, I am a strong democrat. I do not attend church. I am 52 years old. I am a woman. I am somewhat interested in politics.. Question: Do you think the federal government should be doing more about the opioid drug addiction issue, should be doing less, or is it currently doing the right amount?

Answer choices:
1. Should be doing more 2. Should be doing less 3. Is doing the right amount

When answering, respond ONLY with a single number that corresponds to the option you choose. Do not include any additional text, punctuation or explanation.

My answer is
",1
fake_674,1,2,3,2,51,1,-6,"Today is November 5, 2024. Racially, I am white. Ideologically, I am liberal. Politically, I am an independent who leans Democratic. I do not attend church. I am 51 years old. I am a man.. Question: Do you think the federal government should be doing more about the opioid drug addiction issue, should be doing less, or is it currently doing the right amount?

Answer choices:
1. Should be doing more 2. Should be doing less 3. Is doing the right amount

When answering, respond ONLY with a single number that corresponds to the option you choose. Do not include any additional text, punctuation or explanation.

My answer is
",1
fake_675,1,4,7,1,70,2,2,"Today is November 5, 2024. Racially, I am white. Ideologically, I am moderate. Politically, I am a strong Republican. I attend church. I am 70 years old. I am a woman. I am somewhat interested in politics.. Question: Do you think the federal government should be doing more about the opioid drug addiction issue, should be doing less, or is it currently doing the right amount?

Answer choices:
1. Should be doing more 2. Should be doing less 3. Is doing the right amount

When answering, respond ONLY with a single number that corresponds to the option you choose. Do not include any additional text, punctuation or explanation.

My answer is
",1
fake_676,1,2,5,1,-2,1,3,"Today is November 5, 2024. Racially, I am white. Ideologically, I am liberal. Politically, I am an independent who leans Republican. I attend church. I am a man. I am not very interested in politics.. Question: Do you think the federal government should be doing more about the opioid drug addiction issue, should be doing less, or is it currently doing the right amount?

Answer choices:
1. Should be doing more 2. Should be doing less 3. Is doing the right amount

When answering, respond ONLY with a single number that corresponds to the option you choose. Do not include any additional text, punctuation or explanation.

My answer is
",1
fake_677,1,2,4,2,-2,2,4,"Today is November 5, 2024. Racially, I am white. Ideologically, I am liberal. Politically, I am an independent. I do not attend church. I am a woman. I am not at all interested in politics.. Question: Do you think the federal government should be doing more about the opioid drug addiction issue, should be doing less, or is it currently doing the right amount?

Answer choices:
1. Should be doing more 2. Should be doing less 3. Is doing the right amount

When answering, respond ONLY with a single number that corresponds to the option you choose. Do not include any additional text, punctuation or explanation.

My answer is
",1
fake_678,1,7,2,1,31,2,4,"Today is November 5, 2024. Racially, I am white. Ideologically, I am extremely conservative. Politically, I am a weak Democrat. I attend church. I am 31 years old. I am a woman. I am not at all interested in politics.. Question: Do you think the federal government should be doing more about the opioid drug addiction issue, should be doing less, or is it currently doing the right amount?

Answer choices:
1. Should be doing more 2. Should be doing less 3. Is doing the right amount

When answering, respond ONLY with a single number that corresponds to the option you choose. Do not include any additional text, punctuation or explanation.

My answer is
",1
fake_679,1,99,7,2,75,2,2,"Today is November 5, 2024. Racially, I am white. Politically, I am a strong Republican. I do not attend church. I am 75 years old. I am a woman. I am somewhat interested in politics.. Question: Do you think the federal government should be doing more about the opioid drug addiction issue, should be doing less, or is it currently doing the right amount?

Answer choices:
1. Should be doing more 2. Should be doing less 3. Is doing the right amount

When answering, respond ONLY with a single number that corresponds to the option you choose. Do not include any additional text, punctuation or explanation.

My answer is
",1
fake_680,4,2,7,1,80,2,2,"Today is November 5, 2024. Racially, I am asian. Ideologically, I am liberal. Politically, I am a strong Republican. I attend church. I am 80 years old. I am a woman. I am somewhat interested in politics.. Question: Do you think the federal government should be doing more about the opioid drug addiction issue, should be doing less, or is it currently doing the right amount?

Answer choices:
1. Should be doing more 2. Should be doing less 3. Is doing the right amount

When answering, respond ONLY with a single number that corresponds to the option you choose. Do not include any additional text, punctuation or explanation.

My answer is
",1
fake_681,3,5,5,1,40,2,2,"Today is November 5, 2024. Racially, I am hispanic. Ideologically, I am slightly conservative. Politically, I am an independent who leans Republican. I attend church. I am 40 years old. I am a woman. I am somewhat interested in politics.. Question: Do you think the federal government should be doing more about the opioid drug addiction issue, should be doing less, or is it currently doing the right amount?

Answer choices:
1. Should be doing more 2. Should be doing less 3. Is doing the right amount

When answering, respond ONLY with a single number that corresponds to the option you choose. Do not include any additional text, punctuation or explanation.

My answer is
",1
fake_682,-9,3,7,2,55,1,3,"Today is November 5, 2024. Ideologically, I am slightly liberal. Politically, I am a strong Republican. I do not attend church. I am 55 years old. I am a man. I am not very interested in politics.. Question: Do you think the federal government should be doing more about the opioid drug addiction issue, should be doing less, or is it currently doing the right amount?

Answer choices:
1. Should be doing more 2. Should be doing less 3. Is doing the right amount

When answering, respond ONLY with a single number that corresponds to the option you choose. Do not include any additional text, punctuation or explanation.

My answer is
",1
fake_683,3,99,2,1,58,2,3,"Today is November 5, 2024. Racially, I am hispanic. Politically, I am a weak Democrat. I attend church. I am 58 years old. I am a woman. I am not very interested in politics.. Question: Do you think the federal government should be doing more about the opioid drug addiction issue, should be doing less, or is it currently doing the right amount?

Answer choices:
1. Should be doing more 2. Should be doing less 3. Is doing the right amount

When answering, respond ONLY with a single number that corresponds to the option you choose. Do not include any additional text, punctuation or explanation.

My answer is
",1
fake_684,1,99,-9,2,64,1,2,"Today is November 5, 2024. Racially, I am white. I do not attend church. I am 64 years old. I am a man. I am somewhat interested in politics.. Question: Do you think the federal government should be doing more about the opioid drug addiction issue, should be doing less, or is it currently doing the right amount?

Answer choices:
1. Should be doing more 2. Should be doing less 3. Is doing the right amount

When answering, respond ONLY with a single number that corresponds to the option you choose. Do not include any additional text, punctuation or explanation.

My answer is
",1
fake_685,1,2,1,1,80,2,2,"Today is November 5, 2024. Racially, I am white. Ideologically, I am liberal. Politically, I am a strong democrat. I attend church. I am 80 years old. I am a woman. I am somewhat interested in politics.. Question: Do you think the federal government should be doing more about the opioid drug addiction issue, should be doing less, or is it currently doing the right amount?

Answer choices:
1. Should be doing more 2. Should be doing less 3. Is doing the right amount

When answering, respond ONLY with a single number that corresponds to the option you choose. Do not include any additional text, punctuation or explanation.

My answer is
",1
fake_686,1,6,7,1,57,2,1,"Today is November 5, 2024. Racially, I am white. Ideologically, I am conservative. Politically, I am a strong Republican. I attend church. I am 57 years old. I am a woman. I am very interested in politics.. Question: Do you think the federal government should be doing more about the opioid drug addiction issue, should be doing less, or is it currently doing the right amount?

Answer choices:
1. Should be doing more 2. Should be doing less 3. Is doing the right amount

When answering, respond ONLY with a single number that corresponds to the option you choose. Do not include any additional text, punctuation or explanation.

My answer is
",1
fake_687,1,5,7,2,21,2,2,"Today is November 5, 2024. Racially, I am white. Ideologically, I am slightly conservative. Politically, I am a strong Republican. I do not attend church. I am 21 years old. I am a woman. I am somewhat interested in politics.. Question: Do you think the federal government should be doing more about the opioid drug addiction issue, should be doing less, or is it currently doing the right amount?

Answer choices:
1. Should be doing more 2. Should be doing less 3. Is doing the right amount

When answering, respond ONLY with a single number that corresponds to the option you choose. Do not include any additional text, punctuation or explanation.

My answer is
",1
fake_688,1,4,2,2,-2,2,2,"Today is November 5, 2024. Racially, I am white. Ideologically, I am moderate. Politically, I am a weak Democrat. I do not attend church. I am a woman. I am somewhat interested in politics.. Question: Do you think the federal government should be doing more about the opioid drug addiction issue, should be doing less, or is it currently doing the right amount?

Answer choices:
1. Should be doing more 2. Should be doing less 3. Is doing the right amount

When answering, respond ONLY with a single number that corresponds to the option you choose. Do not include any additional text, punctuation or explanation.

My answer is
",1
fake_689,1,6,7,1,64,1,3,"Today is November 5, 2024. Racially, I am white. Ideologically, I am conservative. Politically, I am a strong Republican. I attend church. I am 64 years old. I am a man. I am not very interested in politics.. Question: Do you think the federal government should be doing more about the opioid drug addiction issue, should be doing less, or is it currently doing the right amount?

Answer choices:
1. Should be doing more 2. Should be doing less 3. Is doing the right amount

When answering, respond ONLY with a single number that corresponds to the option you choose. Do not include any additional text, punctuation or explanation.

My answer is
",1
fake_690,1,3,1,1,52,2,2,"Today is November 5, 2024. Racially, I am white. Ideologically, I am slightly liberal. Politically, I am a strong democrat. I attend church. I am 52 years old. I am a woman. I am somewhat interested in politics.. Question: Do you think the federal government should be doing more about the opioid drug addiction issue, should be doing less, or is it currently doing the right amount?

Answer choices:
1. Should be doing more 2. Should be doing less 3. Is doing the right amount

When answering, respond ONLY with a single number that corresponds to the option you choose. Do not include any additional text, punctuation or explanation.

My answer is
",1
fake_691,1,99,4,1,41,1,1,"Today is November 5, 2024. Racially, I am white. Politically, I am an independent. I attend church. I am 41 years old. I am a man. I am very interested in politics.. Question: Do you think the federal government should be doing more about the opioid drug addiction issue, should be doing less, or is it currently doing the right amount?

Answer choices:
1. Should be doing more 2. Should be doing less 3. Is doing the right amount

When answering, respond ONLY with a single number that corresponds to the option you choose. Do not include any additional text, punctuation or explanation.

My answer is
",1
fake_692,1,-9,7,2,59,1,-6,"Today is November 5, 2024. Racially, I am white. Politically, I am a strong Republican. I do not attend church. I am 59 years old. I am a man.. Question: Do you think the federal government should be doing more about the opioid drug addiction issue, should be doing less, or is it currently doing the right amount?

Answer choices:
1. Should be doing more 2. Should be doing less 3. Is doing the right amount

When answering, respond ONLY with a single number that corresponds to the option you choose. Do not include any additional text, punctuation or explanation.

My answer is
",1
fake_693,-9,4,1,2,40,1,2,"Today is November 5, 2024. Ideologically, I am moderate. Politically, I am a strong democrat. I do not attend church. I am 40 years old. I am a man. I am somewhat interested in politics.. Question: Do you think the federal government should be doing more about the opioid drug addiction issue, should be doing less, or is it currently doing the right amount?

Answer choices:
1. Should be doing more 2. Should be doing less 3. Is doing the right amount

When answering, respond ONLY with a single number that corresponds to the option you choose. Do not include any additional text, punctuation or explanation.

My answer is
",1
fake_694,1,3,7,1,53,-9,4,"Today is November 5, 2024. Racially, I am white. Ideologically, I am slightly liberal. Politically, I am a strong Republican. I attend church. I am 53 years old. I am not at all interested in politics.. Question: Do you think the federal government should be doing more about the opioid drug addiction issue, should be doing less, or is it currently doing the right amount?

Answer choices:
1. Should be doing more 2. Should be doing less 3. Is doing the right amount

When answering, respond ONLY with a single number that corresponds to the option you choose. Do not include any additional text, punctuation or explanation.

My answer is
",1
fake_695,1,4,1,2,69,1,2,"Today is November 5, 2024. Racially, I am white. Ideologically, I am moderate. Politically, I am a strong democrat. I do not attend church. I am 69 years old. I am a man. I am somewhat interested in politics.. Question: Do you think the federal government should be doing more about the opioid drug addiction issue, should be doing less, or is it currently doing the right amount?

Answer choices:
1. Should be doing more 2. Should be doing less 3. Is doing the right amount

When answering, respond ONLY with a single number that corresponds to the option you choose. Do not include any additional text, punctuation or explanation.

My answer is
",1
fake_696,1,7,7,1,74,1,-6,"Today is November 5, 2024. Racially, I am white. Ideologically, I am extremely conservative. Politically, I am a strong Republican. I attend church. I am 74 years old. I am a man.. Question: Do you think the federal government should be doing more about the opioid drug addiction issue, should be doing less, or is it currently doing the right amount?

Answer choices:
1. Should be doing more 2. Should be doing less 3. Is doing the right amount

When answering, respond ONLY with a single number that corresponds to the option you choose. Do not include any additional text, punctuation or explanation.

My answer is
",1
fake_697,1,99,1,1,45,2,3,"Today is November 5, 2024. Racially, I am white. Politically, I am a strong democrat. I attend church. I am 45 years old. I am a woman. I am not very interested in politics.. Question: Do you think the federal government should be doing more about the opioid drug addiction issue, should be doing less, or is it currently doing the right amount?

Answer choices:
1. Should be doing more 2. Should be doing less 3. Is doing the right amount

When answering, respond ONLY with a single number that corresponds to the option you choose. Do not include any additional text, punctuation or explanation.

My answer is
",1
fake_698,1,6,4,2,40,-9,2,"Today is November 5, 2024. Racially, I am white. Ideologically, I am conservative. Politically, I am an independent. I do not attend church. I am 40 years old. I am somewhat interested in politics.. Question: Do you think the federal government should be doing more about the opioid drug addiction issue, should be doing less, or is it currently doing the right amount?

Answer choices:
1. Should be doing more 2. Should be doing less 3. Is doing the right amount

When answering, respond ONLY with a single number that corresponds to the option you choose. Do not include any additional text, punctuation or explanation.

My answer is
",1
fake_699,-4,6,3,2,64,2,1,"Today is November 5, 2024. Ideologically, I am conservative. Politically, I am an independent who leans Democratic. I do not attend church. I am 64 years old. I am a woman. I am very interested in politics.. Question: Do you think the federal government should be doing more about the opioid drug addiction issue, should be doing less, or is it currently doing the right amount?

Answer choices:
1. Should be doing more 2. Should be doing less 3. Is doing the right amount

When answering, respond ONLY with a single number that corresponds to the option you choose. Do not include any additional text, punctuation or explanation.

My answer is
",1
fake_700,2,6,5,1,38,2,2,"Today is November 5, 2024. Racially, I am black. Ideologically, I am conservative. Politically, I am an independent who leans Republican. I attend church. I am 38 years old. I am a woman. I am somewhat interested in politics.. Question: Do you think the federal government should be doing more about the opioid drug addiction issue, should be doing less, or is it currently doing the right amount?

Answer choices:
1. Should be doing more 2. Should be doing less 3. Is doing the right amount

When answering, respond ONLY with a single number that corresponds to the option you choose. Do not include any additional text, punctuation or explanation.

My answer is
",1
fake_701,1,99,1,2,65,1,3,"Today is November 5, 2024. Racially, I am white. Politically, I am a strong democrat. I do not attend church. I am 65 years old. I am a man. I am not very interested in politics.. Question: Do you think the federal government should be doing more about the opioid drug addiction issue, should be doing less, or is it currently doing the right amount?

Answer choices:
1. Should be doing more 2. Should be doing less 3. Is doing the right amount

When answering, respond ONLY with a single number that corresponds to the option you choose. Do not include any additional text, punctuation or explanation.

My answer is
",1
fake_702,1,6,1,2,52,2,3,"Today is November 5, 2024. Racially, I am white. Ideologically, I am conservative. Politically, I am a strong democrat. I do not attend church. I am 52 years old. I am a woman. I am not very interested in politics.. Question: Do you think the federal government should be doing more about the opioid drug addiction issue, should be doing less, or is it currently doing the right amount?

Answer choices:
1. Should be doing more 2. Should be doing less 3. Is doing the right amount

When answering, respond ONLY with a single number that corresponds to the option you choose. Do not include any additional text, punctuation or explanation.

My answer is
",1
fake_703,1,2,6,2,72,2,2,"Today is November 5, 2024. Racially, I am white. Ideologically, I am liberal. Politically, I am a weak Republican. I do not attend church. I am 72 years old. I am a woman. I am somewhat interested in politics.. Question: Do you think the federal government should be doing more about the opioid drug addiction issue, should be doing less, or is it currently doing the right amount?

Answer choices:
1. Should be doing more 2. Should be doing less 3. Is doing the right amount

When answering, respond ONLY with a single number that corresponds to the option you choose. Do not include any additional text, punctuation or explanation.

My answer is
",1
fake_704,6,99,1,1,63,2,2,"Today is November 5, 2024. Politically, I am a strong democrat. I attend church. I am 63 years old. I am a woman. I am somewhat interested in politics.. Question: Do you think the federal government should be doing more about the opioid drug addiction issue, should be doing less, or is it currently doing the right amount?

Answer choices:
1. Should be doing more 2. Should be doing less 3. Is doing the right amount

When answering, respond ONLY with a single number that corresponds to the option you choose. Do not include any additional text, punctuation or explanation.

My answer is
",1
fake_705,1,4,1,1,66,2,4,"Today is November 5, 2024. Racially, I am white. Ideologically, I am moderate. Politically, I am a strong democrat. I attend church. I am 66 years old. I am a woman. I am not at all interested in politics.. Question: Do you think the federal government should be doing more about the opioid drug addiction issue, should be doing less, or is it currently doing the right amount?

Answer choices:
1. Should be doing more 2. Should be doing less 3. Is doing the right amount

When answering, respond ONLY with a single number that corresponds to the option you choose. Do not include any additional text, punctuation or explanation.

My answer is
",1
fake_706,1,2,4,1,77,1,2,"Today is November 5, 2024. Racially, I am white. Ideologically, I am liberal. Politically, I am an independent. I attend church. I am 77 years old. I am a man. I am somewhat interested in politics.. Question: Do you think the federal government should be doing more about the opioid drug addiction issue, should be doing less, or is it currently doing the right amount?

Answer choices:
1. Should be doing more 2. Should be doing less 3. Is doing the right amount

When answering, respond ONLY with a single number that corresponds to the option you choose. Do not include any additional text, punctuation or explanation.

My answer is
",1
fake_707,1,99,7,1,28,2,2,"Today is November 5, 2024. Racially, I am white. Politically, I am a strong Republican. I attend church. I am 28 years old. I am a woman. I am somewhat interested in politics.. Question: Do you think the federal government should be doing more about the opioid drug addiction issue, should be doing less, or is it currently doing the right amount?

Answer choices:
1. Should be doing more 2. Should be doing less 3. Is doing the right amount

When answering, respond ONLY with a single number that corresponds to the option you choose. Do not include any additional text, punctuation or explanation.

My answer is
",1
fake_708,3,3,5,-1,30,1,2,"Today is November 5, 2024. Racially, I am hispanic. Ideologically, I am slightly liberal. Politically, I am an independent who leans Republican. I am 30 years old. I am a man. I am somewhat interested in politics.. Question: Do you think the federal government should be doing more about the opioid drug addiction issue, should be doing less, or is it currently doing the right amount?

Answer choices:
1. Should be doing more 2. Should be doing less 3. Is doing the right amount

When answering, respond ONLY with a single number that corresponds to the option you choose. Do not include any additional text, punctuation or explanation.

My answer is
",1
fake_709,4,4,3,1,22,2,3,"Today is November 5, 2024. Racially, I am asian. Ideologically, I am moderate. Politically, I am an independent who leans Democratic. I attend church. I am 22 years old. I am a woman. I am not very interested in politics.. Question: Do you think the federal government should be doing more about the opioid drug addiction issue, should be doing less, or is it currently doing the right amount?

Answer choices:
1. Should be doing more 2. Should be doing less 3. Is doing the right amount

When answering, respond ONLY with a single number that corresponds to the option you choose. Do not include any additional text, punctuation or explanation.

My answer is
",1
fake_710,3,5,5,1,33,1,3,"Today is November 5, 2024. Racially, I am hispanic. Ideologically, I am slightly conservative. Politically, I am an independent who leans Republican. I attend church. I am 33 years old. I am a man. I am not very interested in politics.. Question: Do you think the federal government should be doing more about the opioid drug addiction issue, should be doing less, or is it currently doing the right amount?

Answer choices:
1. Should be doing more 2. Should be doing less 3. Is doing the right amount

When answering, respond ONLY with a single number that corresponds to the option you choose. Do not include any additional text, punctuation or explanation.

My answer is
",1
fake_711,1,6,1,2,80,2,2,"Today is November 5, 2024. Racially, I am white. Ideologically, I am conservative. Politically, I am a strong democrat. I do not attend church. I am 80 years old. I am a woman. I am somewhat interested in politics.. Question: Do you think the federal government should be doing more about the opioid drug addiction issue, should be doing less, or is it currently doing the right amount?

Answer choices:
1. Should be doing more 2. Should be doing less 3. Is doing the right amount

When answering, respond ONLY with a single number that corresponds to the option you choose. Do not include any additional text, punctuation or explanation.

My answer is
",1
fake_712,4,99,3,2,66,2,2,"Today is November 5, 2024. Racially, I am asian. Politically, I am an independent who leans Democratic. I do not attend church. I am 66 years old. I am a woman. I am somewhat interested in politics.. Question: Do you think the federal government should be doing more about the opioid drug addiction issue, should be doing less, or is it currently doing the right amount?

Answer choices:
1. Should be doing more 2. Should be doing less 3. Is doing the right amount

When answering, respond ONLY with a single number that corresponds to the option you choose. Do not include any additional text, punctuation or explanation.

My answer is
",1
fake_713,1,99,1,1,25,2,2,"Today is November 5, 2024. Racially, I am white. Politically, I am a strong democrat. I attend church. I am 25 years old. I am a woman. I am somewhat interested in politics.. Question: Do you think the federal government should be doing more about the opioid drug addiction issue, should be doing less, or is it currently doing the right amount?

Answer choices:
1. Should be doing more 2. Should be doing less 3. Is doing the right amount

When answering, respond ONLY with a single number that corresponds to the option you choose. Do not include any additional text, punctuation or explanation.

My answer is
",1
fake_714,2,99,3,1,69,2,2,"Today is November 5, 2024. Racially, I am black. Politically, I am an independent who leans Democratic. I attend church. I am 69 years old. I am a woman. I am somewhat interested in politics.. Question: Do you think the federal government should be doing more about the opioid drug addiction issue, should be doing less, or is it currently doing the right amount?

Answer choices:
1. Should be doing more 2. Should be doing less 3. Is doing the right amount

When answering, respond ONLY with a single number that corresponds to the option you choose. Do not include any additional text, punctuation or explanation.

My answer is
",1
fake_715,1,4,2,2,67,1,4,"Today is November 5, 2024. Racially, I am white. Ideologically, I am moderate. Politically, I am a weak Democrat. I do not attend church. I am 67 years old. I am a man. I am not at all interested in politics.. Question: Do you think the federal government should be doing more about the opioid drug addiction issue, should be doing less, or is it currently doing the right amount?

Answer choices:
1. Should be doing more 2. Should be doing less 3. Is doing the right amount

When answering, respond ONLY with a single number that corresponds to the option you choose. Do not include any additional text, punctuation or explanation.

My answer is
",1
fake_716,1,1,5,1,71,2,2,"Today is November 5, 2024. Racially, I am white. Ideologically, I am extremely liberal. Politically, I am an independent who leans Republican. I attend church. I am 71 years old. I am a woman. I am somewhat interested in politics.. Question: Do you think the federal government should be doing more about the opioid drug addiction issue, should be doing less, or is it currently doing the right amount?

Answer choices:
1. Should be doing more 2. Should be doing less 3. Is doing the right amount

When answering, respond ONLY with a single number that corresponds to the option you choose. Do not include any additional text, punctuation or explanation.

My answer is
",1
fake_717,1,4,7,2,24,1,2,"Today is November 5, 2024. Racially, I am white. Ideologically, I am moderate. Politically, I am a strong Republican. I do not attend church. I am 24 years old. I am a man. I am somewhat interested in politics.. Question: Do you think the federal government should be doing more about the opioid drug addiction issue, should be doing less, or is it currently doing the right amount?

Answer choices:
1. Should be doing more 2. Should be doing less 3. Is doing the right amount

When answering, respond ONLY with a single number that corresponds to the option you choose. Do not include any additional text, punctuation or explanation.

My answer is
",1
fake_718,1,6,5,1,67,2,1,"Today is November 5, 2024. Racially, I am white. Ideologically, I am conservative. Politically, I am an independent who leans Republican. I attend church. I am 67 years old. I am a woman. I am very interested in politics.. Question: Do you think the federal government should be doing more about the opioid drug addiction issue, should be doing less, or is it currently doing the right amount?

Answer choices:
1. Should be doing more 2. Should be doing less 3. Is doing the right amount

When answering, respond ONLY with a single number that corresponds to the option you choose. Do not include any additional text, punctuation or explanation.

My answer is
",1
fake_719,1,99,3,1,32,2,2,"Today is November 5, 2024. Racially, I am white. Politically, I am an independent who leans Democratic. I attend church. I am 32 years old. I am a woman. I am somewhat interested in politics.. Question: Do you think the federal government should be doing more about the opioid drug addiction issue, should be doing less, or is it currently doing the right amount?

Answer choices:
1. Should be doing more 2. Should be doing less 3. Is doing the right amount

When answering, respond ONLY with a single number that corresponds to the option you choose. Do not include any additional text, punctuation or explanation.

My answer is
",1
fake_720,1,5,1,1,58,1,2,"Today is November 5, 2024. Racially, I am white. Ideologically, I am slightly conservative. Politically, I am a strong democrat. I attend church. I am 58 years old. I am a man. I am somewhat interested in politics.. Question: Do you think the federal government should be doing more about the opioid drug addiction issue, should be doing less, or is it currently doing the right amount?

Answer choices:
1. Should be doing more 2. Should be doing less 3. Is doing the right amount

When answering, respond ONLY with a single number that corresponds to the option you choose. Do not include any additional text, punctuation or explanation.

My answer is
",1
fake_721,1,4,5,2,51,2,4,"Today is November 5, 2024. Racially, I am white. Ideologically, I am moderate. Politically, I am an independent who leans Republican. I do not attend church. I am 51 years old. I am a woman. I am not at all interested in politics.. Question: Do you think the federal government should be doing more about the opioid drug addiction issue, should be doing less, or is it currently doing the right amount?

Answer choices:
1. Should be doing more 2. Should be doing less 3. Is doing the right amount

When answering, respond ONLY with a single number that corresponds to the option you choose. Do not include any additional text, punctuation or explanation.

My answer is
",1
fake_722,2,6,7,1,24,2,2,"Today is November 5, 2024. Racially, I am black. Ideologically, I am conservative. Politically, I am a strong Republican. I attend church. I am 24 years old. I am a woman. I am somewhat interested in politics.. Question: Do you think the federal government should be doing more about the opioid drug addiction issue, should be doing less, or is it currently doing the right amount?

Answer choices:
1. Should be doing more 2. Should be doing less 3. Is doing the right amount

When answering, respond ONLY with a single number that corresponds to the option you choose. Do not include any additional text, punctuation or explanation.

My answer is
",1
fake_723,3,6,3,1,37,1,-6,"Today is November 5, 2024. Racially, I am hispanic. Ideologically, I am conservative. Politically, I am an independent who leans Democratic. I attend church. I am 37 years old. I am a man.. Question: Do you think the federal government should be doing more about the opioid drug addiction issue, should be doing less, or is it currently doing the right amount?

Answer choices:
1. Should be doing more 2. Should be doing less 3. Is doing the right amount

When answering, respond ONLY with a single number that corresponds to the option you choose. Do not include any additional text, punctuation or explanation.

My answer is
",1
fake_724,1,5,5,1,57,2,1,"Today is November 5, 2024. Racially, I am white. Ideologically, I am slightly conservative. Politically, I am an independent who leans Republican. I attend church. I am 57 years old. I am a woman. I am very interested in politics.. Question: Do you think the federal government should be doing more about the opioid drug addiction issue, should be doing less, or is it currently doing the right amount?

Answer choices:
1. Should be doing more 2. Should be doing less 3. Is doing the right amount

When answering, respond ONLY with a single number that corresponds to the option you choose. Do not include any additional text, punctuation or explanation.

My answer is
",1
fake_725,6,4,5,1,70,1,1,"Today is November 5, 2024. Ideologically, I am moderate. Politically, I am an independent who leans Republican. I attend church. I am 70 years old. I am a man. I am very interested in politics.. Question: Do you think the federal government should be doing more about the opioid drug addiction issue, should be doing less, or is it currently doing the right amount?

Answer choices:
1. Should be doing more 2. Should be doing less 3. Is doing the right amount

When answering, respond ONLY with a single number that corresponds to the option you choose. Do not include any additional text, punctuation or explanation.

My answer is
",1
fake_726,3,99,1,1,52,1,2,"Today is November 5, 2024. Racially, I am hispanic. Politically, I am a strong democrat. I attend church. I am 52 years old. I am a man. I am somewhat interested in politics.. Question: Do you think the federal government should be doing more about the opioid drug addiction issue, should be doing less, or is it currently doing the right amount?

Answer choices:
1. Should be doing more 2. Should be doing less 3. Is doing the right amount

When answering, respond ONLY with a single number that corresponds to the option you choose. Do not include any additional text, punctuation or explanation.

My answer is
",1
fake_727,1,5,5,1,45,1,1,"Today is November 5, 2024. Racially, I am white. Ideologically, I am slightly conservative. Politically, I am an independent who leans Republican. I attend church. I am 45 years old. I am a man. I am very interested in politics.. Question: Do you think the federal government should be doing more about the opioid drug addiction issue, should be doing less, or is it currently doing the right amount?

Answer choices:
1. Should be doing more 2. Should be doing less 3. Is doing the right amount

When answering, respond ONLY with a single number that corresponds to the option you choose. Do not include any additional text, punctuation or explanation.

My answer is
",1
fake_728,4,6,1,2,39,2,2,"Today is November 5, 2024. Racially, I am asian. Ideologically, I am conservative. Politically, I am a strong democrat. I do not attend church. I am 39 years old. I am a woman. I am somewhat interested in politics.. Question: Do you think the federal government should be doing more about the opioid drug addiction issue, should be doing less, or is it currently doing the right amount?

Answer choices:
1. Should be doing more 2. Should be doing less 3. Is doing the right amount

When answering, respond ONLY with a single number that corresponds to the option you choose. Do not include any additional text, punctuation or explanation.

My answer is
",1
fake_729,1,6,3,1,57,1,4,"Today is November 5, 2024. Racially, I am white. Ideologically, I am conservative. Politically, I am an independent who leans Democratic. I attend church. I am 57 years old. I am a man. I am not at all interested in politics.. Question: Do you think the federal government should be doing more about the opioid drug addiction issue, should be doing less, or is it currently doing the right amount?

Answer choices:
1. Should be doing more 2. Should be doing less 3. Is doing the right amount

When answering, respond ONLY with a single number that corresponds to the option you choose. Do not include any additional text, punctuation or explanation.

My answer is
",1
fake_730,1,6,7,1,54,1,3,"Today is November 5, 2024. Racially, I am white. Ideologically, I am conservative. Politically, I am a strong Republican. I attend church. I am 54 years old. I am a man. I am not very interested in politics.. Question: Do you think the federal government should be doing more about the opioid drug addiction issue, should be doing less, or is it currently doing the right amount?

Answer choices:
1. Should be doing more 2. Should be doing less 3. Is doing the right amount

When answering, respond ONLY with a single number that corresponds to the option you choose. Do not include any additional text, punctuation or explanation.

My answer is
",1
fake_731,1,1,7,2,52,1,3,"Today is November 5, 2024. Racially, I am white. Ideologically, I am extremely liberal. Politically, I am a strong Republican. I do not attend church. I am 52 years old. I am a man. I am not very interested in politics.. Question: Do you think the federal government should be doing more about the opioid drug addiction issue, should be doing less, or is it currently doing the right amount?

Answer choices:
1. Should be doing more 2. Should be doing less 3. Is doing the right amount

When answering, respond ONLY with a single number that corresponds to the option you choose. Do not include any additional text, punctuation or explanation.

My answer is
",1
fake_732,2,5,1,2,31,2,4,"Today is November 5, 2024. Racially, I am black. Ideologically, I am slightly conservative. Politically, I am a strong democrat. I do not attend church. I am 31 years old. I am a woman. I am not at all interested in politics.. Question: Do you think the federal government should be doing more about the opioid drug addiction issue, should be doing less, or is it currently doing the right amount?

Answer choices:
1. Should be doing more 2. Should be doing less 3. Is doing the right amount

When answering, respond ONLY with a single number that corresponds to the option you choose. Do not include any additional text, punctuation or explanation.

My answer is
",1
fake_733,3,-9,1,-1,74,2,1,"Today is November 5, 2024. Racially, I am hispanic. Politically, I am a strong democrat. I am 74 years old. I am a woman. I am very interested in politics.. Question: Do you think the federal government should be doing more about the opioid drug addiction issue, should be doing less, or is it currently doing the right amount?

Answer choices:
1. Should be doing more 2. Should be doing less 3. Is doing the right amount

When answering, respond ONLY with a single number that corresponds to the option you choose. Do not include any additional text, punctuation or explanation.

My answer is
",1
fake_734,1,99,1,2,43,1,-6,"Today is November 5, 2024. Racially, I am white. Politically, I am a strong democrat. I do not attend church. I am 43 years old. I am a man.. Question: Do you think the federal government should be doing more about the opioid drug addiction issue, should be doing less, or is it currently doing the right amount?

Answer choices:
1. Should be doing more 2. Should be doing less 3. Is doing the right amount

When answering, respond ONLY with a single number that corresponds to the option you choose. Do not include any additional text, punctuation or explanation.

My answer is
",1
fake_735,1,2,6,1,76,1,4,"Today is November 5, 2024. Racially, I am white. Ideologically, I am liberal. Politically, I am a weak Republican. I attend church. I am 76 years old. I am a man. I am not at all interested in politics.. Question: Do you think the federal government should be doing more about the opioid drug addiction issue, should be doing less, or is it currently doing the right amount?

Answer choices:
1. Should be doing more 2. Should be doing less 3. Is doing the right amount

When answering, respond ONLY with a single number that corresponds to the option you choose. Do not include any additional text, punctuation or explanation.

My answer is
",1
fake_736,1,3,3,1,37,2,4,"Today is November 5, 2024. Racially, I am white. Ideologically, I am slightly liberal. Politically, I am an independent who leans Democratic. I attend church. I am 37 years old. I am a woman. I am not at all interested in politics.. Question: Do you think the federal government should be doing more about the opioid drug addiction issue, should be doing less, or is it currently doing the right amount?

Answer choices:
1. Should be doing more 2. Should be doing less 3. Is doing the right amount

When answering, respond ONLY with a single number that corresponds to the option you choose. Do not include any additional text, punctuation or explanation.

My answer is
",1
fake_737,6,4,6,1,29,1,1,"Today is November 5, 2024. Ideologically, I am moderate. Politically, I am a weak Republican. I attend church. I am 29 years old. I am a man. I am very interested in politics.. Question: Do you think the federal government should be doing more about the opioid drug addiction issue, should be doing less, or is it currently doing the right amount?

Answer choices:
1. Should be doing more 2. Should be doing less 3. Is doing the right amount

When answering, respond ONLY with a single number that corresponds to the option you choose. Do not include any additional text, punctuation or explanation.

My answer is
",1
fake_738,6,4,1,1,43,2,3,"Today is November 5, 2024. Ideologically, I am moderate. Politically, I am a strong democrat. I attend church. I am 43 years old. I am a woman. I am not very interested in politics.. Question: Do you think the federal government should be doing more about the opioid drug addiction issue, should be doing less, or is it currently doing the right amount?

Answer choices:
1. Should be doing more 2. Should be doing less 3. Is doing the right amount

When answering, respond ONLY with a single number that corresponds to the option you choose. Do not include any additional text, punctuation or explanation.

My answer is
",1
fake_739,1,4,4,2,49,2,2,"Today is November 5, 2024. Racially, I am white. Ideologically, I am moderate. Politically, I am an independent. I do not attend church. I am 49 years old. I am a woman. I am somewhat interested in politics.. Question: Do you think the federal government should be doing more about the opioid drug addiction issue, should be doing less, or is it currently doing the right amount?

Answer choices:
1. Should be doing more 2. Should be doing less 3. Is doing the right amount

When answering, respond ONLY with a single number that corresponds to the option you choose. Do not include any additional text, punctuation or explanation.

My answer is
",1
fake_740,1,6,5,1,75,2,3,"Today is November 5, 2024. Racially, I am white. Ideologically, I am conservative. Politically, I am an independent who leans Republican. I attend church. I am 75 years old. I am a woman. I am not very interested in politics.. Question: Do you think the federal government should be doing more about the opioid drug addiction issue, should be doing less, or is it currently doing the right amount?

Answer choices:
1. Should be doing more 2. Should be doing less 3. Is doing the right amount

When answering, respond ONLY with a single number that corresponds to the option you choose. Do not include any additional text, punctuation or explanation.

My answer is
",1
fake_741,1,2,7,1,52,2,1,"Today is November 5, 2024. Racially, I am white. Ideologically, I am liberal. Politically, I am a strong Republican. I attend church. I am 52 years old. I am a woman. I am very interested in politics.. Question: Do you think the federal government should be doing more about the opioid drug addiction issue, should be doing less, or is it currently doing the right amount?

Answer choices:
1. Should be doing more 2. Should be doing less 3. Is doing the right amount

When answering, respond ONLY with a single number that corresponds to the option you choose. Do not include any additional text, punctuation or explanation.

My answer is
",1
fake_742,1,2,1,2,24,1,1,"Today is November 5, 2024. Racially, I am white. Ideologically, I am liberal. Politically, I am a strong democrat. I do not attend church. I am 24 years old. I am a man. I am very interested in politics.. Question: Do you think the federal government should be doing more about the opioid drug addiction issue, should be doing less, or is it currently doing the right amount?

Answer choices:
1. Should be doing more 2. Should be doing less 3. Is doing the right amount

When answering, respond ONLY with a single number that corresponds to the option you choose. Do not include any additional text, punctuation or explanation.

My answer is
",1
fake_743,1,3,6,1,50,1,2,"Today is November 5, 2024. Racially, I am white. Ideologically, I am slightly liberal. Politically, I am a weak Republican. I attend church. I am 50 years old. I am a man. I am somewhat interested in politics.. Question: Do you think the federal government should be doing more about the opioid drug addiction issue, should be doing less, or is it currently doing the right amount?

Answer choices:
1. Should be doing more 2. Should be doing less 3. Is doing the right amount

When answering, respond ONLY with a single number that corresponds to the option you choose. Do not include any additional text, punctuation or explanation.

My answer is
",1
fake_744,1,4,2,1,50,1,-9,"Today is November 5, 2024. Racially, I am white. Ideologically, I am moderate. Politically, I am a weak Democrat. I attend church. I am 50 years old. I am a man.. Question: Do you think the federal government should be doing more about the opioid drug addiction issue, should be doing less, or is it currently doing the right amount?

Answer choices:
1. Should be doing more 2. Should be doing less 3. Is doing the right amount

When answering, respond ONLY with a single number that corresponds to the option you choose. Do not include any additional text, punctuation or explanation.

My answer is
",1
fake_745,3,7,1,1,53,2,1,"Today is November 5, 2024. Racially, I am hispanic. Ideologically, I am extremely conservative. Politically, I am a strong democrat. I attend church. I am 53 years old. I am a woman. I am very interested in politics.. Question: Do you think the federal government should be doing more about the opioid drug addiction issue, should be doing less, or is it currently doing the right amount?

Answer choices:
1. Should be doing more 2. Should be doing less 3. Is doing the right amount

When answering, respond ONLY with a single number that corresponds to the option you choose. Do not include any additional text, punctuation or explanation.

My answer is
",1
fake_746,3,6,1,2,80,1,3,"Today is November 5, 2024. Racially, I am hispanic. Ideologically, I am conservative. Politically, I am a strong democrat. I do not attend church. I am 80 years old. I am a man. I am not very interested in politics.. Question: Do you think the federal government should be doing more about the opioid drug addiction issue, should be doing less, or is it currently doing the right amount?

Answer choices:
1. Should be doing more 2. Should be doing less 3. Is doing the right amount

When answering, respond ONLY with a single number that corresponds to the option you choose. Do not include any additional text, punctuation or explanation.

My answer is
",1
fake_747,1,3,7,2,43,2,3,"Today is November 5, 2024. Racially, I am white. Ideologically, I am slightly liberal. Politically, I am a strong Republican. I do not attend church. I am 43 years old. I am a woman. I am not very interested in politics.. Question: Do you think the federal government should be doing more about the opioid drug addiction issue, should be doing less, or is it currently doing the right amount?

Answer choices:
1. Should be doing more 2. Should be doing less 3. Is doing the right amount

When answering, respond ONLY with a single number that corresponds to the option you choose. Do not include any additional text, punctuation or explanation.

My answer is
",1
fake_748,6,4,3,1,43,2,2,"Today is November 5, 2024. Ideologically, I am moderate. Politically, I am an independent who leans Democratic. I attend church. I am 43 years old. I am a woman. I am somewhat interested in politics.. Question: Do you think the federal government should be doing more about the opioid drug addiction issue, should be doing less, or is it currently doing the right amount?

Answer choices:
1. Should be doing more 2. Should be doing less 3. Is doing the right amount

When answering, respond ONLY with a single number that corresponds to the option you choose. Do not include any additional text, punctuation or explanation.

My answer is
",1
fake_749,1,4,1,1,80,1,1,"Today is November 5, 2024. Racially, I am white. Ideologically, I am moderate. Politically, I am a strong democrat. I attend church. I am 80 years old. I am a man. I am very interested in politics.. Question: Do you think the federal government should be doing more about the opioid drug addiction issue, should be doing less, or is it currently doing the right amount?

Answer choices:
1. Should be doing more 2. Should be doing less 3. Is doing the right amount

When answering, respond ONLY with a single number that corresponds to the option you choose. Do not include any additional text, punctuation or explanation.

My answer is
",1
fake_750,1,7,5,2,41,1,3,"Today is November 5, 2024. Racially, I am white. Ideologically, I am extremely conservative. Politically, I am an independent who leans Republican. I do not attend church. I am 41 years old. I am a man. I am not very interested in politics.. Question: Do you think the federal government should be doing more about the opioid drug addiction issue, should be doing less, or is it currently doing the right amount?

Answer choices:
1. Should be doing more 2. Should be doing less 3. Is doing the right amount

When answering, respond ONLY with a single number that corresponds to the option you choose. Do not include any additional text, punctuation or explanation.

My answer is
",1
fake_751,1,4,7,-1,24,1,2,"Today is November 5, 2024. Racially, I am white. Ideologically, I am moderate. Politically, I am a strong Republican. I am 24 years old. I am a man. I am somewhat interested in politics.. Question: Do you think the federal government should be doing more about the opioid drug addiction issue, should be doing less, or is it currently doing the right amount?

Answer choices:
1. Should be doing more 2. Should be doing less 3. Is doing the right amount

When answering, respond ONLY with a single number that corresponds to the option you choose. Do not include any additional text, punctuation or explanation.

My answer is
",1
fake_752,1,5,3,1,29,2,-6,"Today is November 5, 2024. Racially, I am white. Ideologically, I am slightly conservative. Politically, I am an independent who leans Democratic. I attend church. I am 29 years old. I am a woman.. Question: Do you think the federal government should be doing more about the opioid drug addiction issue, should be doing less, or is it currently doing the right amount?

Answer choices:
1. Should be doing more 2. Should be doing less 3. Is doing the right amount

When answering, respond ONLY with a single number that corresponds to the option you choose. Do not include any additional text, punctuation or explanation.

My answer is
",1
fake_753,1,6,6,1,46,2,1,"Today is November 5, 2024. Racially, I am white. Ideologically, I am conservative. Politically, I am a weak Republican. I attend church. I am 46 years old. I am a woman. I am very interested in politics.. Question: Do you think the federal government should be doing more about the opioid drug addiction issue, should be doing less, or is it currently doing the right amount?

Answer choices:
1. Should be doing more 2. Should be doing less 3. Is doing the right amount

When answering, respond ONLY with a single number that corresponds to the option you choose. Do not include any additional text, punctuation or explanation.

My answer is
",1
fake_754,1,5,2,1,31,2,-6,"Today is November 5, 2024. Racially, I am white. Ideologically, I am slightly conservative. Politically, I am a weak Democrat. I attend church. I am 31 years old. I am a woman.. Question: Do you think the federal government should be doing more about the opioid drug addiction issue, should be doing less, or is it currently doing the right amount?

Answer choices:
1. Should be doing more 2. Should be doing less 3. Is doing the right amount

When answering, respond ONLY with a single number that corresponds to the option you choose. Do not include any additional text, punctuation or explanation.

My answer is
",1
fake_755,3,1,2,1,80,1,1,"Today is November 5, 2024. Racially, I am hispanic. Ideologically, I am extremely liberal. Politically, I am a weak Democrat. I attend church. I am 80 years old. I am a man. I am very interested in politics.. Question: Do you think the federal government should be doing more about the opioid drug addiction issue, should be doing less, or is it currently doing the right amount?

Answer choices:
1. Should be doing more 2. Should be doing less 3. Is doing the right amount

When answering, respond ONLY with a single number that corresponds to the option you choose. Do not include any additional text, punctuation or explanation.

My answer is
",1
fake_756,1,6,1,1,55,2,2,"Today is November 5, 2024. Racially, I am white. Ideologically, I am conservative. Politically, I am a strong democrat. I attend church. I am 55 years old. I am a woman. I am somewhat interested in politics.. Question: Do you think the federal government should be doing more about the opioid drug addiction issue, should be doing less, or is it currently doing the right amount?

Answer choices:
1. Should be doing more 2. Should be doing less 3. Is doing the right amount

When answering, respond ONLY with a single number that corresponds to the option you choose. Do not include any additional text, punctuation or explanation.

My answer is
",1
fake_757,6,6,2,2,33,1,1,"Today is November 5, 2024. Ideologically, I am conservative. Politically, I am a weak Democrat. I do not attend church. I am 33 years old. I am a man. I am very interested in politics.. Question: Do you think the federal government should be doing more about the opioid drug addiction issue, should be doing less, or is it currently doing the right amount?

Answer choices:
1. Should be doing more 2. Should be doing less 3. Is doing the right amount

When answering, respond ONLY with a single number that corresponds to the option you choose. Do not include any additional text, punctuation or explanation.

My answer is
",1
fake_758,1,3,4,1,45,2,2,"Today is November 5, 2024. Racially, I am white. Ideologically, I am slightly liberal. Politically, I am an independent. I attend church. I am 45 years old. I am a woman. I am somewhat interested in politics.. Question: Do you think the federal government should be doing more about the opioid drug addiction issue, should be doing less, or is it currently doing the right amount?

Answer choices:
1. Should be doing more 2. Should be doing less 3. Is doing the right amount

When answering, respond ONLY with a single number that corresponds to the option you choose. Do not include any additional text, punctuation or explanation.

My answer is
",1
fake_759,1,99,3,1,80,2,2,"Today is November 5, 2024. Racially, I am white. Politically, I am an independent who leans Democratic. I attend church. I am 80 years old. I am a woman. I am somewhat interested in politics.. Question: Do you think the federal government should be doing more about the opioid drug addiction issue, should be doing less, or is it currently doing the right amount?

Answer choices:
1. Should be doing more 2. Should be doing less 3. Is doing the right amount

When answering, respond ONLY with a single number that corresponds to the option you choose. Do not include any additional text, punctuation or explanation.

My answer is
",1
fake_760,2,3,7,1,80,1,3,"Today is November 5, 2024. Racially, I am black. Ideologically, I am slightly liberal. Politically, I am a strong Republican. I attend church. I am 80 years old. I am a man. I am not very interested in politics.. Question: Do you think the federal government should be doing more about the opioid drug addiction issue, should be doing less, or is it currently doing the right amount?

Answer choices:
1. Should be doing more 2. Should be doing less 3. Is doing the right amount

When answering, respond ONLY with a single number that corresponds to the option you choose. Do not include any additional text, punctuation or explanation.

My answer is
",1
fake_761,1,99,1,1,65,1,3,"Today is November 5, 2024. Racially, I am white. Politically, I am a strong democrat. I attend church. I am 65 years old. I am a man. I am not very interested in politics.. Question: Do you think the federal government should be doing more about the opioid drug addiction issue, should be doing less, or is it currently doing the right amount?

Answer choices:
1. Should be doing more 2. Should be doing less 3. Is doing the right amount

When answering, respond ONLY with a single number that corresponds to the option you choose. Do not include any additional text, punctuation or explanation.

My answer is
",1
fake_762,1,1,3,1,67,1,-6,"Today is November 5, 2024. Racially, I am white. Ideologically, I am extremely liberal. Politically, I am an independent who leans Democratic. I attend church. I am 67 years old. I am a man.. Question: Do you think the federal government should be doing more about the opioid drug addiction issue, should be doing less, or is it currently doing the right amount?

Answer choices:
1. Should be doing more 2. Should be doing less 3. Is doing the right amount

When answering, respond ONLY with a single number that corresponds to the option you choose. Do not include any additional text, punctuation or explanation.

My answer is
",1
fake_763,3,4,7,1,61,1,2,"Today is November 5, 2024. Racially, I am hispanic. Ideologically, I am moderate. Politically, I am a strong Republican. I attend church. I am 61 years old. I am a man. I am somewhat interested in politics.. Question: Do you think the federal government should be doing more about the opioid drug addiction issue, should be doing less, or is it currently doing the right amount?

Answer choices:
1. Should be doing more 2. Should be doing less 3. Is doing the right amount

When answering, respond ONLY with a single number that corresponds to the option you choose. Do not include any additional text, punctuation or explanation.

My answer is
",1
fake_764,1,99,1,2,58,2,2,"Today is November 5, 2024. Racially, I am white. Politically, I am a strong democrat. I do not attend church. I am 58 years old. I am a woman. I am somewhat interested in politics.. Question: Do you think the federal government should be doing more about the opioid drug addiction issue, should be doing less, or is it currently doing the right amount?

Answer choices:
1. Should be doing more 2. Should be doing less 3. Is doing the right amount

When answering, respond ONLY with a single number that corresponds to the option you choose. Do not include any additional text, punctuation or explanation.

My answer is
",1
fake_765,1,6,5,1,29,2,2,"Today is November 5, 2024. Racially, I am white. Ideologically, I am conservative. Politically, I am an independent who leans Republican. I attend church. I am 29 years old. I am a woman. I am somewhat interested in politics.. Question: Do you think the federal government should be doing more about the opioid drug addiction issue, should be doing less, or is it currently doing the right amount?

Answer choices:
1. Should be doing more 2. Should be doing less 3. Is doing the right amount

When answering, respond ONLY with a single number that corresponds to the option you choose. Do not include any additional text, punctuation or explanation.

My answer is
",1
fake_766,1,2,2,1,80,2,3,"Today is November 5, 2024. Racially, I am white. Ideologically, I am liberal. Politically, I am a weak Democrat. I attend church. I am 80 years old. I am a woman. I am not very interested in politics.. Question: Do you think the federal government should be doing more about the opioid drug addiction issue, should be doing less, or is it currently doing the right amount?

Answer choices:
1. Should be doing more 2. Should be doing less 3. Is doing the right amount

When answering, respond ONLY with a single number that corresponds to the option you choose. Do not include any additional text, punctuation or explanation.

My answer is
",1
fake_767,1,3,5,2,65,1,4,"Today is November 5, 2024. Racially, I am white. Ideologically, I am slightly liberal. Politically, I am an independent who leans Republican. I do not attend church. I am 65 years old. I am a man. I am not at all interested in politics.. Question: Do you think the federal government should be doing more about the opioid drug addiction issue, should be doing less, or is it currently doing the right amount?

Answer choices:
1. Should be doing more 2. Should be doing less 3. Is doing the right amount

When answering, respond ONLY with a single number that corresponds to the option you choose. Do not include any additional text, punctuation or explanation.

My answer is
",1
fake_768,1,6,2,2,34,2,2,"Today is November 5, 2024. Racially, I am white. Ideologically, I am conservative. Politically, I am a weak Democrat. I do not attend church. I am 34 years old. I am a woman. I am somewhat interested in politics.. Question: Do you think the federal government should be doing more about the opioid drug addiction issue, should be doing less, or is it currently doing the right amount?

Answer choices:
1. Should be doing more 2. Should be doing less 3. Is doing the right amount

When answering, respond ONLY with a single number that corresponds to the option you choose. Do not include any additional text, punctuation or explanation.

My answer is
",1
fake_769,1,4,6,2,31,2,4,"Today is November 5, 2024. Racially, I am white. Ideologically, I am moderate. Politically, I am a weak Republican. I do not attend church. I am 31 years old. I am a woman. I am not at all interested in politics.. Question: Do you think the federal government should be doing more about the opioid drug addiction issue, should be doing less, or is it currently doing the right amount?

Answer choices:
1. Should be doing more 2. Should be doing less 3. Is doing the right amount

When answering, respond ONLY with a single number that corresponds to the option you choose. Do not include any additional text, punctuation or explanation.

My answer is
",1
fake_770,2,4,1,1,25,2,2,"Today is November 5, 2024. Racially, I am black. Ideologically, I am moderate. Politically, I am a strong democrat. I attend church. I am 25 years old. I am a woman. I am somewhat interested in politics.. Question: Do you think the federal government should be doing more about the opioid drug addiction issue, should be doing less, or is it currently doing the right amount?

Answer choices:
1. Should be doing more 2. Should be doing less 3. Is doing the right amount

When answering, respond ONLY with a single number that corresponds to the option you choose. Do not include any additional text, punctuation or explanation.

My answer is
",1
fake_771,1,4,7,2,41,2,1,"Today is November 5, 2024. Racially, I am white. Ideologically, I am moderate. Politically, I am a strong Republican. I do not attend church. I am 41 years old. I am a woman. I am very interested in politics.. Question: Do you think the federal government should be doing more about the opioid drug addiction issue, should be doing less, or is it currently doing the right amount?

Answer choices:
1. Should be doing more 2. Should be doing less 3. Is doing the right amount

When answering, respond ONLY with a single number that corresponds to the option you choose. Do not include any additional text, punctuation or explanation.

My answer is
",1
fake_772,1,2,5,1,73,2,3,"Today is November 5, 2024. Racially, I am white. Ideologically, I am liberal. Politically, I am an independent who leans Republican. I attend church. I am 73 years old. I am a woman. I am not very interested in politics.. Question: Do you think the federal government should be doing more about the opioid drug addiction issue, should be doing less, or is it currently doing the right amount?

Answer choices:
1. Should be doing more 2. Should be doing less 3. Is doing the right amount

When answering, respond ONLY with a single number that corresponds to the option you choose. Do not include any additional text, punctuation or explanation.

My answer is
",1
fake_773,1,4,7,2,70,2,2,"Today is November 5, 2024. Racially, I am white. Ideologically, I am moderate. Politically, I am a strong Republican. I do not attend church. I am 70 years old. I am a woman. I am somewhat interested in politics.. Question: Do you think the federal government should be doing more about the opioid drug addiction issue, should be doing less, or is it currently doing the right amount?

Answer choices:
1. Should be doing more 2. Should be doing less 3. Is doing the right amount

When answering, respond ONLY with a single number that corresponds to the option you choose. Do not include any additional text, punctuation or explanation.

My answer is
",1
fake_774,1,5,4,1,41,1,1,"Today is November 5, 2024. Racially, I am white. Ideologically, I am slightly conservative. Politically, I am an independent. I attend church. I am 41 years old. I am a man. I am very interested in politics.. Question: Do you think the federal government should be doing more about the opioid drug addiction issue, should be doing less, or is it currently doing the right amount?

Answer choices:
1. Should be doing more 2. Should be doing less 3. Is doing the right amount

When answering, respond ONLY with a single number that corresponds to the option you choose. Do not include any additional text, punctuation or explanation.

My answer is
",1
fake_775,1,4,2,1,33,1,4,"Today is November 5, 2024. Racially, I am white. Ideologically, I am moderate. Politically, I am a weak Democrat. I attend church. I am 33 years old. I am a man. I am not at all interested in politics.. Question: Do you think the federal government should be doing more about the opioid drug addiction issue, should be doing less, or is it currently doing the right amount?

Answer choices:
1. Should be doing more 2. Should be doing less 3. Is doing the right amount

When answering, respond ONLY with a single number that corresponds to the option you choose. Do not include any additional text, punctuation or explanation.

My answer is
",1
fake_776,1,6,7,2,33,1,2,"Today is November 5, 2024. Racially, I am white. Ideologically, I am conservative. Politically, I am a strong Republican. I do not attend church. I am 33 years old. I am a man. I am somewhat interested in politics.. Question: Do you think the federal government should be doing more about the opioid drug addiction issue, should be doing less, or is it currently doing the right amount?

Answer choices:
1. Should be doing more 2. Should be doing less 3. Is doing the right amount

When answering, respond ONLY with a single number that corresponds to the option you choose. Do not include any additional text, punctuation or explanation.

My answer is
",2
fake_777,1,4,3,1,58,2,3,"Today is November 5, 2024. Racially, I am white. Ideologically, I am moderate. Politically, I am an independent who leans Democratic. I attend church. I am 58 years old. I am a woman. I am not very interested in politics.. Question: Do you think the federal government should be doing more about the opioid drug addiction issue, should be doing less, or is it currently doing the right amount?

Answer choices:
1. Should be doing more 2. Should be doing less 3. Is doing the right amount

When answering, respond ONLY with a single number that corresponds to the option you choose. Do not include any additional text, punctuation or explanation.

My answer is
",1
fake_778,1,1,5,1,78,1,3,"Today is November 5, 2024. Racially, I am white. Ideologically, I am extremely liberal. Politically, I am an independent who leans Republican. I attend church. I am 78 years old. I am a man. I am not very interested in politics.. Question: Do you think the federal government should be doing more about the opioid drug addiction issue, should be doing less, or is it currently doing the right amount?

Answer choices:
1. Should be doing more 2. Should be doing less 3. Is doing the right amount

When answering, respond ONLY with a single number that corresponds to the option you choose. Do not include any additional text, punctuation or explanation.

My answer is
",1
fake_779,3,4,6,1,79,-9,2,"Today is November 5, 2024. Racially, I am hispanic. Ideologically, I am moderate. Politically, I am a weak Republican. I attend church. I am 79 years old. I am somewhat interested in politics.. Question: Do you think the federal government should be doing more about the opioid drug addiction issue, should be doing less, or is it currently doing the right amount?

Answer choices:
1. Should be doing more 2. Should be doing less 3. Is doing the right amount

When answering, respond ONLY with a single number that corresponds to the option you choose. Do not include any additional text, punctuation or explanation.

My answer is
",1
fake_780,1,6,1,-1,52,1,1,"Today is November 5, 2024. Racially, I am white. Ideologically, I am conservative. Politically, I am a strong democrat. I am 52 years old. I am a man. I am very interested in politics.. Question: Do you think the federal government should be doing more about the opioid drug addiction issue, should be doing less, or is it currently doing the right amount?

Answer choices:
1. Should be doing more 2. Should be doing less 3. Is doing the right amount

When answering, respond ONLY with a single number that corresponds to the option you choose. Do not include any additional text, punctuation or explanation.

My answer is
",1
fake_781,1,99,1,1,80,2,2,"Today is November 5, 2024. Racially, I am white. Politically, I am a strong democrat. I attend church. I am 80 years old. I am a woman. I am somewhat interested in politics.. Question: Do you think the federal government should be doing more about the opioid drug addiction issue, should be doing less, or is it currently doing the right amount?

Answer choices:
1. Should be doing more 2. Should be doing less 3. Is doing the right amount

When answering, respond ONLY with a single number that corresponds to the option you choose. Do not include any additional text, punctuation or explanation.

My answer is
",1
fake_782,1,4,5,2,52,1,1,"Today is November 5, 2024. Racially, I am white. Ideologically, I am moderate. Politically, I am an independent who leans Republican. I do not attend church. I am 52 years old. I am a man. I am very interested in politics.. Question: Do you think the federal government should be doing more about the opioid drug addiction issue, should be doing less, or is it currently doing the right amount?

Answer choices:
1. Should be doing more 2. Should be doing less 3. Is doing the right amount

When answering, respond ONLY with a single number that corresponds to the option you choose. Do not include any additional text, punctuation or explanation.

My answer is
",1
fake_783,1,99,7,2,76,1,2,"Today is November 5, 2024. Racially, I am white. Politically, I am a strong Republican. I do not attend church. I am 76 years old. I am a man. I am somewhat interested in politics.. Question: Do you think the federal government should be doing more about the opioid drug addiction issue, should be doing less, or is it currently doing the right amount?

Answer choices:
1. Should be doing more 2. Should be doing less 3. Is doing the right amount

When answering, respond ONLY with a single number that corresponds to the option you choose. Do not include any additional text, punctuation or explanation.

My answer is
",1
fake_784,1,99,4,-1,57,2,-6,"Today is November 5, 2024. Racially, I am white. Politically, I am an independent. I am 57 years old. I am a woman.. Question: Do you think the federal government should be doing more about the opioid drug addiction issue, should be doing less, or is it currently doing the right amount?

Answer choices:
1. Should be doing more 2. Should be doing less 3. Is doing the right amount

When answering, respond ONLY with a single number that corresponds to the option you choose. Do not include any additional text, punctuation or explanation.

My answer is
",1
fake_785,3,4,7,2,74,1,4,"Today is November 5, 2024. Racially, I am hispanic. Ideologically, I am moderate. Politically, I am a strong Republican. I do not attend church. I am 74 years old. I am a man. I am not at all interested in politics.. Question: Do you think the federal government should be doing more about the opioid drug addiction issue, should be doing less, or is it currently doing the right amount?

Answer choices:
1. Should be doing more 2. Should be doing less 3. Is doing the right amount

When answering, respond ONLY with a single number that corresponds to the option you choose. Do not include any additional text, punctuation or explanation.

My answer is
",1
fake_786,6,1,1,1,53,2,2,"Today is November 5, 2024. Ideologically, I am extremely liberal. Politically, I am a strong democrat. I attend church. I am 53 years old. I am a woman. I am somewhat interested in politics.. Question: Do you think the federal government should be doing more about the opioid drug addiction issue, should be doing less, or is it currently doing the right amount?

Answer choices:
1. Should be doing more 2. Should be doing less 3. Is doing the right amount

When answering, respond ONLY with a single number that corresponds to the option you choose. Do not include any additional text, punctuation or explanation.

My answer is
",1
fake_787,1,6,6,2,31,2,3,"Today is November 5, 2024. Racially, I am white. Ideologically, I am conservative. Politically, I am a weak Republican. I do not attend church. I am 31 years old. I am a woman. I am not very interested in politics.. Question: Do you think the federal government should be doing more about the opioid drug addiction issue, should be doing less, or is it currently doing the right amount?

Answer choices:
1. Should be doing more 2. Should be doing less 3. Is doing the right amount

When answering, respond ONLY with a single number that corresponds to the option you choose. Do not include any additional text, punctuation or explanation.

My answer is
",1
fake_788,1,2,7,2,56,1,2,"Today is November 5, 2024. Racially, I am white. Ideologically, I am liberal. Politically, I am a strong Republican. I do not attend church. I am 56 years old. I am a man. I am somewhat interested in politics.. Question: Do you think the federal government should be doing more about the opioid drug addiction issue, should be doing less, or is it currently doing the right amount?

Answer choices:
1. Should be doing more 2. Should be doing less 3. Is doing the right amount

When answering, respond ONLY with a single number that corresponds to the option you choose. Do not include any additional text, punctuation or explanation.

My answer is
",1
fake_789,2,5,3,1,70,2,-5,"Today is November 5, 2024. Racially, I am black. Ideologically, I am slightly conservative. Politically, I am an independent who leans Democratic. I attend church. I am 70 years old. I am a woman.. Question: Do you think the federal government should be doing more about the opioid drug addiction issue, should be doing less, or is it currently doing the right amount?

Answer choices:
1. Should be doing more 2. Should be doing less 3. Is doing the right amount

When answering, respond ONLY with a single number that corresponds to the option you choose. Do not include any additional text, punctuation or explanation.

My answer is
",1
fake_790,6,2,7,1,51,2,1,"Today is November 5, 2024. Ideologically, I am liberal. Politically, I am a strong Republican. I attend church. I am 51 years old. I am a woman. I am very interested in politics.. Question: Do you think the federal government should be doing more about the opioid drug addiction issue, should be doing less, or is it currently doing the right amount?

Answer choices:
1. Should be doing more 2. Should be doing less 3. Is doing the right amount

When answering, respond ONLY with a single number that corresponds to the option you choose. Do not include any additional text, punctuation or explanation.

My answer is
",1
fake_791,3,4,1,1,37,1,1,"Today is November 5, 2024. Racially, I am hispanic. Ideologically, I am moderate. Politically, I am a strong democrat. I attend church. I am 37 years old. I am a man. I am very interested in politics.. Question: Do you think the federal government should be doing more about the opioid drug addiction issue, should be doing less, or is it currently doing the right amount?

Answer choices:
1. Should be doing more 2. Should be doing less 3. Is doing the right amount

When answering, respond ONLY with a single number that corresponds to the option you choose. Do not include any additional text, punctuation or explanation.

My answer is
",1
fake_792,-9,3,3,1,29,2,1,"Today is November 5, 2024. Ideologically, I am slightly liberal. Politically, I am an independent who leans Democratic. I attend church. I am 29 years old. I am a woman. I am very interested in politics.. Question: Do you think the federal government should be doing more about the opioid drug addiction issue, should be doing less, or is it currently doing the right amount?

Answer choices:
1. Should be doing more 2. Should be doing less 3. Is doing the right amount

When answering, respond ONLY with a single number that corresponds to the option you choose. Do not include any additional text, punctuation or explanation.

My answer is
",1
fake_793,1,6,7,2,45,2,2,"Today is November 5, 2024. Racially, I am white. Ideologically, I am conservative. Politically, I am a strong Republican. I do not attend church. I am 45 years old. I am a woman. I am somewhat interested in politics.. Question: Do you think the federal government should be doing more about the opioid drug addiction issue, should be doing less, or is it currently doing the right amount?

Answer choices:
1. Should be doing more 2. Should be doing less 3. Is doing the right amount

When answering, respond ONLY with a single number that corresponds to the option you choose. Do not include any additional text, punctuation or explanation.

My answer is
",1
fake_794,6,4,7,2,75,2,4,"Today is November 5, 2024. Ideologically, I am moderate. Politically, I am a strong Republican. I do not attend church. I am 75 years old. I am a woman. I am not at all interested in politics.. Question: Do you think the federal government should be doing more about the opioid drug addiction issue, should be doing less, or is it currently doing the right amount?

Answer choices:
1. Should be doing more 2. Should be doing less 3. Is doing the right amount

When answering, respond ONLY with a single number that corresponds to the option you choose. Do not include any additional text, punctuation or explanation.

My answer is
",1
fake_795,1,3,1,2,43,1,2,"Today is November 5, 2024. Racially, I am white. Ideologically, I am slightly liberal. Politically, I am a strong democrat. I do not attend church. I am 43 years old. I am a man. I am somewhat interested in politics.. Question: Do you think the federal government should be doing more about the opioid drug addiction issue, should be doing less, or is it currently doing the right amount?

Answer choices:
1. Should be doing more 2. Should be doing less 3. Is doing the right amount

When answering, respond ONLY with a single number that corresponds to the option you choose. Do not include any additional text, punctuation or explanation.

My answer is
",1
fake_796,2,7,6,2,77,2,3,"Today is November 5, 2024. Racially, I am black. Ideologically, I am extremely conservative. Politically, I am a weak Republican. I do not attend church. I am 77 years old. I am a woman. I am not very interested in politics.. Question: Do you think the federal government should be doing more about the opioid drug addiction issue, should be doing less, or is it currently doing the right amount?

Answer choices:
1. Should be doing more 2. Should be doing less 3. Is doing the right amount

When answering, respond ONLY with a single number that corresponds to the option you choose. Do not include any additional text, punctuation or explanation.

My answer is
",1
fake_797,1,-9,7,2,64,2,2,"Today is November 5, 2024. Racially, I am white. Politically, I am a strong Republican. I do not attend church. I am 64 years old. I am a woman. I am somewhat interested in politics.. Question: Do you think the federal government should be doing more about the opioid drug addiction issue, should be doing less, or is it currently doing the right amount?

Answer choices:
1. Should be doing more 2. Should be doing less 3. Is doing the right amount

When answering, respond ONLY with a single number that corresponds to the option you choose. Do not include any additional text, punctuation or explanation.

My answer is
",1
fake_798,1,1,5,1,67,1,2,"Today is November 5, 2024. Racially, I am white. Ideologically, I am extremely liberal. Politically, I am an independent who leans Republican. I attend church. I am 67 years old. I am a man. I am somewhat interested in politics.. Question: Do you think the federal government should be doing more about the opioid drug addiction issue, should be doing less, or is it currently doing the right amount?

Answer choices:
1. Should be doing more 2. Should be doing less 3. Is doing the right amount

When answering, respond ONLY with a single number that corresponds to the option you choose. Do not include any additional text, punctuation or explanation.

My answer is
",1
fake_799,3,6,1,2,49,1,-6,"Today is November 5, 2024. Racially, I am hispanic. Ideologically, I am conservative. Politically, I am a strong democrat. I do not attend church. I am 49 years old. I am a man.. Question: Do you think the federal government should be doing more about the opioid drug addiction issue, should be doing less, or is it currently doing the right amount?

Answer choices:
1. Should be doing more 2. Should be doing less 3. Is doing the right amount

When answering, respond ONLY with a single number that corresponds to the option you choose. Do not include any additional text, punctuation or explanation.

My answer is
",1
fake_800,1,6,6,1,-2,2,3,"Today is November 5, 2024. Racially, I am white. Ideologically, I am conservative. Politically, I am a weak Republican. I attend church. I am a woman. I am not very interested in politics.. Question: Do you think the federal government should be doing more about the opioid drug addiction issue, should be doing less, or is it currently doing the right amount?

Answer choices:
1. Should be doing more 2. Should be doing less 3. Is doing the right amount

When answering, respond ONLY with a single number that corresponds to the option you choose. Do not include any additional text, punctuation or explanation.

My answer is
",1
fake_801,1,2,5,2,62,1,2,"Today is November 5, 2024. Racially, I am white. Ideologically, I am liberal. Politically, I am an independent who leans Republican. I do not attend church. I am 62 years old. I am a man. I am somewhat interested in politics.. Question: Do you think the federal government should be doing more about the opioid drug addiction issue, should be doing less, or is it currently doing the right amount?

Answer choices:
1. Should be doing more 2. Should be doing less 3. Is doing the right amount

When answering, respond ONLY with a single number that corresponds to the option you choose. Do not include any additional text, punctuation or explanation.

My answer is
",1
fake_802,1,-9,1,2,22,2,2,"Today is November 5, 2024. Racially, I am white. Politically, I am a strong democrat. I do not attend church. I am 22 years old. I am a woman. I am somewhat interested in politics.. Question: Do you think the federal government should be doing more about the opioid drug addiction issue, should be doing less, or is it currently doing the right amount?

Answer choices:
1. Should be doing more 2. Should be doing less 3. Is doing the right amount

When answering, respond ONLY with a single number that corresponds to the option you choose. Do not include any additional text, punctuation or explanation.

My answer is
",1
fake_803,1,1,7,1,54,2,2,"Today is November 5, 2024. Racially, I am white. Ideologically, I am extremely liberal. Politically, I am a strong Republican. I attend church. I am 54 years old. I am a woman. I am somewhat interested in politics.. Question: Do you think the federal government should be doing more about the opioid drug addiction issue, should be doing less, or is it currently doing the right amount?

Answer choices:
1. Should be doing more 2. Should be doing less 3. Is doing the right amount

When answering, respond ONLY with a single number that corresponds to the option you choose. Do not include any additional text, punctuation or explanation.

My answer is
",1
fake_804,4,4,7,1,57,2,2,"Today is November 5, 2024. Racially, I am asian. Ideologically, I am moderate. Politically, I am a strong Republican. I attend church. I am 57 years old. I am a woman. I am somewhat interested in politics.. Question: Do you think the federal government should be doing more about the opioid drug addiction issue, should be doing less, or is it currently doing the right amount?

Answer choices:
1. Should be doing more 2. Should be doing less 3. Is doing the right amount

When answering, respond ONLY with a single number that corresponds to the option you choose. Do not include any additional text, punctuation or explanation.

My answer is
",1
fake_805,1,5,6,1,73,1,2,"Today is November 5, 2024. Racially, I am white. Ideologically, I am slightly conservative. Politically, I am a weak Republican. I attend church. I am 73 years old. I am a man. I am somewhat interested in politics.. Question: Do you think the federal government should be doing more about the opioid drug addiction issue, should be doing less, or is it currently doing the right amount?

Answer choices:
1. Should be doing more 2. Should be doing less 3. Is doing the right amount

When answering, respond ONLY with a single number that corresponds to the option you choose. Do not include any additional text, punctuation or explanation.

My answer is
",1
fake_806,1,6,5,1,-2,2,-6,"Today is November 5, 2024. Racially, I am white. Ideologically, I am conservative. Politically, I am an independent who leans Republican. I attend church. I am a woman.. Question: Do you think the federal government should be doing more about the opioid drug addiction issue, should be doing less, or is it currently doing the right amount?

Answer choices:
1. Should be doing more 2. Should be doing less 3. Is doing the right amount

When answering, respond ONLY with a single number that corresponds to the option you choose. Do not include any additional text, punctuation or explanation.

My answer is
",1
fake_807,2,2,7,1,75,1,1,"Today is November 5, 2024. Racially, I am black. Ideologically, I am liberal. Politically, I am a strong Republican. I attend church. I am 75 years old. I am a man. I am very interested in politics.. Question: Do you think the federal government should be doing more about the opioid drug addiction issue, should be doing less, or is it currently doing the right amount?

Answer choices:
1. Should be doing more 2. Should be doing less 3. Is doing the right amount

When answering, respond ONLY with a single number that corresponds to the option you choose. Do not include any additional text, punctuation or explanation.

My answer is
",1
fake_808,1,6,1,2,-2,2,4,"Today is November 5, 2024. Racially, I am white. Ideologically, I am conservative. Politically, I am a strong democrat. I do not attend church. I am a woman. I am not at all interested in politics.. Question: Do you think the federal government should be doing more about the opioid drug addiction issue, should be doing less, or is it currently doing the right amount?

Answer choices:
1. Should be doing more 2. Should be doing less 3. Is doing the right amount

When answering, respond ONLY with a single number that corresponds to the option you choose. Do not include any additional text, punctuation or explanation.

My answer is
",1
fake_809,1,2,3,1,38,1,2,"Today is November 5, 2024. Racially, I am white. Ideologically, I am liberal. Politically, I am an independent who leans Democratic. I attend church. I am 38 years old. I am a man. I am somewhat interested in politics.. Question: Do you think the federal government should be doing more about the opioid drug addiction issue, should be doing less, or is it currently doing the right amount?

Answer choices:
1. Should be doing more 2. Should be doing less 3. Is doing the right amount

When answering, respond ONLY with a single number that corresponds to the option you choose. Do not include any additional text, punctuation or explanation.

My answer is
",1
fake_810,1,2,4,2,39,2,3,"Today is November 5, 2024. Racially, I am white. Ideologically, I am liberal. Politically, I am an independent. I do not attend church. I am 39 years old. I am a woman. I am not very interested in politics.. Question: Do you think the federal government should be doing more about the opioid drug addiction issue, should be doing less, or is it currently doing the right amount?

Answer choices:
1. Should be doing more 2. Should be doing less 3. Is doing the right amount

When answering, respond ONLY with a single number that corresponds to the option you choose. Do not include any additional text, punctuation or explanation.

My answer is
",1
fake_811,3,3,5,-1,35,2,2,"Today is November 5, 2024. Racially, I am hispanic. Ideologically, I am slightly liberal. Politically, I am an independent who leans Republican. I am 35 years old. I am a woman. I am somewhat interested in politics.. Question: Do you think the federal government should be doing more about the opioid drug addiction issue, should be doing less, or is it currently doing the right amount?

Answer choices:
1. Should be doing more 2. Should be doing less 3. Is doing the right amount

When answering, respond ONLY with a single number that corresponds to the option you choose. Do not include any additional text, punctuation or explanation.

My answer is
",1
fake_812,1,99,3,2,34,1,2,"Today is November 5, 2024. Racially, I am white. Politically, I am an independent who leans Democratic. I do not attend church. I am 34 years old. I am a man. I am somewhat interested in politics.. Question: Do you think the federal government should be doing more about the opioid drug addiction issue, should be doing less, or is it currently doing the right amount?

Answer choices:
1. Should be doing more 2. Should be doing less 3. Is doing the right amount

When answering, respond ONLY with a single number that corresponds to the option you choose. Do not include any additional text, punctuation or explanation.

My answer is
",1
fake_813,1,4,5,1,70,2,4,"Today is November 5, 2024. Racially, I am white. Ideologically, I am moderate. Politically, I am an independent who leans Republican. I attend church. I am 70 years old. I am a woman. I am not at all interested in politics.. Question: Do you think the federal government should be doing more about the opioid drug addiction issue, should be doing less, or is it currently doing the right amount?

Answer choices:
1. Should be doing more 2. Should be doing less 3. Is doing the right amount

When answering, respond ONLY with a single number that corresponds to the option you choose. Do not include any additional text, punctuation or explanation.

My answer is
",1
fake_814,1,4,5,1,50,2,2,"Today is November 5, 2024. Racially, I am white. Ideologically, I am moderate. Politically, I am an independent who leans Republican. I attend church. I am 50 years old. I am a woman. I am somewhat interested in politics.. Question: Do you think the federal government should be doing more about the opioid drug addiction issue, should be doing less, or is it currently doing the right amount?

Answer choices:
1. Should be doing more 2. Should be doing less 3. Is doing the right amount

When answering, respond ONLY with a single number that corresponds to the option you choose. Do not include any additional text, punctuation or explanation.

My answer is
",1
fake_815,1,6,1,1,42,1,1,"Today is November 5, 2024. Racially, I am white. Ideologically, I am conservative. Politically, I am a strong democrat. I attend church. I am 42 years old. I am a man. I am very interested in politics.. Question: Do you think the federal government should be doing more about the opioid drug addiction issue, should be doing less, or is it currently doing the right amount?

Answer choices:
1. Should be doing more 2. Should be doing less 3. Is doing the right amount

When answering, respond ONLY with a single number that corresponds to the option you choose. Do not include any additional text, punctuation or explanation.

My answer is
",1
fake_816,1,3,6,2,28,2,2,"Today is November 5, 2024. Racially, I am white. Ideologically, I am slightly liberal. Politically, I am a weak Republican. I do not attend church. I am 28 years old. I am a woman. I am somewhat interested in politics.. Question: Do you think the federal government should be doing more about the opioid drug addiction issue, should be doing less, or is it currently doing the right amount?

Answer choices:
1. Should be doing more 2. Should be doing less 3. Is doing the right amount

When answering, respond ONLY with a single number that corresponds to the option you choose. Do not include any additional text, punctuation or explanation.

My answer is
",1
fake_817,1,2,1,2,76,2,3,"Today is November 5, 2024. Racially, I am white. Ideologically, I am liberal. Politically, I am a strong democrat. I do not attend church. I am 76 years old. I am a woman. I am not very interested in politics.. Question: Do you think the federal government should be doing more about the opioid drug addiction issue, should be doing less, or is it currently doing the right amount?

Answer choices:
1. Should be doing more 2. Should be doing less 3. Is doing the right amount

When answering, respond ONLY with a single number that corresponds to the option you choose. Do not include any additional text, punctuation or explanation.

My answer is
",1
fake_818,1,4,5,1,68,1,2,"Today is November 5, 2024. Racially, I am white. Ideologically, I am moderate. Politically, I am an independent who leans Republican. I attend church. I am 68 years old. I am a man. I am somewhat interested in politics.. Question: Do you think the federal government should be doing more about the opioid drug addiction issue, should be doing less, or is it currently doing the right amount?

Answer choices:
1. Should be doing more 2. Should be doing less 3. Is doing the right amount

When answering, respond ONLY with a single number that corresponds to the option you choose. Do not include any additional text, punctuation or explanation.

My answer is
",1
fake_819,5,4,1,2,70,2,2,"Today is November 5, 2024. Racially, I am native American. Ideologically, I am moderate. Politically, I am a strong democrat. I do not attend church. I am 70 years old. I am a woman. I am somewhat interested in politics.. Question: Do you think the federal government should be doing more about the opioid drug addiction issue, should be doing less, or is it currently doing the right amount?

Answer choices:
1. Should be doing more 2. Should be doing less 3. Is doing the right amount

When answering, respond ONLY with a single number that corresponds to the option you choose. Do not include any additional text, punctuation or explanation.

My answer is
",1
fake_820,1,6,7,1,61,2,2,"Today is November 5, 2024. Racially, I am white. Ideologically, I am conservative. Politically, I am a strong Republican. I attend church. I am 61 years old. I am a woman. I am somewhat interested in politics.. Question: Do you think the federal government should be doing more about the opioid drug addiction issue, should be doing less, or is it currently doing the right amount?

Answer choices:
1. Should be doing more 2. Should be doing less 3. Is doing the right amount

When answering, respond ONLY with a single number that corresponds to the option you choose. Do not include any additional text, punctuation or explanation.

My answer is
",1
fake_821,1,6,1,2,80,1,2,"Today is November 5, 2024. Racially, I am white. Ideologically, I am conservative. Politically, I am a strong democrat. I do not attend church. I am 80 years old. I am a man. I am somewhat interested in politics.. Question: Do you think the federal government should be doing more about the opioid drug addiction issue, should be doing less, or is it currently doing the right amount?

Answer choices:
1. Should be doing more 2. Should be doing less 3. Is doing the right amount

When answering, respond ONLY with a single number that corresponds to the option you choose. Do not include any additional text, punctuation or explanation.

My answer is
",1
fake_822,1,4,7,2,53,1,2,"Today is November 5, 2024. Racially, I am white. Ideologically, I am moderate. Politically, I am a strong Republican. I do not attend church. I am 53 years old. I am a man. I am somewhat interested in politics.. Question: Do you think the federal government should be doing more about the opioid drug addiction issue, should be doing less, or is it currently doing the right amount?

Answer choices:
1. Should be doing more 2. Should be doing less 3. Is doing the right amount

When answering, respond ONLY with a single number that corresponds to the option you choose. Do not include any additional text, punctuation or explanation.

My answer is
",1
fake_823,1,4,6,2,34,1,2,"Today is November 5, 2024. Racially, I am white. Ideologically, I am moderate. Politically, I am a weak Republican. I do not attend church. I am 34 years old. I am a man. I am somewhat interested in politics.. Question: Do you think the federal government should be doing more about the opioid drug addiction issue, should be doing less, or is it currently doing the right amount?

Answer choices:
1. Should be doing more 2. Should be doing less 3. Is doing the right amount

When answering, respond ONLY with a single number that corresponds to the option you choose. Do not include any additional text, punctuation or explanation.

My answer is
",1
fake_824,1,2,5,-1,54,1,2,"Today is November 5, 2024. Racially, I am white. Ideologically, I am liberal. Politically, I am an independent who leans Republican. I am 54 years old. I am a man. I am somewhat interested in politics.. Question: Do you think the federal government should be doing more about the opioid drug addiction issue, should be doing less, or is it currently doing the right amount?

Answer choices:
1. Should be doing more 2. Should be doing less 3. Is doing the right amount

When answering, respond ONLY with a single number that corresponds to the option you choose. Do not include any additional text, punctuation or explanation.

My answer is
",1
fake_825,1,99,5,-1,53,2,-6,"Today is November 5, 2024. Racially, I am white. Politically, I am an independent who leans Republican. I am 53 years old. I am a woman.. Question: Do you think the federal government should be doing more about the opioid drug addiction issue, should be doing less, or is it currently doing the right amount?

Answer choices:
1. Should be doing more 2. Should be doing less 3. Is doing the right amount

When answering, respond ONLY with a single number that corresponds to the option you choose. Do not include any additional text, punctuation or explanation.

My answer is
",1
fake_826,1,2,2,1,46,2,3,"Today is November 5, 2024. Racially, I am white. Ideologically, I am liberal. Politically, I am a weak Democrat. I attend church. I am 46 years old. I am a woman. I am not very interested in politics.. Question: Do you think the federal government should be doing more about the opioid drug addiction issue, should be doing less, or is it currently doing the right amount?

Answer choices:
1. Should be doing more 2. Should be doing less 3. Is doing the right amount

When answering, respond ONLY with a single number that corresponds to the option you choose. Do not include any additional text, punctuation or explanation.

My answer is
",1
fake_827,3,6,1,1,68,2,2,"Today is November 5, 2024. Racially, I am hispanic. Ideologically, I am conservative. Politically, I am a strong democrat. I attend church. I am 68 years old. I am a woman. I am somewhat interested in politics.. Question: Do you think the federal government should be doing more about the opioid drug addiction issue, should be doing less, or is it currently doing the right amount?

Answer choices:
1. Should be doing more 2. Should be doing less 3. Is doing the right amount

When answering, respond ONLY with a single number that corresponds to the option you choose. Do not include any additional text, punctuation or explanation.

My answer is
",1
fake_828,1,6,4,2,65,2,2,"Today is November 5, 2024. Racially, I am white. Ideologically, I am conservative. Politically, I am an independent. I do not attend church. I am 65 years old. I am a woman. I am somewhat interested in politics.. Question: Do you think the federal government should be doing more about the opioid drug addiction issue, should be doing less, or is it currently doing the right amount?

Answer choices:
1. Should be doing more 2. Should be doing less 3. Is doing the right amount

When answering, respond ONLY with a single number that corresponds to the option you choose. Do not include any additional text, punctuation or explanation.

My answer is
",1
fake_829,1,7,2,1,64,2,1,"Today is November 5, 2024. Racially, I am white. Ideologically, I am extremely conservative. Politically, I am a weak Democrat. I attend church. I am 64 years old. I am a woman. I am very interested in politics.. Question: Do you think the federal government should be doing more about the opioid drug addiction issue, should be doing less, or is it currently doing the right amount?

Answer choices:
1. Should be doing more 2. Should be doing less 3. Is doing the right amount

When answering, respond ONLY with a single number that corresponds to the option you choose. Do not include any additional text, punctuation or explanation.

My answer is
",1
fake_830,3,6,6,1,52,1,-7,"Today is November 5, 2024. Racially, I am hispanic. Ideologically, I am conservative. Politically, I am a weak Republican. I attend church. I am 52 years old. I am a man.. Question: Do you think the federal government should be doing more about the opioid drug addiction issue, should be doing less, or is it currently doing the right amount?

Answer choices:
1. Should be doing more 2. Should be doing less 3. Is doing the right amount

When answering, respond ONLY with a single number that corresponds to the option you choose. Do not include any additional text, punctuation or explanation.

My answer is
",1
fake_831,1,7,3,-1,58,2,2,"Today is November 5, 2024. Racially, I am white. Ideologically, I am extremely conservative. Politically, I am an independent who leans Democratic. I am 58 years old. I am a woman. I am somewhat interested in politics.. Question: Do you think the federal government should be doing more about the opioid drug addiction issue, should be doing less, or is it currently doing the right amount?

Answer choices:
1. Should be doing more 2. Should be doing less 3. Is doing the right amount

When answering, respond ONLY with a single number that corresponds to the option you choose. Do not include any additional text, punctuation or explanation.

My answer is
",1
fake_832,1,6,3,1,80,-9,2,"Today is November 5, 2024. Racially, I am white. Ideologically, I am conservative. Politically, I am an independent who leans Democratic. I attend church. I am 80 years old. I am somewhat interested in politics.. Question: Do you think the federal government should be doing more about the opioid drug addiction issue, should be doing less, or is it currently doing the right amount?

Answer choices:
1. Should be doing more 2. Should be doing less 3. Is doing the right amount

When answering, respond ONLY with a single number that corresponds to the option you choose. Do not include any additional text, punctuation or explanation.

My answer is
",1
fake_833,2,4,3,1,75,2,2,"Today is November 5, 2024. Racially, I am black. Ideologically, I am moderate. Politically, I am an independent who leans Democratic. I attend church. I am 75 years old. I am a woman. I am somewhat interested in politics.. Question: Do you think the federal government should be doing more about the opioid drug addiction issue, should be doing less, or is it currently doing the right amount?

Answer choices:
1. Should be doing more 2. Should be doing less 3. Is doing the right amount

When answering, respond ONLY with a single number that corresponds to the option you choose. Do not include any additional text, punctuation or explanation.

My answer is
",1
fake_834,1,6,1,1,21,1,2,"Today is November 5, 2024. Racially, I am white. Ideologically, I am conservative. Politically, I am a strong democrat. I attend church. I am 21 years old. I am a man. I am somewhat interested in politics.. Question: Do you think the federal government should be doing more about the opioid drug addiction issue, should be doing less, or is it currently doing the right amount?

Answer choices:
1. Should be doing more 2. Should be doing less 3. Is doing the right amount

When answering, respond ONLY with a single number that corresponds to the option you choose. Do not include any additional text, punctuation or explanation.

My answer is
",1
fake_835,1,3,7,1,40,1,-7,"Today is November 5, 2024. Racially, I am white. Ideologically, I am slightly liberal. Politically, I am a strong Republican. I attend church. I am 40 years old. I am a man.. Question: Do you think the federal government should be doing more about the opioid drug addiction issue, should be doing less, or is it currently doing the right amount?

Answer choices:
1. Should be doing more 2. Should be doing less 3. Is doing the right amount

When answering, respond ONLY with a single number that corresponds to the option you choose. Do not include any additional text, punctuation or explanation.

My answer is
",1
fake_836,1,2,7,2,29,1,2,"Today is November 5, 2024. Racially, I am white. Ideologically, I am liberal. Politically, I am a strong Republican. I do not attend church. I am 29 years old. I am a man. I am somewhat interested in politics.. Question: Do you think the federal government should be doing more about the opioid drug addiction issue, should be doing less, or is it currently doing the right amount?

Answer choices:
1. Should be doing more 2. Should be doing less 3. Is doing the right amount

When answering, respond ONLY with a single number that corresponds to the option you choose. Do not include any additional text, punctuation or explanation.

My answer is
",1
fake_837,1,1,2,1,45,2,2,"Today is November 5, 2024. Racially, I am white. Ideologically, I am extremely liberal. Politically, I am a weak Democrat. I attend church. I am 45 years old. I am a woman. I am somewhat interested in politics.. Question: Do you think the federal government should be doing more about the opioid drug addiction issue, should be doing less, or is it currently doing the right amount?

Answer choices:
1. Should be doing more 2. Should be doing less 3. Is doing the right amount

When answering, respond ONLY with a single number that corresponds to the option you choose. Do not include any additional text, punctuation or explanation.

My answer is
",1
fake_838,1,4,3,1,63,1,2,"Today is November 5, 2024. Racially, I am white. Ideologically, I am moderate. Politically, I am an independent who leans Democratic. I attend church. I am 63 years old. I am a man. I am somewhat interested in politics.. Question: Do you think the federal government should be doing more about the opioid drug addiction issue, should be doing less, or is it currently doing the right amount?

Answer choices:
1. Should be doing more 2. Should be doing less 3. Is doing the right amount

When answering, respond ONLY with a single number that corresponds to the option you choose. Do not include any additional text, punctuation or explanation.

My answer is
",1
fake_839,2,4,7,1,65,1,1,"Today is November 5, 2024. Racially, I am black. Ideologically, I am moderate. Politically, I am a strong Republican. I attend church. I am 65 years old. I am a man. I am very interested in politics.. Question: Do you think the federal government should be doing more about the opioid drug addiction issue, should be doing less, or is it currently doing the right amount?

Answer choices:
1. Should be doing more 2. Should be doing less 3. Is doing the right amount

When answering, respond ONLY with a single number that corresponds to the option you choose. Do not include any additional text, punctuation or explanation.

My answer is
",1
fake_840,1,3,7,2,67,2,1,"Today is November 5, 2024. Racially, I am white. Ideologically, I am slightly liberal. Politically, I am a strong Republican. I do not attend church. I am 67 years old. I am a woman. I am very interested in politics.. Question: Do you think the federal government should be doing more about the opioid drug addiction issue, should be doing less, or is it currently doing the right amount?

Answer choices:
1. Should be doing more 2. Should be doing less 3. Is doing the right amount

When answering, respond ONLY with a single number that corresponds to the option you choose. Do not include any additional text, punctuation or explanation.

My answer is
",1
fake_841,1,3,1,2,26,1,2,"Today is November 5, 2024. Racially, I am white. Ideologically, I am slightly liberal. Politically, I am a strong democrat. I do not attend church. I am 26 years old. I am a man. I am somewhat interested in politics.. Question: Do you think the federal government should be doing more about the opioid drug addiction issue, should be doing less, or is it currently doing the right amount?

Answer choices:
1. Should be doing more 2. Should be doing less 3. Is doing the right amount

When answering, respond ONLY with a single number that corresponds to the option you choose. Do not include any additional text, punctuation or explanation.

My answer is
",1
fake_842,1,99,2,2,21,2,2,"Today is November 5, 2024. Racially, I am white. Politically, I am a weak Democrat. I do not attend church. I am 21 years old. I am a woman. I am somewhat interested in politics.. Question: Do you think the federal government should be doing more about the opioid drug addiction issue, should be doing less, or is it currently doing the right amount?

Answer choices:
1. Should be doing more 2. Should be doing less 3. Is doing the right amount

When answering, respond ONLY with a single number that corresponds to the option you choose. Do not include any additional text, punctuation or explanation.

My answer is
",1
fake_843,1,6,7,2,31,2,3,"Today is November 5, 2024. Racially, I am white. Ideologically, I am conservative. Politically, I am a strong Republican. I do not attend church. I am 31 years old. I am a woman. I am not very interested in politics.. Question: Do you think the federal government should be doing more about the opioid drug addiction issue, should be doing less, or is it currently doing the right amount?

Answer choices:
1. Should be doing more 2. Should be doing less 3. Is doing the right amount

When answering, respond ONLY with a single number that corresponds to the option you choose. Do not include any additional text, punctuation or explanation.

My answer is
",1
fake_844,1,2,1,2,51,1,1,"Today is November 5, 2024. Racially, I am white. Ideologically, I am liberal. Politically, I am a strong democrat. I do not attend church. I am 51 years old. I am a man. I am very interested in politics.. Question: Do you think the federal government should be doing more about the opioid drug addiction issue, should be doing less, or is it currently doing the right amount?

Answer choices:
1. Should be doing more 2. Should be doing less 3. Is doing the right amount

When answering, respond ONLY with a single number that corresponds to the option you choose. Do not include any additional text, punctuation or explanation.

My answer is
",1
fake_845,1,2,4,2,58,1,-6,"Today is November 5, 2024. Racially, I am white. Ideologically, I am liberal. Politically, I am an independent. I do not attend church. I am 58 years old. I am a man.. Question: Do you think the federal government should be doing more about the opioid drug addiction issue, should be doing less, or is it currently doing the right amount?

Answer choices:
1. Should be doing more 2. Should be doing less 3. Is doing the right amount

When answering, respond ONLY with a single number that corresponds to the option you choose. Do not include any additional text, punctuation or explanation.

My answer is
",1
fake_846,2,3,7,2,60,1,2,"Today is November 5, 2024. Racially, I am black. Ideologically, I am slightly liberal. Politically, I am a strong Republican. I do not attend church. I am 60 years old. I am a man. I am somewhat interested in politics.. Question: Do you think the federal government should be doing more about the opioid drug addiction issue, should be doing less, or is it currently doing the right amount?

Answer choices:
1. Should be doing more 2. Should be doing less 3. Is doing the right amount

When answering, respond ONLY with a single number that corresponds to the option you choose. Do not include any additional text, punctuation or explanation.

My answer is
",1
fake_847,1,4,6,2,31,1,-5,"Today is November 5, 2024. Racially, I am white. Ideologically, I am moderate. Politically, I am a weak Republican. I do not attend church. I am 31 years old. I am a man.. Question: Do you think the federal government should be doing more about the opioid drug addiction issue, should be doing less, or is it currently doing the right amount?

Answer choices:
1. Should be doing more 2. Should be doing less 3. Is doing the right amount

When answering, respond ONLY with a single number that corresponds to the option you choose. Do not include any additional text, punctuation or explanation.

My answer is
",1
fake_848,1,1,3,1,60,1,1,"Today is November 5, 2024. Racially, I am white. Ideologically, I am extremely liberal. Politically, I am an independent who leans Democratic. I attend church. I am 60 years old. I am a man. I am very interested in politics.. Question: Do you think the federal government should be doing more about the opioid drug addiction issue, should be doing less, or is it currently doing the right amount?

Answer choices:
1. Should be doing more 2. Should be doing less 3. Is doing the right amount

When answering, respond ONLY with a single number that corresponds to the option you choose. Do not include any additional text, punctuation or explanation.

My answer is
",1
fake_849,1,4,7,-1,80,2,3,"Today is November 5, 2024. Racially, I am white. Ideologically, I am moderate. Politically, I am a strong Republican. I am 80 years old. I am a woman. I am not very interested in politics.. Question: Do you think the federal government should be doing more about the opioid drug addiction issue, should be doing less, or is it currently doing the right amount?

Answer choices:
1. Should be doing more 2. Should be doing less 3. Is doing the right amount

When answering, respond ONLY with a single number that corresponds to the option you choose. Do not include any additional text, punctuation or explanation.

My answer is
",1
fake_850,1,4,5,1,61,1,1,"Today is November 5, 2024. Racially, I am white. Ideologically, I am moderate. Politically, I am an independent who leans Republican. I attend church. I am 61 years old. I am a man. I am very interested in politics.. Question: Do you think the federal government should be doing more about the opioid drug addiction issue, should be doing less, or is it currently doing the right amount?

Answer choices:
1. Should be doing more 2. Should be doing less 3. Is doing the right amount

When answering, respond ONLY with a single number that corresponds to the option you choose. Do not include any additional text, punctuation or explanation.

My answer is
",1
fake_851,1,6,1,1,38,1,3,"Today is November 5, 2024. Racially, I am white. Ideologically, I am conservative. Politically, I am a strong democrat. I attend church. I am 38 years old. I am a man. I am not very interested in politics.. Question: Do you think the federal government should be doing more about the opioid drug addiction issue, should be doing less, or is it currently doing the right amount?

Answer choices:
1. Should be doing more 2. Should be doing less 3. Is doing the right amount

When answering, respond ONLY with a single number that corresponds to the option you choose. Do not include any additional text, punctuation or explanation.

My answer is
",1
fake_852,1,99,7,2,67,1,2,"Today is November 5, 2024. Racially, I am white. Politically, I am a strong Republican. I do not attend church. I am 67 years old. I am a man. I am somewhat interested in politics.. Question: Do you think the federal government should be doing more about the opioid drug addiction issue, should be doing less, or is it currently doing the right amount?

Answer choices:
1. Should be doing more 2. Should be doing less 3. Is doing the right amount

When answering, respond ONLY with a single number that corresponds to the option you choose. Do not include any additional text, punctuation or explanation.

My answer is
",1
fake_853,1,5,1,2,57,2,2,"Today is November 5, 2024. Racially, I am white. Ideologically, I am slightly conservative. Politically, I am a strong democrat. I do not attend church. I am 57 years old. I am a woman. I am somewhat interested in politics.. Question: Do you think the federal government should be doing more about the opioid drug addiction issue, should be doing less, or is it currently doing the right amount?

Answer choices:
1. Should be doing more 2. Should be doing less 3. Is doing the right amount

When answering, respond ONLY with a single number that corresponds to the option you choose. Do not include any additional text, punctuation or explanation.

My answer is
",1
fake_854,1,2,1,-1,47,1,3,"Today is November 5, 2024. Racially, I am white. Ideologically, I am liberal. Politically, I am a strong democrat. I am 47 years old. I am a man. I am not very interested in politics.. Question: Do you think the federal government should be doing more about the opioid drug addiction issue, should be doing less, or is it currently doing the right amount?

Answer choices:
1. Should be doing more 2. Should be doing less 3. Is doing the right amount

When answering, respond ONLY with a single number that corresponds to the option you choose. Do not include any additional text, punctuation or explanation.

My answer is
",1
fake_855,1,7,1,2,33,1,3,"Today is November 5, 2024. Racially, I am white. Ideologically, I am extremely conservative. Politically, I am a strong democrat. I do not attend church. I am 33 years old. I am a man. I am not very interested in politics.. Question: Do you think the federal government should be doing more about the opioid drug addiction issue, should be doing less, or is it currently doing the right amount?

Answer choices:
1. Should be doing more 2. Should be doing less 3. Is doing the right amount

When answering, respond ONLY with a single number that corresponds to the option you choose. Do not include any additional text, punctuation or explanation.

My answer is
",1
fake_856,1,99,1,1,77,1,2,"Today is November 5, 2024. Racially, I am white. Politically, I am a strong democrat. I attend church. I am 77 years old. I am a man. I am somewhat interested in politics.. Question: Do you think the federal government should be doing more about the opioid drug addiction issue, should be doing less, or is it currently doing the right amount?

Answer choices:
1. Should be doing more 2. Should be doing less 3. Is doing the right amount

When answering, respond ONLY with a single number that corresponds to the option you choose. Do not include any additional text, punctuation or explanation.

My answer is
",1
fake_857,1,4,6,1,53,-9,1,"Today is November 5, 2024. Racially, I am white. Ideologically, I am moderate. Politically, I am a weak Republican. I attend church. I am 53 years old. I am very interested in politics.. Question: Do you think the federal government should be doing more about the opioid drug addiction issue, should be doing less, or is it currently doing the right amount?

Answer choices:
1. Should be doing more 2. Should be doing less 3. Is doing the right amount

When answering, respond ONLY with a single number that corresponds to the option you choose. Do not include any additional text, punctuation or explanation.

My answer is
",1
fake_858,1,1,4,1,78,2,1,"Today is November 5, 2024. Racially, I am white. Ideologically, I am extremely liberal. Politically, I am an independent. I attend church. I am 78 years old. I am a woman. I am very interested in politics.. Question: Do you think the federal government should be doing more about the opioid drug addiction issue, should be doing less, or is it currently doing the right amount?

Answer choices:
1. Should be doing more 2. Should be doing less 3. Is doing the right amount

When answering, respond ONLY with a single number that corresponds to the option you choose. Do not include any additional text, punctuation or explanation.

My answer is
",1
fake_859,1,1,7,2,64,2,1,"Today is November 5, 2024. Racially, I am white. Ideologically, I am extremely liberal. Politically, I am a strong Republican. I do not attend church. I am 64 years old. I am a woman. I am very interested in politics.. Question: Do you think the federal government should be doing more about the opioid drug addiction issue, should be doing less, or is it currently doing the right amount?

Answer choices:
1. Should be doing more 2. Should be doing less 3. Is doing the right amount

When answering, respond ONLY with a single number that corresponds to the option you choose. Do not include any additional text, punctuation or explanation.

My answer is
",1
fake_860,4,1,7,1,51,1,2,"Today is November 5, 2024. Racially, I am asian. Ideologically, I am extremely liberal. Politically, I am a strong Republican. I attend church. I am 51 years old. I am a man. I am somewhat interested in politics.. Question: Do you think the federal government should be doing more about the opioid drug addiction issue, should be doing less, or is it currently doing the right amount?

Answer choices:
1. Should be doing more 2. Should be doing less 3. Is doing the right amount

When answering, respond ONLY with a single number that corresponds to the option you choose. Do not include any additional text, punctuation or explanation.

My answer is
",1
fake_861,4,99,3,2,28,1,1,"Today is November 5, 2024. Racially, I am asian. Politically, I am an independent who leans Democratic. I do not attend church. I am 28 years old. I am a man. I am very interested in politics.. Question: Do you think the federal government should be doing more about the opioid drug addiction issue, should be doing less, or is it currently doing the right amount?

Answer choices:
1. Should be doing more 2. Should be doing less 3. Is doing the right amount

When answering, respond ONLY with a single number that corresponds to the option you choose. Do not include any additional text, punctuation or explanation.

My answer is
",1
fake_862,3,2,7,2,43,1,1,"Today is November 5, 2024. Racially, I am hispanic. Ideologically, I am liberal. Politically, I am a strong Republican. I do not attend church. I am 43 years old. I am a man. I am very interested in politics.. Question: Do you think the federal government should be doing more about the opioid drug addiction issue, should be doing less, or is it currently doing the right amount?

Answer choices:
1. Should be doing more 2. Should be doing less 3. Is doing the right amount

When answering, respond ONLY with a single number that corresponds to the option you choose. Do not include any additional text, punctuation or explanation.

My answer is
",1
fake_863,3,1,2,-1,28,1,3,"Today is November 5, 2024. Racially, I am hispanic. Ideologically, I am extremely liberal. Politically, I am a weak Democrat. I am 28 years old. I am a man. I am not very interested in politics.. Question: Do you think the federal government should be doing more about the opioid drug addiction issue, should be doing less, or is it currently doing the right amount?

Answer choices:
1. Should be doing more 2. Should be doing less 3. Is doing the right amount

When answering, respond ONLY with a single number that corresponds to the option you choose. Do not include any additional text, punctuation or explanation.

My answer is
",1
fake_864,1,5,7,1,52,2,1,"Today is November 5, 2024. Racially, I am white. Ideologically, I am slightly conservative. Politically, I am a strong Republican. I attend church. I am 52 years old. I am a woman. I am very interested in politics.. Question: Do you think the federal government should be doing more about the opioid drug addiction issue, should be doing less, or is it currently doing the right amount?

Answer choices:
1. Should be doing more 2. Should be doing less 3. Is doing the right amount

When answering, respond ONLY with a single number that corresponds to the option you choose. Do not include any additional text, punctuation or explanation.

My answer is
",1
fake_865,1,3,1,1,71,2,1,"Today is November 5, 2024. Racially, I am white. Ideologically, I am slightly liberal. Politically, I am a strong democrat. I attend church. I am 71 years old. I am a woman. I am very interested in politics.. Question: Do you think the federal government should be doing more about the opioid drug addiction issue, should be doing less, or is it currently doing the right amount?

Answer choices:
1. Should be doing more 2. Should be doing less 3. Is doing the right amount

When answering, respond ONLY with a single number that corresponds to the option you choose. Do not include any additional text, punctuation or explanation.

My answer is
",1
fake_866,1,99,1,2,40,1,2,"Today is November 5, 2024. Racially, I am white. Politically, I am a strong democrat. I do not attend church. I am 40 years old. I am a man. I am somewhat interested in politics.. Question: Do you think the federal government should be doing more about the opioid drug addiction issue, should be doing less, or is it currently doing the right amount?

Answer choices:
1. Should be doing more 2. Should be doing less 3. Is doing the right amount

When answering, respond ONLY with a single number that corresponds to the option you choose. Do not include any additional text, punctuation or explanation.

My answer is
",1
fake_867,3,7,3,1,59,2,2,"Today is November 5, 2024. Racially, I am hispanic. Ideologically, I am extremely conservative. Politically, I am an independent who leans Democratic. I attend church. I am 59 years old. I am a woman. I am somewhat interested in politics.. Question: Do you think the federal government should be doing more about the opioid drug addiction issue, should be doing less, or is it currently doing the right amount?

Answer choices:
1. Should be doing more 2. Should be doing less 3. Is doing the right amount

When answering, respond ONLY with a single number that corresponds to the option you choose. Do not include any additional text, punctuation or explanation.

My answer is
",1
fake_868,1,3,3,2,80,2,3,"Today is November 5, 2024. Racially, I am white. Ideologically, I am slightly liberal. Politically, I am an independent who leans Democratic. I do not attend church. I am 80 years old. I am a woman. I am not very interested in politics.. Question: Do you think the federal government should be doing more about the opioid drug addiction issue, should be doing less, or is it currently doing the right amount?

Answer choices:
1. Should be doing more 2. Should be doing less 3. Is doing the right amount

When answering, respond ONLY with a single number that corresponds to the option you choose. Do not include any additional text, punctuation or explanation.

My answer is
",1
fake_869,1,3,7,1,34,1,1,"Today is November 5, 2024. Racially, I am white. Ideologically, I am slightly liberal. Politically, I am a strong Republican. I attend church. I am 34 years old. I am a man. I am very interested in politics.. Question: Do you think the federal government should be doing more about the opioid drug addiction issue, should be doing less, or is it currently doing the right amount?

Answer choices:
1. Should be doing more 2. Should be doing less 3. Is doing the right amount

When answering, respond ONLY with a single number that corresponds to the option you choose. Do not include any additional text, punctuation or explanation.

My answer is
",1
fake_870,1,99,1,2,31,1,1,"Today is November 5, 2024. Racially, I am white. Politically, I am a strong democrat. I do not attend church. I am 31 years old. I am a man. I am very interested in politics.. Question: Do you think the federal government should be doing more about the opioid drug addiction issue, should be doing less, or is it currently doing the right amount?

Answer choices:
1. Should be doing more 2. Should be doing less 3. Is doing the right amount

When answering, respond ONLY with a single number that corresponds to the option you choose. Do not include any additional text, punctuation or explanation.

My answer is
",1
fake_871,2,99,1,1,34,2,2,"Today is November 5, 2024. Racially, I am black. Politically, I am a strong democrat. I attend church. I am 34 years old. I am a woman. I am somewhat interested in politics.. Question: Do you think the federal government should be doing more about the opioid drug addiction issue, should be doing less, or is it currently doing the right amount?

Answer choices:
1. Should be doing more 2. Should be doing less 3. Is doing the right amount

When answering, respond ONLY with a single number that corresponds to the option you choose. Do not include any additional text, punctuation or explanation.

My answer is
",1
fake_872,1,2,7,2,33,1,4,"Today is November 5, 2024. Racially, I am white. Ideologically, I am liberal. Politically, I am a strong Republican. I do not attend church. I am 33 years old. I am a man. I am not at all interested in politics.. Question: Do you think the federal government should be doing more about the opioid drug addiction issue, should be doing less, or is it currently doing the right amount?

Answer choices:
1. Should be doing more 2. Should be doing less 3. Is doing the right amount

When answering, respond ONLY with a single number that corresponds to the option you choose. Do not include any additional text, punctuation or explanation.

My answer is
",1
fake_873,1,99,1,2,33,1,2,"Today is November 5, 2024. Racially, I am white. Politically, I am a strong democrat. I do not attend church. I am 33 years old. I am a man. I am somewhat interested in politics.. Question: Do you think the federal government should be doing more about the opioid drug addiction issue, should be doing less, or is it currently doing the right amount?

Answer choices:
1. Should be doing more 2. Should be doing less 3. Is doing the right amount

When answering, respond ONLY with a single number that corresponds to the option you choose. Do not include any additional text, punctuation or explanation.

My answer is
",1
fake_874,1,99,2,-1,24,2,4,"Today is November 5, 2024. Racially, I am white. Politically, I am a weak Democrat. I am 24 years old. I am a woman. I am not at all interested in politics.. Question: Do you think the federal government should be doing more about the opioid drug addiction issue, should be doing less, or is it currently doing the right amount?

Answer choices:
1. Should be doing more 2. Should be doing less 3. Is doing the right amount

When answering, respond ONLY with a single number that corresponds to the option you choose. Do not include any additional text, punctuation or explanation.

My answer is
",1
fake_875,-9,6,6,1,36,1,3,"Today is November 5, 2024. Ideologically, I am conservative. Politically, I am a weak Republican. I attend church. I am 36 years old. I am a man. I am not very interested in politics.. Question: Do you think the federal government should be doing more about the opioid drug addiction issue, should be doing less, or is it currently doing the right amount?

Answer choices:
1. Should be doing more 2. Should be doing less 3. Is doing the right amount

When answering, respond ONLY with a single number that corresponds to the option you choose. Do not include any additional text, punctuation or explanation.

My answer is
",1
fake_876,1,2,-9,1,48,1,1,"Today is November 5, 2024. Racially, I am white. Ideologically, I am liberal. I attend church. I am 48 years old. I am a man. I am very interested in politics.. Question: Do you think the federal government should be doing more about the opioid drug addiction issue, should be doing less, or is it currently doing the right amount?

Answer choices:
1. Should be doing more 2. Should be doing less 3. Is doing the right amount

When answering, respond ONLY with a single number that corresponds to the option you choose. Do not include any additional text, punctuation or explanation.

My answer is
",1
fake_877,1,4,1,2,50,2,4,"Today is November 5, 2024. Racially, I am white. Ideologically, I am moderate. Politically, I am a strong democrat. I do not attend church. I am 50 years old. I am a woman. I am not at all interested in politics.. Question: Do you think the federal government should be doing more about the opioid drug addiction issue, should be doing less, or is it currently doing the right amount?

Answer choices:
1. Should be doing more 2. Should be doing less 3. Is doing the right amount

When answering, respond ONLY with a single number that corresponds to the option you choose. Do not include any additional text, punctuation or explanation.

My answer is
",1
fake_878,2,2,1,1,29,2,2,"Today is November 5, 2024. Racially, I am black. Ideologically, I am liberal. Politically, I am a strong democrat. I attend church. I am 29 years old. I am a woman. I am somewhat interested in politics.. Question: Do you think the federal government should be doing more about the opioid drug addiction issue, should be doing less, or is it currently doing the right amount?

Answer choices:
1. Should be doing more 2. Should be doing less 3. Is doing the right amount

When answering, respond ONLY with a single number that corresponds to the option you choose. Do not include any additional text, punctuation or explanation.

My answer is
",1
fake_879,1,2,2,1,-2,1,4,"Today is November 5, 2024. Racially, I am white. Ideologically, I am liberal. Politically, I am a weak Democrat. I attend church. I am a man. I am not at all interested in politics.. Question: Do you think the federal government should be doing more about the opioid drug addiction issue, should be doing less, or is it currently doing the right amount?

Answer choices:
1. Should be doing more 2. Should be doing less 3. Is doing the right amount

When answering, respond ONLY with a single number that corresponds to the option you choose. Do not include any additional text, punctuation or explanation.

My answer is
",1
fake_880,1,5,2,2,46,1,2,"Today is November 5, 2024. Racially, I am white. Ideologically, I am slightly conservative. Politically, I am a weak Democrat. I do not attend church. I am 46 years old. I am a man. I am somewhat interested in politics.. Question: Do you think the federal government should be doing more about the opioid drug addiction issue, should be doing less, or is it currently doing the right amount?

Answer choices:
1. Should be doing more 2. Should be doing less 3. Is doing the right amount

When answering, respond ONLY with a single number that corresponds to the option you choose. Do not include any additional text, punctuation or explanation.

My answer is
",1
fake_881,1,3,3,1,23,2,4,"Today is November 5, 2024. Racially, I am white. Ideologically, I am slightly liberal. Politically, I am an independent who leans Democratic. I attend church. I am 23 years old. I am a woman. I am not at all interested in politics.. Question: Do you think the federal government should be doing more about the opioid drug addiction issue, should be doing less, or is it currently doing the right amount?

Answer choices:
1. Should be doing more 2. Should be doing less 3. Is doing the right amount

When answering, respond ONLY with a single number that corresponds to the option you choose. Do not include any additional text, punctuation or explanation.

My answer is
",1
fake_882,2,99,2,2,39,1,4,"Today is November 5, 2024. Racially, I am black. Politically, I am a weak Democrat. I do not attend church. I am 39 years old. I am a man. I am not at all interested in politics.. Question: Do you think the federal government should be doing more about the opioid drug addiction issue, should be doing less, or is it currently doing the right amount?

Answer choices:
1. Should be doing more 2. Should be doing less 3. Is doing the right amount

When answering, respond ONLY with a single number that corresponds to the option you choose. Do not include any additional text, punctuation or explanation.

My answer is
",1
fake_883,1,2,7,1,66,2,2,"Today is November 5, 2024. Racially, I am white. Ideologically, I am liberal. Politically, I am a strong Republican. I attend church. I am 66 years old. I am a woman. I am somewhat interested in politics.. Question: Do you think the federal government should be doing more about the opioid drug addiction issue, should be doing less, or is it currently doing the right amount?

Answer choices:
1. Should be doing more 2. Should be doing less 3. Is doing the right amount

When answering, respond ONLY with a single number that corresponds to the option you choose. Do not include any additional text, punctuation or explanation.

My answer is
",1
fake_884,1,4,4,1,60,1,2,"Today is November 5, 2024. Racially, I am white. Ideologically, I am moderate. Politically, I am an independent. I attend church. I am 60 years old. I am a man. I am somewhat interested in politics.. Question: Do you think the federal government should be doing more about the opioid drug addiction issue, should be doing less, or is it currently doing the right amount?

Answer choices:
1. Should be doing more 2. Should be doing less 3. Is doing the right amount

When answering, respond ONLY with a single number that corresponds to the option you choose. Do not include any additional text, punctuation or explanation.

My answer is
",1
fake_885,3,5,5,1,69,1,2,"Today is November 5, 2024. Racially, I am hispanic. Ideologically, I am slightly conservative. Politically, I am an independent who leans Republican. I attend church. I am 69 years old. I am a man. I am somewhat interested in politics.. Question: Do you think the federal government should be doing more about the opioid drug addiction issue, should be doing less, or is it currently doing the right amount?

Answer choices:
1. Should be doing more 2. Should be doing less 3. Is doing the right amount

When answering, respond ONLY with a single number that corresponds to the option you choose. Do not include any additional text, punctuation or explanation.

My answer is
",1
fake_886,2,4,5,1,80,2,2,"Today is November 5, 2024. Racially, I am black. Ideologically, I am moderate. Politically, I am an independent who leans Republican. I attend church. I am 80 years old. I am a woman. I am somewhat interested in politics.. Question: Do you think the federal government should be doing more about the opioid drug addiction issue, should be doing less, or is it currently doing the right amount?

Answer choices:
1. Should be doing more 2. Should be doing less 3. Is doing the right amount

When answering, respond ONLY with a single number that corresponds to the option you choose. Do not include any additional text, punctuation or explanation.

My answer is
",1
fake_887,1,4,1,1,43,1,3,"Today is November 5, 2024. Racially, I am white. Ideologically, I am moderate. Politically, I am a strong democrat. I attend church. I am 43 years old. I am a man. I am not very interested in politics.. Question: Do you think the federal government should be doing more about the opioid drug addiction issue, should be doing less, or is it currently doing the right amount?

Answer choices:
1. Should be doing more 2. Should be doing less 3. Is doing the right amount

When answering, respond ONLY with a single number that corresponds to the option you choose. Do not include any additional text, punctuation or explanation.

My answer is
",1
fake_888,1,5,2,1,37,1,-6,"Today is November 5, 2024. Racially, I am white. Ideologically, I am slightly conservative. Politically, I am a weak Democrat. I attend church. I am 37 years old. I am a man.. Question: Do you think the federal government should be doing more about the opioid drug addiction issue, should be doing less, or is it currently doing the right amount?

Answer choices:
1. Should be doing more 2. Should be doing less 3. Is doing the right amount

When answering, respond ONLY with a single number that corresponds to the option you choose. Do not include any additional text, punctuation or explanation.

My answer is
",1
fake_889,1,2,7,1,73,1,2,"Today is November 5, 2024. Racially, I am white. Ideologically, I am liberal. Politically, I am a strong Republican. I attend church. I am 73 years old. I am a man. I am somewhat interested in politics.. Question: Do you think the federal government should be doing more about the opioid drug addiction issue, should be doing less, or is it currently doing the right amount?

Answer choices:
1. Should be doing more 2. Should be doing less 3. Is doing the right amount

When answering, respond ONLY with a single number that corresponds to the option you choose. Do not include any additional text, punctuation or explanation.

My answer is
",1
fake_890,1,6,2,2,80,2,2,"Today is November 5, 2024. Racially, I am white. Ideologically, I am conservative. Politically, I am a weak Democrat. I do not attend church. I am 80 years old. I am a woman. I am somewhat interested in politics.. Question: Do you think the federal government should be doing more about the opioid drug addiction issue, should be doing less, or is it currently doing the right amount?

Answer choices:
1. Should be doing more 2. Should be doing less 3. Is doing the right amount

When answering, respond ONLY with a single number that corresponds to the option you choose. Do not include any additional text, punctuation or explanation.

My answer is
",1
fake_891,1,5,3,-9,76,2,2,"Today is November 5, 2024. Racially, I am white. Ideologically, I am slightly conservative. Politically, I am an independent who leans Democratic. I am 76 years old. I am a woman. I am somewhat interested in politics.. Question: Do you think the federal government should be doing more about the opioid drug addiction issue, should be doing less, or is it currently doing the right amount?

Answer choices:
1. Should be doing more 2. Should be doing less 3. Is doing the right amount

When answering, respond ONLY with a single number that corresponds to the option you choose. Do not include any additional text, punctuation or explanation.

My answer is
",1
fake_892,1,5,2,2,30,2,2,"Today is November 5, 2024. Racially, I am white. Ideologically, I am slightly conservative. Politically, I am a weak Democrat. I do not attend church. I am 30 years old. I am a woman. I am somewhat interested in politics.. Question: Do you think the federal government should be doing more about the opioid drug addiction issue, should be doing less, or is it currently doing the right amount?

Answer choices:
1. Should be doing more 2. Should be doing less 3. Is doing the right amount

When answering, respond ONLY with a single number that corresponds to the option you choose. Do not include any additional text, punctuation or explanation.

My answer is
",1
fake_893,1,1,5,2,-2,1,-6,"Today is November 5, 2024. Racially, I am white. Ideologically, I am extremely liberal. Politically, I am an independent who leans Republican. I do not attend church. I am a man.. Question: Do you think the federal government should be doing more about the opioid drug addiction issue, should be doing less, or is it currently doing the right amount?

Answer choices:
1. Should be doing more 2. Should be doing less 3. Is doing the right amount

When answering, respond ONLY with a single number that corresponds to the option you choose. Do not include any additional text, punctuation or explanation.

My answer is
",1
fake_894,3,3,2,1,75,1,3,"Today is November 5, 2024. Racially, I am hispanic. Ideologically, I am slightly liberal. Politically, I am a weak Democrat. I attend church. I am 75 years old. I am a man. I am not very interested in politics.. Question: Do you think the federal government should be doing more about the opioid drug addiction issue, should be doing less, or is it currently doing the right amount?

Answer choices:
1. Should be doing more 2. Should be doing less 3. Is doing the right amount

When answering, respond ONLY with a single number that corresponds to the option you choose. Do not include any additional text, punctuation or explanation.

My answer is
",1
fake_895,1,6,4,2,42,2,2,"Today is November 5, 2024. Racially, I am white. Ideologically, I am conservative. Politically, I am an independent. I do not attend church. I am 42 years old. I am a woman. I am somewhat interested in politics.. Question: Do you think the federal government should be doing more about the opioid drug addiction issue, should be doing less, or is it currently doing the right amount?

Answer choices:
1. Should be doing more 2. Should be doing less 3. Is doing the right amount

When answering, respond ONLY with a single number that corresponds to the option you choose. Do not include any additional text, punctuation or explanation.

My answer is
",1
fake_896,1,6,2,1,75,2,2,"Today is November 5, 2024. Racially, I am white. Ideologically, I am conservative. Politically, I am a weak Democrat. I attend church. I am 75 years old. I am a woman. I am somewhat interested in politics.. Question: Do you think the federal government should be doing more about the opioid drug addiction issue, should be doing less, or is it currently doing the right amount?

Answer choices:
1. Should be doing more 2. Should be doing less 3. Is doing the right amount

When answering, respond ONLY with a single number that corresponds to the option you choose. Do not include any additional text, punctuation or explanation.

My answer is
",1
fake_897,1,6,3,1,64,1,2,"Today is November 5, 2024. Racially, I am white. Ideologically, I am conservative. Politically, I am an independent who leans Democratic. I attend church. I am 64 years old. I am a man. I am somewhat interested in politics.. Question: Do you think the federal government should be doing more about the opioid drug addiction issue, should be doing less, or is it currently doing the right amount?

Answer choices:
1. Should be doing more 2. Should be doing less 3. Is doing the right amount

When answering, respond ONLY with a single number that corresponds to the option you choose. Do not include any additional text, punctuation or explanation.

My answer is
",1
fake_898,1,7,1,1,61,1,3,"Today is November 5, 2024. Racially, I am white. Ideologically, I am extremely conservative. Politically, I am a strong democrat. I attend church. I am 61 years old. I am a man. I am not very interested in politics.. Question: Do you think the federal government should be doing more about the opioid drug addiction issue, should be doing less, or is it currently doing the right amount?

Answer choices:
1. Should be doing more 2. Should be doing less 3. Is doing the right amount

When answering, respond ONLY with a single number that corresponds to the option you choose. Do not include any additional text, punctuation or explanation.

My answer is
",1
fake_899,3,2,5,2,-2,1,2,"Today is November 5, 2024. Racially, I am hispanic. Ideologically, I am liberal. Politically, I am an independent who leans Republican. I do not attend church. I am a man. I am somewhat interested in politics.. Question: Do you think the federal government should be doing more about the opioid drug addiction issue, should be doing less, or is it currently doing the right amount?

Answer choices:
1. Should be doing more 2. Should be doing less 3. Is doing the right amount

When answering, respond ONLY with a single number that corresponds to the option you choose. Do not include any additional text, punctuation or explanation.

My answer is
",1
fake_900,1,-9,5,1,78,2,3,"Today is November 5, 2024. Racially, I am white. Politically, I am an independent who leans Republican. I attend church. I am 78 years old. I am a woman. I am not very interested in politics.. Question: Do you think the federal government should be doing more about the opioid drug addiction issue, should be doing less, or is it currently doing the right amount?

Answer choices:
1. Should be doing more 2. Should be doing less 3. Is doing the right amount

When answering, respond ONLY with a single number that corresponds to the option you choose. Do not include any additional text, punctuation or explanation.

My answer is
",1
fake_901,3,6,1,2,66,2,1,"Today is November 5, 2024. Racially, I am hispanic. Ideologically, I am conservative. Politically, I am a strong democrat. I do not attend church. I am 66 years old. I am a woman. I am very interested in politics.. Question: Do you think the federal government should be doing more about the opioid drug addiction issue, should be doing less, or is it currently doing the right amount?

Answer choices:
1. Should be doing more 2. Should be doing less 3. Is doing the right amount

When answering, respond ONLY with a single number that corresponds to the option you choose. Do not include any additional text, punctuation or explanation.

My answer is
",1
fake_902,1,2,3,2,18,1,2,"Today is November 5, 2024. Racially, I am white. Ideologically, I am liberal. Politically, I am an independent who leans Democratic. I do not attend church. I am 18 years old. I am a man. I am somewhat interested in politics.. Question: Do you think the federal government should be doing more about the opioid drug addiction issue, should be doing less, or is it currently doing the right amount?

Answer choices:
1. Should be doing more 2. Should be doing less 3. Is doing the right amount

When answering, respond ONLY with a single number that corresponds to the option you choose. Do not include any additional text, punctuation or explanation.

My answer is
",1
fake_903,1,5,7,2,57,2,2,"Today is November 5, 2024. Racially, I am white. Ideologically, I am slightly conservative. Politically, I am a strong Republican. I do not attend church. I am 57 years old. I am a woman. I am somewhat interested in politics.. Question: Do you think the federal government should be doing more about the opioid drug addiction issue, should be doing less, or is it currently doing the right amount?

Answer choices:
1. Should be doing more 2. Should be doing less 3. Is doing the right amount

When answering, respond ONLY with a single number that corresponds to the option you choose. Do not include any additional text, punctuation or explanation.

My answer is
",1
fake_904,1,6,1,2,55,2,1,"Today is November 5, 2024. Racially, I am white. Ideologically, I am conservative. Politically, I am a strong democrat. I do not attend church. I am 55 years old. I am a woman. I am very interested in politics.. Question: Do you think the federal government should be doing more about the opioid drug addiction issue, should be doing less, or is it currently doing the right amount?

Answer choices:
1. Should be doing more 2. Should be doing less 3. Is doing the right amount

When answering, respond ONLY with a single number that corresponds to the option you choose. Do not include any additional text, punctuation or explanation.

My answer is
",1
fake_905,1,3,5,2,43,2,2,"Today is November 5, 2024. Racially, I am white. Ideologically, I am slightly liberal. Politically, I am an independent who leans Republican. I do not attend church. I am 43 years old. I am a woman. I am somewhat interested in politics.. Question: Do you think the federal government should be doing more about the opioid drug addiction issue, should be doing less, or is it currently doing the right amount?

Answer choices:
1. Should be doing more 2. Should be doing less 3. Is doing the right amount

When answering, respond ONLY with a single number that corresponds to the option you choose. Do not include any additional text, punctuation or explanation.

My answer is
",1
fake_906,1,5,2,1,36,2,1,"Today is November 5, 2024. Racially, I am white. Ideologically, I am slightly conservative. Politically, I am a weak Democrat. I attend church. I am 36 years old. I am a woman. I am very interested in politics.. Question: Do you think the federal government should be doing more about the opioid drug addiction issue, should be doing less, or is it currently doing the right amount?

Answer choices:
1. Should be doing more 2. Should be doing less 3. Is doing the right amount

When answering, respond ONLY with a single number that corresponds to the option you choose. Do not include any additional text, punctuation or explanation.

My answer is
",1
fake_907,1,99,2,1,32,2,2,"Today is November 5, 2024. Racially, I am white. Politically, I am a weak Democrat. I attend church. I am 32 years old. I am a woman. I am somewhat interested in politics.. Question: Do you think the federal government should be doing more about the opioid drug addiction issue, should be doing less, or is it currently doing the right amount?

Answer choices:
1. Should be doing more 2. Should be doing less 3. Is doing the right amount

When answering, respond ONLY with a single number that corresponds to the option you choose. Do not include any additional text, punctuation or explanation.

My answer is
",1
fake_908,1,3,6,-1,61,2,2,"Today is November 5, 2024. Racially, I am white. Ideologically, I am slightly liberal. Politically, I am a weak Republican. I am 61 years old. I am a woman. I am somewhat interested in politics.. Question: Do you think the federal government should be doing more about the opioid drug addiction issue, should be doing less, or is it currently doing the right amount?

Answer choices:
1. Should be doing more 2. Should be doing less 3. Is doing the right amount

When answering, respond ONLY with a single number that corresponds to the option you choose. Do not include any additional text, punctuation or explanation.

My answer is
",1
fake_909,2,5,4,2,26,2,1,"Today is November 5, 2024. Racially, I am black. Ideologically, I am slightly conservative. Politically, I am an independent. I do not attend church. I am 26 years old. I am a woman. I am very interested in politics.. Question: Do you think the federal government should be doing more about the opioid drug addiction issue, should be doing less, or is it currently doing the right amount?

Answer choices:
1. Should be doing more 2. Should be doing less 3. Is doing the right amount

When answering, respond ONLY with a single number that corresponds to the option you choose. Do not include any additional text, punctuation or explanation.

My answer is
",1
fake_910,3,4,1,1,33,1,1,"Today is November 5, 2024. Racially, I am hispanic. Ideologically, I am moderate. Politically, I am a strong democrat. I attend church. I am 33 years old. I am a man. I am very interested in politics.. Question: Do you think the federal government should be doing more about the opioid drug addiction issue, should be doing less, or is it currently doing the right amount?

Answer choices:
1. Should be doing more 2. Should be doing less 3. Is doing the right amount

When answering, respond ONLY with a single number that corresponds to the option you choose. Do not include any additional text, punctuation or explanation.

My answer is
",1
fake_911,1,99,1,2,66,1,2,"Today is November 5, 2024. Racially, I am white. Politically, I am a strong democrat. I do not attend church. I am 66 years old. I am a man. I am somewhat interested in politics.. Question: Do you think the federal government should be doing more about the opioid drug addiction issue, should be doing less, or is it currently doing the right amount?

Answer choices:
1. Should be doing more 2. Should be doing less 3. Is doing the right amount

When answering, respond ONLY with a single number that corresponds to the option you choose. Do not include any additional text, punctuation or explanation.

My answer is
",1
fake_912,1,4,7,1,73,2,2,"Today is November 5, 2024. Racially, I am white. Ideologically, I am moderate. Politically, I am a strong Republican. I attend church. I am 73 years old. I am a woman. I am somewhat interested in politics.. Question: Do you think the federal government should be doing more about the opioid drug addiction issue, should be doing less, or is it currently doing the right amount?

Answer choices:
1. Should be doing more 2. Should be doing less 3. Is doing the right amount

When answering, respond ONLY with a single number that corresponds to the option you choose. Do not include any additional text, punctuation or explanation.

My answer is
",1
fake_913,3,5,3,1,77,2,1,"Today is November 5, 2024. Racially, I am hispanic. Ideologically, I am slightly conservative. Politically, I am an independent who leans Democratic. I attend church. I am 77 years old. I am a woman. I am very interested in politics.. Question: Do you think the federal government should be doing more about the opioid drug addiction issue, should be doing less, or is it currently doing the right amount?

Answer choices:
1. Should be doing more 2. Should be doing less 3. Is doing the right amount

When answering, respond ONLY with a single number that corresponds to the option you choose. Do not include any additional text, punctuation or explanation.

My answer is
",1
fake_914,1,4,6,1,52,1,1,"Today is November 5, 2024. Racially, I am white. Ideologically, I am moderate. Politically, I am a weak Republican. I attend church. I am 52 years old. I am a man. I am very interested in politics.. Question: Do you think the federal government should be doing more about the opioid drug addiction issue, should be doing less, or is it currently doing the right amount?

Answer choices:
1. Should be doing more 2. Should be doing less 3. Is doing the right amount

When answering, respond ONLY with a single number that corresponds to the option you choose. Do not include any additional text, punctuation or explanation.

My answer is
",1
fake_915,1,6,5,2,55,2,3,"Today is November 5, 2024. Racially, I am white. Ideologically, I am conservative. Politically, I am an independent who leans Republican. I do not attend church. I am 55 years old. I am a woman. I am not very interested in politics.. Question: Do you think the federal government should be doing more about the opioid drug addiction issue, should be doing less, or is it currently doing the right amount?

Answer choices:
1. Should be doing more 2. Should be doing less 3. Is doing the right amount

When answering, respond ONLY with a single number that corresponds to the option you choose. Do not include any additional text, punctuation or explanation.

My answer is
",1
fake_916,3,6,1,2,75,1,2,"Today is November 5, 2024. Racially, I am hispanic. Ideologically, I am conservative. Politically, I am a strong democrat. I do not attend church. I am 75 years old. I am a man. I am somewhat interested in politics.. Question: Do you think the federal government should be doing more about the opioid drug addiction issue, should be doing less, or is it currently doing the right amount?

Answer choices:
1. Should be doing more 2. Should be doing less 3. Is doing the right amount

When answering, respond ONLY with a single number that corresponds to the option you choose. Do not include any additional text, punctuation or explanation.

My answer is
",1
fake_917,1,4,3,1,21,1,2,"Today is November 5, 2024. Racially, I am white. Ideologically, I am moderate. Politically, I am an independent who leans Democratic. I attend church. I am 21 years old. I am a man. I am somewhat interested in politics.. Question: Do you think the federal government should be doing more about the opioid drug addiction issue, should be doing less, or is it currently doing the right amount?

Answer choices:
1. Should be doing more 2. Should be doing less 3. Is doing the right amount

When answering, respond ONLY with a single number that corresponds to the option you choose. Do not include any additional text, punctuation or explanation.

My answer is
",1
fake_918,6,3,4,1,54,2,3,"Today is November 5, 2024. Ideologically, I am slightly liberal. Politically, I am an independent. I attend church. I am 54 years old. I am a woman. I am not very interested in politics.. Question: Do you think the federal government should be doing more about the opioid drug addiction issue, should be doing less, or is it currently doing the right amount?

Answer choices:
1. Should be doing more 2. Should be doing less 3. Is doing the right amount

When answering, respond ONLY with a single number that corresponds to the option you choose. Do not include any additional text, punctuation or explanation.

My answer is
",1
fake_919,3,6,7,2,79,2,3,"Today is November 5, 2024. Racially, I am hispanic. Ideologically, I am conservative. Politically, I am a strong Republican. I do not attend church. I am 79 years old. I am a woman. I am not very interested in politics.. Question: Do you think the federal government should be doing more about the opioid drug addiction issue, should be doing less, or is it currently doing the right amount?

Answer choices:
1. Should be doing more 2. Should be doing less 3. Is doing the right amount

When answering, respond ONLY with a single number that corresponds to the option you choose. Do not include any additional text, punctuation or explanation.

My answer is
",1
fake_920,1,6,1,1,60,2,1,"Today is November 5, 2024. Racially, I am white. Ideologically, I am conservative. Politically, I am a strong democrat. I attend church. I am 60 years old. I am a woman. I am very interested in politics.. Question: Do you think the federal government should be doing more about the opioid drug addiction issue, should be doing less, or is it currently doing the right amount?

Answer choices:
1. Should be doing more 2. Should be doing less 3. Is doing the right amount

When answering, respond ONLY with a single number that corresponds to the option you choose. Do not include any additional text, punctuation or explanation.

My answer is
",1
fake_921,4,2,1,1,54,1,3,"Today is November 5, 2024. Racially, I am asian. Ideologically, I am liberal. Politically, I am a strong democrat. I attend church. I am 54 years old. I am a man. I am not very interested in politics.. Question: Do you think the federal government should be doing more about the opioid drug addiction issue, should be doing less, or is it currently doing the right amount?

Answer choices:
1. Should be doing more 2. Should be doing less 3. Is doing the right amount

When answering, respond ONLY with a single number that corresponds to the option you choose. Do not include any additional text, punctuation or explanation.

My answer is
",1
fake_922,1,6,3,1,75,1,2,"Today is November 5, 2024. Racially, I am white. Ideologically, I am conservative. Politically, I am an independent who leans Democratic. I attend church. I am 75 years old. I am a man. I am somewhat interested in politics.. Question: Do you think the federal government should be doing more about the opioid drug addiction issue, should be doing less, or is it currently doing the right amount?

Answer choices:
1. Should be doing more 2. Should be doing less 3. Is doing the right amount

When answering, respond ONLY with a single number that corresponds to the option you choose. Do not include any additional text, punctuation or explanation.

My answer is
",1
fake_923,1,5,5,1,21,1,3,"Today is November 5, 2024. Racially, I am white. Ideologically, I am slightly conservative. Politically, I am an independent who leans Republican. I attend church. I am 21 years old. I am a man. I am not very interested in politics.. Question: Do you think the federal government should be doing more about the opioid drug addiction issue, should be doing less, or is it currently doing the right amount?

Answer choices:
1. Should be doing more 2. Should be doing less 3. Is doing the right amount

When answering, respond ONLY with a single number that corresponds to the option you choose. Do not include any additional text, punctuation or explanation.

My answer is
",1
fake_924,1,2,1,2,50,1,-6,"Today is November 5, 2024. Racially, I am white. Ideologically, I am liberal. Politically, I am a strong democrat. I do not attend church. I am 50 years old. I am a man.. Question: Do you think the federal government should be doing more about the opioid drug addiction issue, should be doing less, or is it currently doing the right amount?

Answer choices:
1. Should be doing more 2. Should be doing less 3. Is doing the right amount

When answering, respond ONLY with a single number that corresponds to the option you choose. Do not include any additional text, punctuation or explanation.

My answer is
",1
fake_925,1,5,3,2,79,2,3,"Today is November 5, 2024. Racially, I am white. Ideologically, I am slightly conservative. Politically, I am an independent who leans Democratic. I do not attend church. I am 79 years old. I am a woman. I am not very interested in politics.. Question: Do you think the federal government should be doing more about the opioid drug addiction issue, should be doing less, or is it currently doing the right amount?

Answer choices:
1. Should be doing more 2. Should be doing less 3. Is doing the right amount

When answering, respond ONLY with a single number that corresponds to the option you choose. Do not include any additional text, punctuation or explanation.

My answer is
",1
fake_926,2,5,4,2,55,2,2,"Today is November 5, 2024. Racially, I am black. Ideologically, I am slightly conservative. Politically, I am an independent. I do not attend church. I am 55 years old. I am a woman. I am somewhat interested in politics.. Question: Do you think the federal government should be doing more about the opioid drug addiction issue, should be doing less, or is it currently doing the right amount?

Answer choices:
1. Should be doing more 2. Should be doing less 3. Is doing the right amount

When answering, respond ONLY with a single number that corresponds to the option you choose. Do not include any additional text, punctuation or explanation.

My answer is
",1
fake_927,1,2,7,2,69,2,-5,"Today is November 5, 2024. Racially, I am white. Ideologically, I am liberal. Politically, I am a strong Republican. I do not attend church. I am 69 years old. I am a woman.. Question: Do you think the federal government should be doing more about the opioid drug addiction issue, should be doing less, or is it currently doing the right amount?

Answer choices:
1. Should be doing more 2. Should be doing less 3. Is doing the right amount

When answering, respond ONLY with a single number that corresponds to the option you choose. Do not include any additional text, punctuation or explanation.

My answer is
",1
fake_928,1,7,6,1,53,2,2,"Today is November 5, 2024. Racially, I am white. Ideologically, I am extremely conservative. Politically, I am a weak Republican. I attend church. I am 53 years old. I am a woman. I am somewhat interested in politics.. Question: Do you think the federal government should be doing more about the opioid drug addiction issue, should be doing less, or is it currently doing the right amount?

Answer choices:
1. Should be doing more 2. Should be doing less 3. Is doing the right amount

When answering, respond ONLY with a single number that corresponds to the option you choose. Do not include any additional text, punctuation or explanation.

My answer is
",1
fake_929,3,5,2,2,73,2,1,"Today is November 5, 2024. Racially, I am hispanic. Ideologically, I am slightly conservative. Politically, I am a weak Democrat. I do not attend church. I am 73 years old. I am a woman. I am very interested in politics.. Question: Do you think the federal government should be doing more about the opioid drug addiction issue, should be doing less, or is it currently doing the right amount?

Answer choices:
1. Should be doing more 2. Should be doing less 3. Is doing the right amount

When answering, respond ONLY with a single number that corresponds to the option you choose. Do not include any additional text, punctuation or explanation.

My answer is
",1
fake_930,1,5,2,1,73,1,1,"Today is November 5, 2024. Racially, I am white. Ideologically, I am slightly conservative. Politically, I am a weak Democrat. I attend church. I am 73 years old. I am a man. I am very interested in politics.. Question: Do you think the federal government should be doing more about the opioid drug addiction issue, should be doing less, or is it currently doing the right amount?

Answer choices:
1. Should be doing more 2. Should be doing less 3. Is doing the right amount

When answering, respond ONLY with a single number that corresponds to the option you choose. Do not include any additional text, punctuation or explanation.

My answer is
",1
fake_931,1,1,5,2,34,2,4,"Today is November 5, 2024. Racially, I am white. Ideologically, I am extremely liberal. Politically, I am an independent who leans Republican. I do not attend church. I am 34 years old. I am a woman. I am not at all interested in politics.. Question: Do you think the federal government should be doing more about the opioid drug addiction issue, should be doing less, or is it currently doing the right amount?

Answer choices:
1. Should be doing more 2. Should be doing less 3. Is doing the right amount

When answering, respond ONLY with a single number that corresponds to the option you choose. Do not include any additional text, punctuation or explanation.

My answer is
",1
fake_932,2,3,4,2,61,2,2,"Today is November 5, 2024. Racially, I am black. Ideologically, I am slightly liberal. Politically, I am an independent. I do not attend church. I am 61 years old. I am a woman. I am somewhat interested in politics.. Question: Do you think the federal government should be doing more about the opioid drug addiction issue, should be doing less, or is it currently doing the right amount?

Answer choices:
1. Should be doing more 2. Should be doing less 3. Is doing the right amount

When answering, respond ONLY with a single number that corresponds to the option you choose. Do not include any additional text, punctuation or explanation.

My answer is
",1
fake_933,1,5,1,1,63,1,2,"Today is November 5, 2024. Racially, I am white. Ideologically, I am slightly conservative. Politically, I am a strong democrat. I attend church. I am 63 years old. I am a man. I am somewhat interested in politics.. Question: Do you think the federal government should be doing more about the opioid drug addiction issue, should be doing less, or is it currently doing the right amount?

Answer choices:
1. Should be doing more 2. Should be doing less 3. Is doing the right amount

When answering, respond ONLY with a single number that corresponds to the option you choose. Do not include any additional text, punctuation or explanation.

My answer is
",1
fake_934,6,4,3,1,73,1,1,"Today is November 5, 2024. Ideologically, I am moderate. Politically, I am an independent who leans Democratic. I attend church. I am 73 years old. I am a man. I am very interested in politics.. Question: Do you think the federal government should be doing more about the opioid drug addiction issue, should be doing less, or is it currently doing the right amount?

Answer choices:
1. Should be doing more 2. Should be doing less 3. Is doing the right amount

When answering, respond ONLY with a single number that corresponds to the option you choose. Do not include any additional text, punctuation or explanation.

My answer is
",1
fake_935,2,6,3,2,25,1,2,"Today is November 5, 2024. Racially, I am black. Ideologically, I am conservative. Politically, I am an independent who leans Democratic. I do not attend church. I am 25 years old. I am a man. I am somewhat interested in politics.. Question: Do you think the federal government should be doing more about the opioid drug addiction issue, should be doing less, or is it currently doing the right amount?

Answer choices:
1. Should be doing more 2. Should be doing less 3. Is doing the right amount

When answering, respond ONLY with a single number that corresponds to the option you choose. Do not include any additional text, punctuation or explanation.

My answer is
",1
fake_936,1,6,7,2,50,1,1,"Today is November 5, 2024. Racially, I am white. Ideologically, I am conservative. Politically, I am a strong Republican. I do not attend church. I am 50 years old. I am a man. I am very interested in politics.. Question: Do you think the federal government should be doing more about the opioid drug addiction issue, should be doing less, or is it currently doing the right amount?

Answer choices:
1. Should be doing more 2. Should be doing less 3. Is doing the right amount

When answering, respond ONLY with a single number that corresponds to the option you choose. Do not include any additional text, punctuation or explanation.

My answer is
",1
fake_937,1,6,5,1,62,1,2,"Today is November 5, 2024. Racially, I am white. Ideologically, I am conservative. Politically, I am an independent who leans Republican. I attend church. I am 62 years old. I am a man. I am somewhat interested in politics.. Question: Do you think the federal government should be doing more about the opioid drug addiction issue, should be doing less, or is it currently doing the right amount?

Answer choices:
1. Should be doing more 2. Should be doing less 3. Is doing the right amount

When answering, respond ONLY with a single number that corresponds to the option you choose. Do not include any additional text, punctuation or explanation.

My answer is
",1
fake_938,1,2,7,1,79,2,1,"Today is November 5, 2024. Racially, I am white. Ideologically, I am liberal. Politically, I am a strong Republican. I attend church. I am 79 years old. I am a woman. I am very interested in politics.. Question: Do you think the federal government should be doing more about the opioid drug addiction issue, should be doing less, or is it currently doing the right amount?

Answer choices:
1. Should be doing more 2. Should be doing less 3. Is doing the right amount

When answering, respond ONLY with a single number that corresponds to the option you choose. Do not include any additional text, punctuation or explanation.

My answer is
",1
fake_939,3,99,5,2,31,2,2,"Today is November 5, 2024. Racially, I am hispanic. Politically, I am an independent who leans Republican. I do not attend church. I am 31 years old. I am a woman. I am somewhat interested in politics.. Question: Do you think the federal government should be doing more about the opioid drug addiction issue, should be doing less, or is it currently doing the right amount?

Answer choices:
1. Should be doing more 2. Should be doing less 3. Is doing the right amount

When answering, respond ONLY with a single number that corresponds to the option you choose. Do not include any additional text, punctuation or explanation.

My answer is
",1
fake_940,1,6,1,2,51,2,2,"Today is November 5, 2024. Racially, I am white. Ideologically, I am conservative. Politically, I am a strong democrat. I do not attend church. I am 51 years old. I am a woman. I am somewhat interested in politics.. Question: Do you think the federal government should be doing more about the opioid drug addiction issue, should be doing less, or is it currently doing the right amount?

Answer choices:
1. Should be doing more 2. Should be doing less 3. Is doing the right amount

When answering, respond ONLY with a single number that corresponds to the option you choose. Do not include any additional text, punctuation or explanation.

My answer is
",1
fake_941,1,6,1,1,67,2,3,"Today is November 5, 2024. Racially, I am white. Ideologically, I am conservative. Politically, I am a strong democrat. I attend church. I am 67 years old. I am a woman. I am not very interested in politics.. Question: Do you think the federal government should be doing more about the opioid drug addiction issue, should be doing less, or is it currently doing the right amount?

Answer choices:
1. Should be doing more 2. Should be doing less 3. Is doing the right amount

When answering, respond ONLY with a single number that corresponds to the option you choose. Do not include any additional text, punctuation or explanation.

My answer is
",1
fake_942,6,2,7,1,39,2,2,"Today is November 5, 2024. Ideologically, I am liberal. Politically, I am a strong Republican. I attend church. I am 39 years old. I am a woman. I am somewhat interested in politics.. Question: Do you think the federal government should be doing more about the opioid drug addiction issue, should be doing less, or is it currently doing the right amount?

Answer choices:
1. Should be doing more 2. Should be doing less 3. Is doing the right amount

When answering, respond ONLY with a single number that corresponds to the option you choose. Do not include any additional text, punctuation or explanation.

My answer is
",1
fake_943,3,7,7,1,36,1,1,"Today is November 5, 2024. Racially, I am hispanic. Ideologically, I am extremely conservative. Politically, I am a strong Republican. I attend church. I am 36 years old. I am a man. I am very interested in politics.. Question: Do you think the federal government should be doing more about the opioid drug addiction issue, should be doing less, or is it currently doing the right amount?

Answer choices:
1. Should be doing more 2. Should be doing less 3. Is doing the right amount

When answering, respond ONLY with a single number that corresponds to the option you choose. Do not include any additional text, punctuation or explanation.

My answer is
",1
fake_944,6,2,7,1,53,2,4,"Today is November 5, 2024. Ideologically, I am liberal. Politically, I am a strong Republican. I attend church. I am 53 years old. I am a woman. I am not at all interested in politics.. Question: Do you think the federal government should be doing more about the opioid drug addiction issue, should be doing less, or is it currently doing the right amount?

Answer choices:
1. Should be doing more 2. Should be doing less 3. Is doing the right amount

When answering, respond ONLY with a single number that corresponds to the option you choose. Do not include any additional text, punctuation or explanation.

My answer is
",1
fake_945,1,2,2,-1,30,2,3,"Today is November 5, 2024. Racially, I am white. Ideologically, I am liberal. Politically, I am a weak Democrat. I am 30 years old. I am a woman. I am not very interested in politics.. Question: Do you think the federal government should be doing more about the opioid drug addiction issue, should be doing less, or is it currently doing the right amount?

Answer choices:
1. Should be doing more 2. Should be doing less 3. Is doing the right amount

When answering, respond ONLY with a single number that corresponds to the option you choose. Do not include any additional text, punctuation or explanation.

My answer is
",1
fake_946,3,4,5,1,47,2,1,"Today is November 5, 2024. Racially, I am hispanic. Ideologically, I am moderate. Politically, I am an independent who leans Republican. I attend church. I am 47 years old. I am a woman. I am very interested in politics.. Question: Do you think the federal government should be doing more about the opioid drug addiction issue, should be doing less, or is it currently doing the right amount?

Answer choices:
1. Should be doing more 2. Should be doing less 3. Is doing the right amount

When answering, respond ONLY with a single number that corresponds to the option you choose. Do not include any additional text, punctuation or explanation.

My answer is
",1
fake_947,3,5,6,2,51,2,1,"Today is November 5, 2024. Racially, I am hispanic. Ideologically, I am slightly conservative. Politically, I am a weak Republican. I do not attend church. I am 51 years old. I am a woman. I am very interested in politics.. Question: Do you think the federal government should be doing more about the opioid drug addiction issue, should be doing less, or is it currently doing the right amount?

Answer choices:
1. Should be doing more 2. Should be doing less 3. Is doing the right amount

When answering, respond ONLY with a single number that corresponds to the option you choose. Do not include any additional text, punctuation or explanation.

My answer is
",1
fake_948,6,1,1,-9,56,2,2,"Today is November 5, 2024. Ideologically, I am extremely liberal. Politically, I am a strong democrat. I am 56 years old. I am a woman. I am somewhat interested in politics.. Question: Do you think the federal government should be doing more about the opioid drug addiction issue, should be doing less, or is it currently doing the right amount?

Answer choices:
1. Should be doing more 2. Should be doing less 3. Is doing the right amount

When answering, respond ONLY with a single number that corresponds to the option you choose. Do not include any additional text, punctuation or explanation.

My answer is
",1
fake_949,1,4,2,2,18,2,1,"Today is November 5, 2024. Racially, I am white. Ideologically, I am moderate. Politically, I am a weak Democrat. I do not attend church. I am 18 years old. I am a woman. I am very interested in politics.. Question: Do you think the federal government should be doing more about the opioid drug addiction issue, should be doing less, or is it currently doing the right amount?

Answer choices:
1. Should be doing more 2. Should be doing less 3. Is doing the right amount

When answering, respond ONLY with a single number that corresponds to the option you choose. Do not include any additional text, punctuation or explanation.

My answer is
",1
fake_950,1,3,1,1,37,2,2,"Today is November 5, 2024. Racially, I am white. Ideologically, I am slightly liberal. Politically, I am a strong democrat. I attend church. I am 37 years old. I am a woman. I am somewhat interested in politics.. Question: Do you think the federal government should be doing more about the opioid drug addiction issue, should be doing less, or is it currently doing the right amount?

Answer choices:
1. Should be doing more 2. Should be doing less 3. Is doing the right amount

When answering, respond ONLY with a single number that corresponds to the option you choose. Do not include any additional text, punctuation or explanation.

My answer is
",1
fake_951,1,6,1,1,80,1,2,"Today is November 5, 2024. Racially, I am white. Ideologically, I am conservative. Politically, I am a strong democrat. I attend church. I am 80 years old. I am a man. I am somewhat interested in politics.. Question: Do you think the federal government should be doing more about the opioid drug addiction issue, should be doing less, or is it currently doing the right amount?

Answer choices:
1. Should be doing more 2. Should be doing less 3. Is doing the right amount

When answering, respond ONLY with a single number that corresponds to the option you choose. Do not include any additional text, punctuation or explanation.

My answer is
",1
fake_952,1,3,6,1,-2,1,3,"Today is November 5, 2024. Racially, I am white. Ideologically, I am slightly liberal. Politically, I am a weak Republican. I attend church. I am a man. I am not very interested in politics.. Question: Do you think the federal government should be doing more about the opioid drug addiction issue, should be doing less, or is it currently doing the right amount?

Answer choices:
1. Should be doing more 2. Should be doing less 3. Is doing the right amount

When answering, respond ONLY with a single number that corresponds to the option you choose. Do not include any additional text, punctuation or explanation.

My answer is
",1
fake_953,1,99,3,1,80,1,3,"Today is November 5, 2024. Racially, I am white. Politically, I am an independent who leans Democratic. I attend church. I am 80 years old. I am a man. I am not very interested in politics.. Question: Do you think the federal government should be doing more about the opioid drug addiction issue, should be doing less, or is it currently doing the right amount?

Answer choices:
1. Should be doing more 2. Should be doing less 3. Is doing the right amount

When answering, respond ONLY with a single number that corresponds to the option you choose. Do not include any additional text, punctuation or explanation.

My answer is
",1
fake_954,1,7,5,2,25,2,2,"Today is November 5, 2024. Racially, I am white. Ideologically, I am extremely conservative. Politically, I am an independent who leans Republican. I do not attend church. I am 25 years old. I am a woman. I am somewhat interested in politics.. Question: Do you think the federal government should be doing more about the opioid drug addiction issue, should be doing less, or is it currently doing the right amount?

Answer choices:
1. Should be doing more 2. Should be doing less 3. Is doing the right amount

When answering, respond ONLY with a single number that corresponds to the option you choose. Do not include any additional text, punctuation or explanation.

My answer is
",1
fake_955,1,1,2,2,-2,1,1,"Today is November 5, 2024. Racially, I am white. Ideologically, I am extremely liberal. Politically, I am a weak Democrat. I do not attend church. I am a man. I am very interested in politics.. Question: Do you think the federal government should be doing more about the opioid drug addiction issue, should be doing less, or is it currently doing the right amount?

Answer choices:
1. Should be doing more 2. Should be doing less 3. Is doing the right amount

When answering, respond ONLY with a single number that corresponds to the option you choose. Do not include any additional text, punctuation or explanation.

My answer is
",1
fake_956,1,6,1,1,80,2,2,"Today is November 5, 2024. Racially, I am white. Ideologically, I am conservative. Politically, I am a strong democrat. I attend church. I am 80 years old. I am a woman. I am somewhat interested in politics.. Question: Do you think the federal government should be doing more about the opioid drug addiction issue, should be doing less, or is it currently doing the right amount?

Answer choices:
1. Should be doing more 2. Should be doing less 3. Is doing the right amount

When answering, respond ONLY with a single number that corresponds to the option you choose. Do not include any additional text, punctuation or explanation.

My answer is
",1
fake_957,1,2,3,1,41,2,-6,"Today is November 5, 2024. Racially, I am white. Ideologically, I am liberal. Politically, I am an independent who leans Democratic. I attend church. I am 41 years old. I am a woman.. Question: Do you think the federal government should be doing more about the opioid drug addiction issue, should be doing less, or is it currently doing the right amount?

Answer choices:
1. Should be doing more 2. Should be doing less 3. Is doing the right amount

When answering, respond ONLY with a single number that corresponds to the option you choose. Do not include any additional text, punctuation or explanation.

My answer is
",1
fake_958,1,7,7,2,-2,1,2,"Today is November 5, 2024. Racially, I am white. Ideologically, I am extremely conservative. Politically, I am a strong Republican. I do not attend church. I am a man. I am somewhat interested in politics.. Question: Do you think the federal government should be doing more about the opioid drug addiction issue, should be doing less, or is it currently doing the right amount?

Answer choices:
1. Should be doing more 2. Should be doing less 3. Is doing the right amount

When answering, respond ONLY with a single number that corresponds to the option you choose. Do not include any additional text, punctuation or explanation.

My answer is
",1
fake_959,3,6,1,2,34,1,2,"Today is November 5, 2024. Racially, I am hispanic. Ideologically, I am conservative. Politically, I am a strong democrat. I do not attend church. I am 34 years old. I am a man. I am somewhat interested in politics.. Question: Do you think the federal government should be doing more about the opioid drug addiction issue, should be doing less, or is it currently doing the right amount?

Answer choices:
1. Should be doing more 2. Should be doing less 3. Is doing the right amount

When answering, respond ONLY with a single number that corresponds to the option you choose. Do not include any additional text, punctuation or explanation.

My answer is
",1
fake_960,2,3,1,1,57,2,1,"Today is November 5, 2024. Racially, I am black. Ideologically, I am slightly liberal. Politically, I am a strong democrat. I attend church. I am 57 years old. I am a woman. I am very interested in politics.. Question: Do you think the federal government should be doing more about the opioid drug addiction issue, should be doing less, or is it currently doing the right amount?

Answer choices:
1. Should be doing more 2. Should be doing less 3. Is doing the right amount

When answering, respond ONLY with a single number that corresponds to the option you choose. Do not include any additional text, punctuation or explanation.

My answer is
",1
fake_961,6,4,1,2,75,2,2,"Today is November 5, 2024. Ideologically, I am moderate. Politically, I am a strong democrat. I do not attend church. I am 75 years old. I am a woman. I am somewhat interested in politics.. Question: Do you think the federal government should be doing more about the opioid drug addiction issue, should be doing less, or is it currently doing the right amount?

Answer choices:
1. Should be doing more 2. Should be doing less 3. Is doing the right amount

When answering, respond ONLY with a single number that corresponds to the option you choose. Do not include any additional text, punctuation or explanation.

My answer is
",1
fake_962,1,4,7,2,30,2,2,"Today is November 5, 2024. Racially, I am white. Ideologically, I am moderate. Politically, I am a strong Republican. I do not attend church. I am 30 years old. I am a woman. I am somewhat interested in politics.. Question: Do you think the federal government should be doing more about the opioid drug addiction issue, should be doing less, or is it currently doing the right amount?

Answer choices:
1. Should be doing more 2. Should be doing less 3. Is doing the right amount

When answering, respond ONLY with a single number that corresponds to the option you choose. Do not include any additional text, punctuation or explanation.

My answer is
",1
fake_963,1,99,4,2,77,2,3,"Today is November 5, 2024. Racially, I am white. Politically, I am an independent. I do not attend church. I am 77 years old. I am a woman. I am not very interested in politics.. Question: Do you think the federal government should be doing more about the opioid drug addiction issue, should be doing less, or is it currently doing the right amount?

Answer choices:
1. Should be doing more 2. Should be doing less 3. Is doing the right amount

When answering, respond ONLY with a single number that corresponds to the option you choose. Do not include any additional text, punctuation or explanation.

My answer is
",1
fake_964,1,4,1,2,61,2,2,"Today is November 5, 2024. Racially, I am white. Ideologically, I am moderate. Politically, I am a strong democrat. I do not attend church. I am 61 years old. I am a woman. I am somewhat interested in politics.. Question: Do you think the federal government should be doing more about the opioid drug addiction issue, should be doing less, or is it currently doing the right amount?

Answer choices:
1. Should be doing more 2. Should be doing less 3. Is doing the right amount

When answering, respond ONLY with a single number that corresponds to the option you choose. Do not include any additional text, punctuation or explanation.

My answer is
",1
fake_965,1,2,6,1,78,2,3,"Today is November 5, 2024. Racially, I am white. Ideologically, I am liberal. Politically, I am a weak Republican. I attend church. I am 78 years old. I am a woman. I am not very interested in politics.. Question: Do you think the federal government should be doing more about the opioid drug addiction issue, should be doing less, or is it currently doing the right amount?

Answer choices:
1. Should be doing more 2. Should be doing less 3. Is doing the right amount

When answering, respond ONLY with a single number that corresponds to the option you choose. Do not include any additional text, punctuation or explanation.

My answer is
",1
fake_966,3,99,7,2,49,1,2,"Today is November 5, 2024. Racially, I am hispanic. Politically, I am a strong Republican. I do not attend church. I am 49 years old. I am a man. I am somewhat interested in politics.. Question: Do you think the federal government should be doing more about the opioid drug addiction issue, should be doing less, or is it currently doing the right amount?

Answer choices:
1. Should be doing more 2. Should be doing less 3. Is doing the right amount

When answering, respond ONLY with a single number that corresponds to the option you choose. Do not include any additional text, punctuation or explanation.

My answer is
",1
fake_967,1,6,7,1,37,1,1,"Today is November 5, 2024. Racially, I am white. Ideologically, I am conservative. Politically, I am a strong Republican. I attend church. I am 37 years old. I am a man. I am very interested in politics.. Question: Do you think the federal government should be doing more about the opioid drug addiction issue, should be doing less, or is it currently doing the right amount?

Answer choices:
1. Should be doing more 2. Should be doing less 3. Is doing the right amount

When answering, respond ONLY with a single number that corresponds to the option you choose. Do not include any additional text, punctuation or explanation.

My answer is
",1
fake_968,6,5,7,2,80,1,3,"Today is November 5, 2024. Ideologically, I am slightly conservative. Politically, I am a strong Republican. I do not attend church. I am 80 years old. I am a man. I am not very interested in politics.. Question: Do you think the federal government should be doing more about the opioid drug addiction issue, should be doing less, or is it currently doing the right amount?

Answer choices:
1. Should be doing more 2. Should be doing less 3. Is doing the right amount

When answering, respond ONLY with a single number that corresponds to the option you choose. Do not include any additional text, punctuation or explanation.

My answer is
",1
fake_969,1,2,1,2,75,1,-6,"Today is November 5, 2024. Racially, I am white. Ideologically, I am liberal. Politically, I am a strong democrat. I do not attend church. I am 75 years old. I am a man.. Question: Do you think the federal government should be doing more about the opioid drug addiction issue, should be doing less, or is it currently doing the right amount?

Answer choices:
1. Should be doing more 2. Should be doing less 3. Is doing the right amount

When answering, respond ONLY with a single number that corresponds to the option you choose. Do not include any additional text, punctuation or explanation.

My answer is
",1
fake_970,1,99,7,1,60,2,2,"Today is November 5, 2024. Racially, I am white. Politically, I am a strong Republican. I attend church. I am 60 years old. I am a woman. I am somewhat interested in politics.. Question: Do you think the federal government should be doing more about the opioid drug addiction issue, should be doing less, or is it currently doing the right amount?

Answer choices:
1. Should be doing more 2. Should be doing less 3. Is doing the right amount

When answering, respond ONLY with a single number that corresponds to the option you choose. Do not include any additional text, punctuation or explanation.

My answer is
",1
fake_971,1,6,7,2,79,2,2,"Today is November 5, 2024. Racially, I am white. Ideologically, I am conservative. Politically, I am a strong Republican. I do not attend church. I am 79 years old. I am a woman. I am somewhat interested in politics.. Question: Do you think the federal government should be doing more about the opioid drug addiction issue, should be doing less, or is it currently doing the right amount?

Answer choices:
1. Should be doing more 2. Should be doing less 3. Is doing the right amount

When answering, respond ONLY with a single number that corresponds to the option you choose. Do not include any additional text, punctuation or explanation.

My answer is
",1
fake_972,1,3,7,2,35,2,2,"Today is November 5, 2024. Racially, I am white. Ideologically, I am slightly liberal. Politically, I am a strong Republican. I do not attend church. I am 35 years old. I am a woman. I am somewhat interested in politics.. Question: Do you think the federal government should be doing more about the opioid drug addiction issue, should be doing less, or is it currently doing the right amount?

Answer choices:
1. Should be doing more 2. Should be doing less 3. Is doing the right amount

When answering, respond ONLY with a single number that corresponds to the option you choose. Do not include any additional text, punctuation or explanation.

My answer is
",1
fake_973,1,3,7,1,29,1,2,"Today is November 5, 2024. Racially, I am white. Ideologically, I am slightly liberal. Politically, I am a strong Republican. I attend church. I am 29 years old. I am a man. I am somewhat interested in politics.. Question: Do you think the federal government should be doing more about the opioid drug addiction issue, should be doing less, or is it currently doing the right amount?

Answer choices:
1. Should be doing more 2. Should be doing less 3. Is doing the right amount

When answering, respond ONLY with a single number that corresponds to the option you choose. Do not include any additional text, punctuation or explanation.

My answer is
",1
fake_974,3,5,1,1,39,2,2,"Today is November 5, 2024. Racially, I am hispanic. Ideologically, I am slightly conservative. Politically, I am a strong democrat. I attend church. I am 39 years old. I am a woman. I am somewhat interested in politics.. Question: Do you think the federal government should be doing more about the opioid drug addiction issue, should be doing less, or is it currently doing the right amount?

Answer choices:
1. Should be doing more 2. Should be doing less 3. Is doing the right amount

When answering, respond ONLY with a single number that corresponds to the option you choose. Do not include any additional text, punctuation or explanation.

My answer is
",1
fake_975,1,99,1,2,22,1,4,"Today is November 5, 2024. Racially, I am white. Politically, I am a strong democrat. I do not attend church. I am 22 years old. I am a man. I am not at all interested in politics.. Question: Do you think the federal government should be doing more about the opioid drug addiction issue, should be doing less, or is it currently doing the right amount?

Answer choices:
1. Should be doing more 2. Should be doing less 3. Is doing the right amount

When answering, respond ONLY with a single number that corresponds to the option you choose. Do not include any additional text, punctuation or explanation.

My answer is
",1
fake_976,4,4,7,-1,22,2,4,"Today is November 5, 2024. Racially, I am asian. Ideologically, I am moderate. Politically, I am a strong Republican. I am 22 years old. I am a woman. I am not at all interested in politics.. Question: Do you think the federal government should be doing more about the opioid drug addiction issue, should be doing less, or is it currently doing the right amount?

Answer choices:
1. Should be doing more 2. Should be doing less 3. Is doing the right amount

When answering, respond ONLY with a single number that corresponds to the option you choose. Do not include any additional text, punctuation or explanation.

My answer is
",1
fake_977,1,3,3,2,72,2,2,"Today is November 5, 2024. Racially, I am white. Ideologically, I am slightly liberal. Politically, I am an independent who leans Democratic. I do not attend church. I am 72 years old. I am a woman. I am somewhat interested in politics.. Question: Do you think the federal government should be doing more about the opioid drug addiction issue, should be doing less, or is it currently doing the right amount?

Answer choices:
1. Should be doing more 2. Should be doing less 3. Is doing the right amount

When answering, respond ONLY with a single number that corresponds to the option you choose. Do not include any additional text, punctuation or explanation.

My answer is
",1
fake_978,1,4,3,1,25,2,2,"Today is November 5, 2024. Racially, I am white. Ideologically, I am moderate. Politically, I am an independent who leans Democratic. I attend church. I am 25 years old. I am a woman. I am somewhat interested in politics.. Question: Do you think the federal government should be doing more about the opioid drug addiction issue, should be doing less, or is it currently doing the right amount?

Answer choices:
1. Should be doing more 2. Should be doing less 3. Is doing the right amount

When answering, respond ONLY with a single number that corresponds to the option you choose. Do not include any additional text, punctuation or explanation.

My answer is
",1
fake_979,1,6,5,1,40,1,2,"Today is November 5, 2024. Racially, I am white. Ideologically, I am conservative. Politically, I am an independent who leans Republican. I attend church. I am 40 years old. I am a man. I am somewhat interested in politics.. Question: Do you think the federal government should be doing more about the opioid drug addiction issue, should be doing less, or is it currently doing the right amount?

Answer choices:
1. Should be doing more 2. Should be doing less 3. Is doing the right amount

When answering, respond ONLY with a single number that corresponds to the option you choose. Do not include any additional text, punctuation or explanation.

My answer is
",1
fake_980,1,3,1,-1,80,2,3,"Today is November 5, 2024. Racially, I am white. Ideologically, I am slightly liberal. Politically, I am a strong democrat. I am 80 years old. I am a woman. I am not very interested in politics.. Question: Do you think the federal government should be doing more about the opioid drug addiction issue, should be doing less, or is it currently doing the right amount?

Answer choices:
1. Should be doing more 2. Should be doing less 3. Is doing the right amount

When answering, respond ONLY with a single number that corresponds to the option you choose. Do not include any additional text, punctuation or explanation.

My answer is
",1
fake_981,2,2,1,2,36,2,1,"Today is November 5, 2024. Racially, I am black. Ideologically, I am liberal. Politically, I am a strong democrat. I do not attend church. I am 36 years old. I am a woman. I am very interested in politics.. Question: Do you think the federal government should be doing more about the opioid drug addiction issue, should be doing less, or is it currently doing the right amount?

Answer choices:
1. Should be doing more 2. Should be doing less 3. Is doing the right amount

When answering, respond ONLY with a single number that corresponds to the option you choose. Do not include any additional text, punctuation or explanation.

My answer is
",1
fake_982,1,5,1,2,38,2,2,"Today is November 5, 2024. Racially, I am white. Ideologically, I am slightly conservative. Politically, I am a strong democrat. I do not attend church. I am 38 years old. I am a woman. I am somewhat interested in politics.. Question: Do you think the federal government should be doing more about the opioid drug addiction issue, should be doing less, or is it currently doing the right amount?

Answer choices:
1. Should be doing more 2. Should be doing less 3. Is doing the right amount

When answering, respond ONLY with a single number that corresponds to the option you choose. Do not include any additional text, punctuation or explanation.

My answer is
",1
fake_983,1,5,7,1,50,1,2,"Today is November 5, 2024. Racially, I am white. Ideologically, I am slightly conservative. Politically, I am a strong Republican. I attend church. I am 50 years old. I am a man. I am somewhat interested in politics.. Question: Do you think the federal government should be doing more about the opioid drug addiction issue, should be doing less, or is it currently doing the right amount?

Answer choices:
1. Should be doing more 2. Should be doing less 3. Is doing the right amount

When answering, respond ONLY with a single number that corresponds to the option you choose. Do not include any additional text, punctuation or explanation.

My answer is
",1
fake_984,1,1,2,2,80,1,1,"Today is November 5, 2024. Racially, I am white. Ideologically, I am extremely liberal. Politically, I am a weak Democrat. I do not attend church. I am 80 years old. I am a man. I am very interested in politics.. Question: Do you think the federal government should be doing more about the opioid drug addiction issue, should be doing less, or is it currently doing the right amount?

Answer choices:
1. Should be doing more 2. Should be doing less 3. Is doing the right amount

When answering, respond ONLY with a single number that corresponds to the option you choose. Do not include any additional text, punctuation or explanation.

My answer is
",1
fake_985,1,99,-9,1,69,1,2,"Today is November 5, 2024. Racially, I am white. I attend church. I am 69 years old. I am a man. I am somewhat interested in politics.. Question: Do you think the federal government should be doing more about the opioid drug addiction issue, should be doing less, or is it currently doing the right amount?

Answer choices:
1. Should be doing more 2. Should be doing less 3. Is doing the right amount

When answering, respond ONLY with a single number that corresponds to the option you choose. Do not include any additional text, punctuation or explanation.

My answer is
",1
fake_986,1,99,5,2,76,2,2,"Today is November 5, 2024. Racially, I am white. Politically, I am an independent who leans Republican. I do not attend church. I am 76 years old. I am a woman. I am somewhat interested in politics.. Question: Do you think the federal government should be doing more about the opioid drug addiction issue, should be doing less, or is it currently doing the right amount?

Answer choices:
1. Should be doing more 2. Should be doing less 3. Is doing the right amount

When answering, respond ONLY with a single number that corresponds to the option you choose. Do not include any additional text, punctuation or explanation.

My answer is
",1
fake_987,1,99,3,1,57,2,2,"Today is November 5, 2024. Racially, I am white. Politically, I am an independent who leans Democratic. I attend church. I am 57 years old. I am a woman. I am somewhat interested in politics.. Question: Do you think the federal government should be doing more about the opioid drug addiction issue, should be doing less, or is it currently doing the right amount?

Answer choices:
1. Should be doing more 2. Should be doing less 3. Is doing the right amount

When answering, respond ONLY with a single number that corresponds to the option you choose. Do not include any additional text, punctuation or explanation.

My answer is
",1
fake_988,3,2,7,1,56,1,2,"Today is November 5, 2024. Racially, I am hispanic. Ideologically, I am liberal. Politically, I am a strong Republican. I attend church. I am 56 years old. I am a man. I am somewhat interested in politics.. Question: Do you think the federal government should be doing more about the opioid drug addiction issue, should be doing less, or is it currently doing the right amount?

Answer choices:
1. Should be doing more 2. Should be doing less 3. Is doing the right amount

When answering, respond ONLY with a single number that corresponds to the option you choose. Do not include any additional text, punctuation or explanation.

My answer is
",1
fake_989,3,4,2,1,52,2,2,"Today is November 5, 2024. Racially, I am hispanic. Ideologically, I am moderate. Politically, I am a weak Democrat. I attend church. I am 52 years old. I am a woman. I am somewhat interested in politics.. Question: Do you think the federal government should be doing more about the opioid drug addiction issue, should be doing less, or is it currently doing the right amount?

Answer choices:
1. Should be doing more 2. Should be doing less 3. Is doing the right amount

When answering, respond ONLY with a single number that corresponds to the option you choose. Do not include any additional text, punctuation or explanation.

My answer is
",1
fake_990,1,4,3,2,75,1,3,"Today is November 5, 2024. Racially, I am white. Ideologically, I am moderate. Politically, I am an independent who leans Democratic. I do not attend church. I am 75 years old. I am a man. I am not very interested in politics.. Question: Do you think the federal government should be doing more about the opioid drug addiction issue, should be doing less, or is it currently doing the right amount?

Answer choices:
1. Should be doing more 2. Should be doing less 3. Is doing the right amount

When answering, respond ONLY with a single number that corresponds to the option you choose. Do not include any additional text, punctuation or explanation.

My answer is
",1
fake_991,3,2,3,1,61,2,2,"Today is November 5, 2024. Racially, I am hispanic. Ideologically, I am liberal. Politically, I am an independent who leans Democratic. I attend church. I am 61 years old. I am a woman. I am somewhat interested in politics.. Question: Do you think the federal government should be doing more about the opioid drug addiction issue, should be doing less, or is it currently doing the right amount?

Answer choices:
1. Should be doing more 2. Should be doing less 3. Is doing the right amount

When answering, respond ONLY with a single number that corresponds to the option you choose. Do not include any additional text, punctuation or explanation.

My answer is
",1
fake_992,4,4,7,2,44,2,2,"Today is November 5, 2024. Racially, I am asian. Ideologically, I am moderate. Politically, I am a strong Republican. I do not attend church. I am 44 years old. I am a woman. I am somewhat interested in politics.. Question: Do you think the federal government should be doing more about the opioid drug addiction issue, should be doing less, or is it currently doing the right amount?

Answer choices:
1. Should be doing more 2. Should be doing less 3. Is doing the right amount

When answering, respond ONLY with a single number that corresponds to the option you choose. Do not include any additional text, punctuation or explanation.

My answer is
",1
fake_993,1,99,6,2,57,2,2,"Today is November 5, 2024. Racially, I am white. Politically, I am a weak Republican. I do not attend church. I am 57 years old. I am a woman. I am somewhat interested in politics.. Question: Do you think the federal government should be doing more about the opioid drug addiction issue, should be doing less, or is it currently doing the right amount?

Answer choices:
1. Should be doing more 2. Should be doing less 3. Is doing the right amount

When answering, respond ONLY with a single number that corresponds to the option you choose. Do not include any additional text, punctuation or explanation.

My answer is
",1
fake_994,1,6,7,1,20,2,1,"Today is November 5, 2024. Racially, I am white. Ideologically, I am conservative. Politically, I am a strong Republican. I attend church. I am 20 years old. I am a woman. I am very interested in politics.. Question: Do you think the federal government should be doing more about the opioid drug addiction issue, should be doing less, or is it currently doing the right amount?

Answer choices:
1. Should be doing more 2. Should be doing less 3. Is doing the right amount

When answering, respond ONLY with a single number that corresponds to the option you choose. Do not include any additional text, punctuation or explanation.

My answer is
",1
fake_995,3,3,1,-1,49,2,3,"Today is November 5, 2024. Racially, I am hispanic. Ideologically, I am slightly liberal. Politically, I am a strong democrat. I am 49 years old. I am a woman. I am not very interested in politics.. Question: Do you think the federal government should be doing more about the opioid drug addiction issue, should be doing less, or is it currently doing the right amount?

Answer choices:
1. Should be doing more 2. Should be doing less 3. Is doing the right amount

When answering, respond ONLY with a single number that corresponds to the option you choose. Do not include any additional text, punctuation or explanation.

My answer is
",1
fake_996,1,3,7,1,73,1,1,"Today is November 5, 2024. Racially, I am white. Ideologically, I am slightly liberal. Politically, I am a strong Republican. I attend church. I am 73 years old. I am a man. I am very interested in politics.. Question: Do you think the federal government should be doing more about the opioid drug addiction issue, should be doing less, or is it currently doing the right amount?

Answer choices:
1. Should be doing more 2. Should be doing less 3. Is doing the right amount

When answering, respond ONLY with a single number that corresponds to the option you choose. Do not include any additional text, punctuation or explanation.

My answer is
",1
fake_997,-9,2,1,2,36,2,1,"Today is November 5, 2024. Ideologically, I am liberal. Politically, I am a strong democrat. I do not attend church. I am 36 years old. I am a woman. I am very interested in politics.. Question: Do you think the federal government should be doing more about the opioid drug addiction issue, should be doing less, or is it currently doing the right amount?

Answer choices:
1. Should be doing more 2. Should be doing less 3. Is doing the right amount

When answering, respond ONLY with a single number that corresponds to the option you choose. Do not include any additional text, punctuation or explanation.

My answer is
",1
fake_998,1,6,3,1,68,2,2,"Today is November 5, 2024. Racially, I am white. Ideologically, I am conservative. Politically, I am an independent who leans Democratic. I attend church. I am 68 years old. I am a woman. I am somewhat interested in politics.. Question: Do you think the federal government should be doing more about the opioid drug addiction issue, should be doing less, or is it currently doing the right amount?

Answer choices:
1. Should be doing more 2. Should be doing less 3. Is doing the right amount

When answering, respond ONLY with a single number that corresponds to the option you choose. Do not include any additional text, punctuation or explanation.

My answer is
",1
fake_999,3,2,5,1,50,1,-6,"Today is November 5, 2024. Racially, I am hispanic. Ideologically, I am liberal. Politically, I am an independent who leans Republican. I attend church. I am 50 years old. I am a man.. Question: Do you think the federal government should be doing more about the opioid drug addiction issue, should be doing less, or is it currently doing the right amount?

Answer choices:
1. Should be doing more 2. Should be doing less 3. Is doing the right amount

When answering, respond ONLY with a single number that corresponds to the option you choose. Do not include any additional text, punctuation or explanation.

My answer is
",1
fake_1000,1,3,4,2,76,2,2,"Today is November 5, 2024. Racially, I am white. Ideologically, I am slightly liberal. Politically, I am an independent. I do not attend church. I am 76 years old. I am a woman. I am somewhat interested in politics.. Question: Do you think the federal government should be doing more about the opioid drug addiction issue, should be doing less, or is it currently doing the right amount?

Answer choices:
1. Should be doing more 2. Should be doing less 3. Is doing the right amount

When answering, respond ONLY with a single number that corresponds to the option you choose. Do not include any additional text, punctuation or explanation.

My answer is
",1
fake_1001,1,1,1,1,66,2,2,"Today is November 5, 2024. Racially, I am white. Ideologically, I am extremely liberal. Politically, I am a strong democrat. I attend church. I am 66 years old. I am a woman. I am somewhat interested in politics.. Question: Do you think the federal government should be doing more about the opioid drug addiction issue, should be doing less, or is it currently doing the right amount?

Answer choices:
1. Should be doing more 2. Should be doing less 3. Is doing the right amount

When answering, respond ONLY with a single number that corresponds to the option you choose. Do not include any additional text, punctuation or explanation.

My answer is
",1
fake_1002,3,3,5,1,20,1,-5,"Today is November 5, 2024. Racially, I am hispanic. Ideologically, I am slightly liberal. Politically, I am an independent who leans Republican. I attend church. I am 20 years old. I am a man.. Question: Do you think the federal government should be doing more about the opioid drug addiction issue, should be doing less, or is it currently doing the right amount?

Answer choices:
1. Should be doing more 2. Should be doing less 3. Is doing the right amount

When answering, respond ONLY with a single number that corresponds to the option you choose. Do not include any additional text, punctuation or explanation.

My answer is
",1
fake_1003,1,4,2,1,46,2,2,"Today is November 5, 2024. Racially, I am white. Ideologically, I am moderate. Politically, I am a weak Democrat. I attend church. I am 46 years old. I am a woman. I am somewhat interested in politics.. Question: Do you think the federal government should be doing more about the opioid drug addiction issue, should be doing less, or is it currently doing the right amount?

Answer choices:
1. Should be doing more 2. Should be doing less 3. Is doing the right amount

When answering, respond ONLY with a single number that corresponds to the option you choose. Do not include any additional text, punctuation or explanation.

My answer is
",1
fake_1004,3,4,1,1,-2,1,1,"Today is November 5, 2024. Racially, I am hispanic. Ideologically, I am moderate. Politically, I am a strong democrat. I attend church. I am a man. I am very interested in politics.. Question: Do you think the federal government should be doing more about the opioid drug addiction issue, should be doing less, or is it currently doing the right amount?

Answer choices:
1. Should be doing more 2. Should be doing less 3. Is doing the right amount

When answering, respond ONLY with a single number that corresponds to the option you choose. Do not include any additional text, punctuation or explanation.

My answer is
",1
fake_1005,-9,1,2,1,70,1,2,"Today is November 5, 2024. Ideologically, I am extremely liberal. Politically, I am a weak Democrat. I attend church. I am 70 years old. I am a man. I am somewhat interested in politics.. Question: Do you think the federal government should be doing more about the opioid drug addiction issue, should be doing less, or is it currently doing the right amount?

Answer choices:
1. Should be doing more 2. Should be doing less 3. Is doing the right amount

When answering, respond ONLY with a single number that corresponds to the option you choose. Do not include any additional text, punctuation or explanation.

My answer is
",1
fake_1006,3,2,4,1,61,2,2,"Today is November 5, 2024. Racially, I am hispanic. Ideologically, I am liberal. Politically, I am an independent. I attend church. I am 61 years old. I am a woman. I am somewhat interested in politics.. Question: Do you think the federal government should be doing more about the opioid drug addiction issue, should be doing less, or is it currently doing the right amount?

Answer choices:
1. Should be doing more 2. Should be doing less 3. Is doing the right amount

When answering, respond ONLY with a single number that corresponds to the option you choose. Do not include any additional text, punctuation or explanation.

My answer is
",1
fake_1007,1,6,5,1,47,1,2,"Today is November 5, 2024. Racially, I am white. Ideologically, I am conservative. Politically, I am an independent who leans Republican. I attend church. I am 47 years old. I am a man. I am somewhat interested in politics.. Question: Do you think the federal government should be doing more about the opioid drug addiction issue, should be doing less, or is it currently doing the right amount?

Answer choices:
1. Should be doing more 2. Should be doing less 3. Is doing the right amount

When answering, respond ONLY with a single number that corresponds to the option you choose. Do not include any additional text, punctuation or explanation.

My answer is
",1
fake_1008,3,3,1,1,59,2,-9,"Today is November 5, 2024. Racially, I am hispanic. Ideologically, I am slightly liberal. Politically, I am a strong democrat. I attend church. I am 59 years old. I am a woman.. Question: Do you think the federal government should be doing more about the opioid drug addiction issue, should be doing less, or is it currently doing the right amount?

Answer choices:
1. Should be doing more 2. Should be doing less 3. Is doing the right amount

When answering, respond ONLY with a single number that corresponds to the option you choose. Do not include any additional text, punctuation or explanation.

My answer is
",1
fake_1009,2,4,2,1,62,1,2,"Today is November 5, 2024. Racially, I am black. Ideologically, I am moderate. Politically, I am a weak Democrat. I attend church. I am 62 years old. I am a man. I am somewhat interested in politics.. Question: Do you think the federal government should be doing more about the opioid drug addiction issue, should be doing less, or is it currently doing the right amount?

Answer choices:
1. Should be doing more 2. Should be doing less 3. Is doing the right amount

When answering, respond ONLY with a single number that corresponds to the option you choose. Do not include any additional text, punctuation or explanation.

My answer is
",1
fake_1010,6,1,4,2,54,1,3,"Today is November 5, 2024. Ideologically, I am extremely liberal. Politically, I am an independent. I do not attend church. I am 54 years old. I am a man. I am not very interested in politics.. Question: Do you think the federal government should be doing more about the opioid drug addiction issue, should be doing less, or is it currently doing the right amount?

Answer choices:
1. Should be doing more 2. Should be doing less 3. Is doing the right amount

When answering, respond ONLY with a single number that corresponds to the option you choose. Do not include any additional text, punctuation or explanation.

My answer is
",1
fake_1011,1,3,1,1,75,2,3,"Today is November 5, 2024. Racially, I am white. Ideologically, I am slightly liberal. Politically, I am a strong democrat. I attend church. I am 75 years old. I am a woman. I am not very interested in politics.. Question: Do you think the federal government should be doing more about the opioid drug addiction issue, should be doing less, or is it currently doing the right amount?

Answer choices:
1. Should be doing more 2. Should be doing less 3. Is doing the right amount

When answering, respond ONLY with a single number that corresponds to the option you choose. Do not include any additional text, punctuation or explanation.

My answer is
",1
fake_1012,1,7,6,1,77,1,2,"Today is November 5, 2024. Racially, I am white. Ideologically, I am extremely conservative. Politically, I am a weak Republican. I attend church. I am 77 years old. I am a man. I am somewhat interested in politics.. Question: Do you think the federal government should be doing more about the opioid drug addiction issue, should be doing less, or is it currently doing the right amount?

Answer choices:
1. Should be doing more 2. Should be doing less 3. Is doing the right amount

When answering, respond ONLY with a single number that corresponds to the option you choose. Do not include any additional text, punctuation or explanation.

My answer is
",2
fake_1013,1,6,6,1,-2,2,3,"Today is November 5, 2024. Racially, I am white. Ideologically, I am conservative. Politically, I am a weak Republican. I attend church. I am a woman. I am not very interested in politics.. Question: Do you think the federal government should be doing more about the opioid drug addiction issue, should be doing less, or is it currently doing the right amount?

Answer choices:
1. Should be doing more 2. Should be doing less 3. Is doing the right amount

When answering, respond ONLY with a single number that corresponds to the option you choose. Do not include any additional text, punctuation or explanation.

My answer is
",1
fake_1014,1,6,4,1,77,1,2,"Today is November 5, 2024. Racially, I am white. Ideologically, I am conservative. Politically, I am an independent. I attend church. I am 77 years old. I am a man. I am somewhat interested in politics.. Question: Do you think the federal government should be doing more about the opioid drug addiction issue, should be doing less, or is it currently doing the right amount?

Answer choices:
1. Should be doing more 2. Should be doing less 3. Is doing the right amount

When answering, respond ONLY with a single number that corresponds to the option you choose. Do not include any additional text, punctuation or explanation.

My answer is
",1
fake_1015,1,4,5,1,-2,1,2,"Today is November 5, 2024. Racially, I am white. Ideologically, I am moderate. Politically, I am an independent who leans Republican. I attend church. I am a man. I am somewhat interested in politics.. Question: Do you think the federal government should be doing more about the opioid drug addiction issue, should be doing less, or is it currently doing the right amount?

Answer choices:
1. Should be doing more 2. Should be doing less 3. Is doing the right amount

When answering, respond ONLY with a single number that corresponds to the option you choose. Do not include any additional text, punctuation or explanation.

My answer is
",1
fake_1016,2,1,7,1,53,1,2,"Today is November 5, 2024. Racially, I am black. Ideologically, I am extremely liberal. Politically, I am a strong Republican. I attend church. I am 53 years old. I am a man. I am somewhat interested in politics.. Question: Do you think the federal government should be doing more about the opioid drug addiction issue, should be doing less, or is it currently doing the right amount?

Answer choices:
1. Should be doing more 2. Should be doing less 3. Is doing the right amount

When answering, respond ONLY with a single number that corresponds to the option you choose. Do not include any additional text, punctuation or explanation.

My answer is
",1
fake_1017,2,99,3,2,70,2,-7,"Today is November 5, 2024. Racially, I am black. Politically, I am an independent who leans Democratic. I do not attend church. I am 70 years old. I am a woman.. Question: Do you think the federal government should be doing more about the opioid drug addiction issue, should be doing less, or is it currently doing the right amount?

Answer choices:
1. Should be doing more 2. Should be doing less 3. Is doing the right amount

When answering, respond ONLY with a single number that corresponds to the option you choose. Do not include any additional text, punctuation or explanation.

My answer is
",1
fake_1018,1,3,7,1,56,1,2,"Today is November 5, 2024. Racially, I am white. Ideologically, I am slightly liberal. Politically, I am a strong Republican. I attend church. I am 56 years old. I am a man. I am somewhat interested in politics.. Question: Do you think the federal government should be doing more about the opioid drug addiction issue, should be doing less, or is it currently doing the right amount?

Answer choices:
1. Should be doing more 2. Should be doing less 3. Is doing the right amount

When answering, respond ONLY with a single number that corresponds to the option you choose. Do not include any additional text, punctuation or explanation.

My answer is
",1
fake_1019,1,6,1,2,69,1,4,"Today is November 5, 2024. Racially, I am white. Ideologically, I am conservative. Politically, I am a strong democrat. I do not attend church. I am 69 years old. I am a man. I am not at all interested in politics.. Question: Do you think the federal government should be doing more about the opioid drug addiction issue, should be doing less, or is it currently doing the right amount?

Answer choices:
1. Should be doing more 2. Should be doing less 3. Is doing the right amount

When answering, respond ONLY with a single number that corresponds to the option you choose. Do not include any additional text, punctuation or explanation.

My answer is
",1
fake_1020,3,5,1,1,62,2,4,"Today is November 5, 2024. Racially, I am hispanic. Ideologically, I am slightly conservative. Politically, I am a strong democrat. I attend church. I am 62 years old. I am a woman. I am not at all interested in politics.. Question: Do you think the federal government should be doing more about the opioid drug addiction issue, should be doing less, or is it currently doing the right amount?

Answer choices:
1. Should be doing more 2. Should be doing less 3. Is doing the right amount

When answering, respond ONLY with a single number that corresponds to the option you choose. Do not include any additional text, punctuation or explanation.

My answer is
",1
fake_1021,1,4,5,1,25,1,2,"Today is November 5, 2024. Racially, I am white. Ideologically, I am moderate. Politically, I am an independent who leans Republican. I attend church. I am 25 years old. I am a man. I am somewhat interested in politics.. Question: Do you think the federal government should be doing more about the opioid drug addiction issue, should be doing less, or is it currently doing the right amount?

Answer choices:
1. Should be doing more 2. Should be doing less 3. Is doing the right amount

When answering, respond ONLY with a single number that corresponds to the option you choose. Do not include any additional text, punctuation or explanation.

My answer is
",1
fake_1022,1,99,5,1,72,1,1,"Today is November 5, 2024. Racially, I am white. Politically, I am an independent who leans Republican. I attend church. I am 72 years old. I am a man. I am very interested in politics.. Question: Do you think the federal government should be doing more about the opioid drug addiction issue, should be doing less, or is it currently doing the right amount?

Answer choices:
1. Should be doing more 2. Should be doing less 3. Is doing the right amount

When answering, respond ONLY with a single number that corresponds to the option you choose. Do not include any additional text, punctuation or explanation.

My answer is
",1
fake_1023,1,4,7,1,40,2,1,"Today is November 5, 2024. Racially, I am white. Ideologically, I am moderate. Politically, I am a strong Republican. I attend church. I am 40 years old. I am a woman. I am very interested in politics.. Question: Do you think the federal government should be doing more about the opioid drug addiction issue, should be doing less, or is it currently doing the right amount?

Answer choices:
1. Should be doing more 2. Should be doing less 3. Is doing the right amount

When answering, respond ONLY with a single number that corresponds to the option you choose. Do not include any additional text, punctuation or explanation.

My answer is
",1
fake_1024,1,2,6,2,60,2,2,"Today is November 5, 2024. Racially, I am white. Ideologically, I am liberal. Politically, I am a weak Republican. I do not attend church. I am 60 years old. I am a woman. I am somewhat interested in politics.. Question: Do you think the federal government should be doing more about the opioid drug addiction issue, should be doing less, or is it currently doing the right amount?

Answer choices:
1. Should be doing more 2. Should be doing less 3. Is doing the right amount

When answering, respond ONLY with a single number that corresponds to the option you choose. Do not include any additional text, punctuation or explanation.

My answer is
",1
fake_1025,1,3,2,2,40,1,2,"Today is November 5, 2024. Racially, I am white. Ideologically, I am slightly liberal. Politically, I am a weak Democrat. I do not attend church. I am 40 years old. I am a man. I am somewhat interested in politics.. Question: Do you think the federal government should be doing more about the opioid drug addiction issue, should be doing less, or is it currently doing the right amount?

Answer choices:
1. Should be doing more 2. Should be doing less 3. Is doing the right amount

When answering, respond ONLY with a single number that corresponds to the option you choose. Do not include any additional text, punctuation or explanation.

My answer is
",1
fake_1026,1,4,2,-1,80,1,2,"Today is November 5, 2024. Racially, I am white. Ideologically, I am moderate. Politically, I am a weak Democrat. I am 80 years old. I am a man. I am somewhat interested in politics.. Question: Do you think the federal government should be doing more about the opioid drug addiction issue, should be doing less, or is it currently doing the right amount?

Answer choices:
1. Should be doing more 2. Should be doing less 3. Is doing the right amount

When answering, respond ONLY with a single number that corresponds to the option you choose. Do not include any additional text, punctuation or explanation.

My answer is
",1
fake_1027,2,6,4,1,66,1,2,"Today is November 5, 2024. Racially, I am black. Ideologically, I am conservative. Politically, I am an independent. I attend church. I am 66 years old. I am a man. I am somewhat interested in politics.. Question: Do you think the federal government should be doing more about the opioid drug addiction issue, should be doing less, or is it currently doing the right amount?

Answer choices:
1. Should be doing more 2. Should be doing less 3. Is doing the right amount

When answering, respond ONLY with a single number that corresponds to the option you choose. Do not include any additional text, punctuation or explanation.

My answer is
",1
fake_1028,6,99,1,2,32,2,3,"Today is November 5, 2024. Politically, I am a strong democrat. I do not attend church. I am 32 years old. I am a woman. I am not very interested in politics.. Question: Do you think the federal government should be doing more about the opioid drug addiction issue, should be doing less, or is it currently doing the right amount?

Answer choices:
1. Should be doing more 2. Should be doing less 3. Is doing the right amount

When answering, respond ONLY with a single number that corresponds to the option you choose. Do not include any additional text, punctuation or explanation.

My answer is
",1
fake_1029,1,6,4,1,22,2,2,"Today is November 5, 2024. Racially, I am white. Ideologically, I am conservative. Politically, I am an independent. I attend church. I am 22 years old. I am a woman. I am somewhat interested in politics.. Question: Do you think the federal government should be doing more about the opioid drug addiction issue, should be doing less, or is it currently doing the right amount?

Answer choices:
1. Should be doing more 2. Should be doing less 3. Is doing the right amount

When answering, respond ONLY with a single number that corresponds to the option you choose. Do not include any additional text, punctuation or explanation.

My answer is
",1
fake_1030,1,2,7,1,74,2,2,"Today is November 5, 2024. Racially, I am white. Ideologically, I am liberal. Politically, I am a strong Republican. I attend church. I am 74 years old. I am a woman. I am somewhat interested in politics.. Question: Do you think the federal government should be doing more about the opioid drug addiction issue, should be doing less, or is it currently doing the right amount?

Answer choices:
1. Should be doing more 2. Should be doing less 3. Is doing the right amount

When answering, respond ONLY with a single number that corresponds to the option you choose. Do not include any additional text, punctuation or explanation.

My answer is
",1
fake_1031,6,5,1,2,68,1,3,"Today is November 5, 2024. Ideologically, I am slightly conservative. Politically, I am a strong democrat. I do not attend church. I am 68 years old. I am a man. I am not very interested in politics.. Question: Do you think the federal government should be doing more about the opioid drug addiction issue, should be doing less, or is it currently doing the right amount?

Answer choices:
1. Should be doing more 2. Should be doing less 3. Is doing the right amount

When answering, respond ONLY with a single number that corresponds to the option you choose. Do not include any additional text, punctuation or explanation.

My answer is
",1
fake_1032,1,4,1,-9,79,1,2,"Today is November 5, 2024. Racially, I am white. Ideologically, I am moderate. Politically, I am a strong democrat. I am 79 years old. I am a man. I am somewhat interested in politics.. Question: Do you think the federal government should be doing more about the opioid drug addiction issue, should be doing less, or is it currently doing the right amount?

Answer choices:
1. Should be doing more 2. Should be doing less 3. Is doing the right amount

When answering, respond ONLY with a single number that corresponds to the option you choose. Do not include any additional text, punctuation or explanation.

My answer is
",1
fake_1033,4,99,6,2,29,2,2,"Today is November 5, 2024. Racially, I am asian. Politically, I am a weak Republican. I do not attend church. I am 29 years old. I am a woman. I am somewhat interested in politics.. Question: Do you think the federal government should be doing more about the opioid drug addiction issue, should be doing less, or is it currently doing the right amount?

Answer choices:
1. Should be doing more 2. Should be doing less 3. Is doing the right amount

When answering, respond ONLY with a single number that corresponds to the option you choose. Do not include any additional text, punctuation or explanation.

My answer is
",1
fake_1034,1,4,4,2,70,1,4,"Today is November 5, 2024. Racially, I am white. Ideologically, I am moderate. Politically, I am an independent. I do not attend church. I am 70 years old. I am a man. I am not at all interested in politics.. Question: Do you think the federal government should be doing more about the opioid drug addiction issue, should be doing less, or is it currently doing the right amount?

Answer choices:
1. Should be doing more 2. Should be doing less 3. Is doing the right amount

When answering, respond ONLY with a single number that corresponds to the option you choose. Do not include any additional text, punctuation or explanation.

My answer is
",1
fake_1035,1,99,7,2,32,2,2,"Today is November 5, 2024. Racially, I am white. Politically, I am a strong Republican. I do not attend church. I am 32 years old. I am a woman. I am somewhat interested in politics.. Question: Do you think the federal government should be doing more about the opioid drug addiction issue, should be doing less, or is it currently doing the right amount?

Answer choices:
1. Should be doing more 2. Should be doing less 3. Is doing the right amount

When answering, respond ONLY with a single number that corresponds to the option you choose. Do not include any additional text, punctuation or explanation.

My answer is
",1
fake_1036,3,99,3,2,18,1,4,"Today is November 5, 2024. Racially, I am hispanic. Politically, I am an independent who leans Democratic. I do not attend church. I am 18 years old. I am a man. I am not at all interested in politics.. Question: Do you think the federal government should be doing more about the opioid drug addiction issue, should be doing less, or is it currently doing the right amount?

Answer choices:
1. Should be doing more 2. Should be doing less 3. Is doing the right amount

When answering, respond ONLY with a single number that corresponds to the option you choose. Do not include any additional text, punctuation or explanation.

My answer is
",1
fake_1037,1,6,1,2,61,1,-6,"Today is November 5, 2024. Racially, I am white. Ideologically, I am conservative. Politically, I am a strong democrat. I do not attend church. I am 61 years old. I am a man.. Question: Do you think the federal government should be doing more about the opioid drug addiction issue, should be doing less, or is it currently doing the right amount?

Answer choices:
1. Should be doing more 2. Should be doing less 3. Is doing the right amount

When answering, respond ONLY with a single number that corresponds to the option you choose. Do not include any additional text, punctuation or explanation.

My answer is
",1
fake_1038,1,6,2,1,42,1,1,"Today is November 5, 2024. Racially, I am white. Ideologically, I am conservative. Politically, I am a weak Democrat. I attend church. I am 42 years old. I am a man. I am very interested in politics.. Question: Do you think the federal government should be doing more about the opioid drug addiction issue, should be doing less, or is it currently doing the right amount?

Answer choices:
1. Should be doing more 2. Should be doing less 3. Is doing the right amount

When answering, respond ONLY with a single number that corresponds to the option you choose. Do not include any additional text, punctuation or explanation.

My answer is
",1
fake_1039,1,2,5,2,68,1,2,"Today is November 5, 2024. Racially, I am white. Ideologically, I am liberal. Politically, I am an independent who leans Republican. I do not attend church. I am 68 years old. I am a man. I am somewhat interested in politics.. Question: Do you think the federal government should be doing more about the opioid drug addiction issue, should be doing less, or is it currently doing the right amount?

Answer choices:
1. Should be doing more 2. Should be doing less 3. Is doing the right amount

When answering, respond ONLY with a single number that corresponds to the option you choose. Do not include any additional text, punctuation or explanation.

My answer is
",1
fake_1040,1,4,5,1,64,1,1,"Today is November 5, 2024. Racially, I am white. Ideologically, I am moderate. Politically, I am an independent who leans Republican. I attend church. I am 64 years old. I am a man. I am very interested in politics.. Question: Do you think the federal government should be doing more about the opioid drug addiction issue, should be doing less, or is it currently doing the right amount?

Answer choices:
1. Should be doing more 2. Should be doing less 3. Is doing the right amount

When answering, respond ONLY with a single number that corresponds to the option you choose. Do not include any additional text, punctuation or explanation.

My answer is
",1
fake_1041,1,5,2,2,56,2,1,"Today is November 5, 2024. Racially, I am white. Ideologically, I am slightly conservative. Politically, I am a weak Democrat. I do not attend church. I am 56 years old. I am a woman. I am very interested in politics.. Question: Do you think the federal government should be doing more about the opioid drug addiction issue, should be doing less, or is it currently doing the right amount?

Answer choices:
1. Should be doing more 2. Should be doing less 3. Is doing the right amount

When answering, respond ONLY with a single number that corresponds to the option you choose. Do not include any additional text, punctuation or explanation.

My answer is
",1
fake_1042,1,3,6,1,34,1,2,"Today is November 5, 2024. Racially, I am white. Ideologically, I am slightly liberal. Politically, I am a weak Republican. I attend church. I am 34 years old. I am a man. I am somewhat interested in politics.. Question: Do you think the federal government should be doing more about the opioid drug addiction issue, should be doing less, or is it currently doing the right amount?

Answer choices:
1. Should be doing more 2. Should be doing less 3. Is doing the right amount

When answering, respond ONLY with a single number that corresponds to the option you choose. Do not include any additional text, punctuation or explanation.

My answer is
",1
fake_1043,2,2,7,1,38,2,2,"Today is November 5, 2024. Racially, I am black. Ideologically, I am liberal. Politically, I am a strong Republican. I attend church. I am 38 years old. I am a woman. I am somewhat interested in politics.. Question: Do you think the federal government should be doing more about the opioid drug addiction issue, should be doing less, or is it currently doing the right amount?

Answer choices:
1. Should be doing more 2. Should be doing less 3. Is doing the right amount

When answering, respond ONLY with a single number that corresponds to the option you choose. Do not include any additional text, punctuation or explanation.

My answer is
",1
fake_1044,2,2,3,2,44,2,4,"Today is November 5, 2024. Racially, I am black. Ideologically, I am liberal. Politically, I am an independent who leans Democratic. I do not attend church. I am 44 years old. I am a woman. I am not at all interested in politics.. Question: Do you think the federal government should be doing more about the opioid drug addiction issue, should be doing less, or is it currently doing the right amount?

Answer choices:
1. Should be doing more 2. Should be doing less 3. Is doing the right amount

When answering, respond ONLY with a single number that corresponds to the option you choose. Do not include any additional text, punctuation or explanation.

My answer is
",1
fake_1045,1,-9,3,2,80,2,2,"Today is November 5, 2024. Racially, I am white. Politically, I am an independent who leans Democratic. I do not attend church. I am 80 years old. I am a woman. I am somewhat interested in politics.. Question: Do you think the federal government should be doing more about the opioid drug addiction issue, should be doing less, or is it currently doing the right amount?

Answer choices:
1. Should be doing more 2. Should be doing less 3. Is doing the right amount

When answering, respond ONLY with a single number that corresponds to the option you choose. Do not include any additional text, punctuation or explanation.

My answer is
",1
fake_1046,1,5,2,1,79,2,2,"Today is November 5, 2024. Racially, I am white. Ideologically, I am slightly conservative. Politically, I am a weak Democrat. I attend church. I am 79 years old. I am a woman. I am somewhat interested in politics.. Question: Do you think the federal government should be doing more about the opioid drug addiction issue, should be doing less, or is it currently doing the right amount?

Answer choices:
1. Should be doing more 2. Should be doing less 3. Is doing the right amount

When answering, respond ONLY with a single number that corresponds to the option you choose. Do not include any additional text, punctuation or explanation.

My answer is
",1
fake_1047,1,99,1,1,44,1,2,"Today is November 5, 2024. Racially, I am white. Politically, I am a strong democrat. I attend church. I am 44 years old. I am a man. I am somewhat interested in politics.. Question: Do you think the federal government should be doing more about the opioid drug addiction issue, should be doing less, or is it currently doing the right amount?

Answer choices:
1. Should be doing more 2. Should be doing less 3. Is doing the right amount

When answering, respond ONLY with a single number that corresponds to the option you choose. Do not include any additional text, punctuation or explanation.

My answer is
",1
fake_1048,1,6,1,2,67,2,-6,"Today is November 5, 2024. Racially, I am white. Ideologically, I am conservative. Politically, I am a strong democrat. I do not attend church. I am 67 years old. I am a woman.. Question: Do you think the federal government should be doing more about the opioid drug addiction issue, should be doing less, or is it currently doing the right amount?

Answer choices:
1. Should be doing more 2. Should be doing less 3. Is doing the right amount

When answering, respond ONLY with a single number that corresponds to the option you choose. Do not include any additional text, punctuation or explanation.

My answer is
",1
fake_1049,1,99,5,1,61,1,3,"Today is November 5, 2024. Racially, I am white. Politically, I am an independent who leans Republican. I attend church. I am 61 years old. I am a man. I am not very interested in politics.. Question: Do you think the federal government should be doing more about the opioid drug addiction issue, should be doing less, or is it currently doing the right amount?

Answer choices:
1. Should be doing more 2. Should be doing less 3. Is doing the right amount

When answering, respond ONLY with a single number that corresponds to the option you choose. Do not include any additional text, punctuation or explanation.

My answer is
",1
fake_1050,1,4,7,-1,62,2,1,"Today is November 5, 2024. Racially, I am white. Ideologically, I am moderate. Politically, I am a strong Republican. I am 62 years old. I am a woman. I am very interested in politics.. Question: Do you think the federal government should be doing more about the opioid drug addiction issue, should be doing less, or is it currently doing the right amount?

Answer choices:
1. Should be doing more 2. Should be doing less 3. Is doing the right amount

When answering, respond ONLY with a single number that corresponds to the option you choose. Do not include any additional text, punctuation or explanation.

My answer is
",1
fake_1051,1,6,3,1,44,2,3,"Today is November 5, 2024. Racially, I am white. Ideologically, I am conservative. Politically, I am an independent who leans Democratic. I attend church. I am 44 years old. I am a woman. I am not very interested in politics.. Question: Do you think the federal government should be doing more about the opioid drug addiction issue, should be doing less, or is it currently doing the right amount?

Answer choices:
1. Should be doing more 2. Should be doing less 3. Is doing the right amount

When answering, respond ONLY with a single number that corresponds to the option you choose. Do not include any additional text, punctuation or explanation.

My answer is
",1
fake_1052,1,2,5,2,63,2,2,"Today is November 5, 2024. Racially, I am white. Ideologically, I am liberal. Politically, I am an independent who leans Republican. I do not attend church. I am 63 years old. I am a woman. I am somewhat interested in politics.. Question: Do you think the federal government should be doing more about the opioid drug addiction issue, should be doing less, or is it currently doing the right amount?

Answer choices:
1. Should be doing more 2. Should be doing less 3. Is doing the right amount

When answering, respond ONLY with a single number that corresponds to the option you choose. Do not include any additional text, punctuation or explanation.

My answer is
",1
fake_1053,1,2,5,2,80,1,-6,"Today is November 5, 2024. Racially, I am white. Ideologically, I am liberal. Politically, I am an independent who leans Republican. I do not attend church. I am 80 years old. I am a man.. Question: Do you think the federal government should be doing more about the opioid drug addiction issue, should be doing less, or is it currently doing the right amount?

Answer choices:
1. Should be doing more 2. Should be doing less 3. Is doing the right amount

When answering, respond ONLY with a single number that corresponds to the option you choose. Do not include any additional text, punctuation or explanation.

My answer is
",1
fake_1054,1,2,5,1,40,2,2,"Today is November 5, 2024. Racially, I am white. Ideologically, I am liberal. Politically, I am an independent who leans Republican. I attend church. I am 40 years old. I am a woman. I am somewhat interested in politics.. Question: Do you think the federal government should be doing more about the opioid drug addiction issue, should be doing less, or is it currently doing the right amount?

Answer choices:
1. Should be doing more 2. Should be doing less 3. Is doing the right amount

When answering, respond ONLY with a single number that corresponds to the option you choose. Do not include any additional text, punctuation or explanation.

My answer is
",1
fake_1055,1,2,6,-1,75,1,2,"Today is November 5, 2024. Racially, I am white. Ideologically, I am liberal. Politically, I am a weak Republican. I am 75 years old. I am a man. I am somewhat interested in politics.. Question: Do you think the federal government should be doing more about the opioid drug addiction issue, should be doing less, or is it currently doing the right amount?

Answer choices:
1. Should be doing more 2. Should be doing less 3. Is doing the right amount

When answering, respond ONLY with a single number that corresponds to the option you choose. Do not include any additional text, punctuation or explanation.

My answer is
",1
fake_1056,3,4,1,1,39,1,2,"Today is November 5, 2024. Racially, I am hispanic. Ideologically, I am moderate. Politically, I am a strong democrat. I attend church. I am 39 years old. I am a man. I am somewhat interested in politics.. Question: Do you think the federal government should be doing more about the opioid drug addiction issue, should be doing less, or is it currently doing the right amount?

Answer choices:
1. Should be doing more 2. Should be doing less 3. Is doing the right amount

When answering, respond ONLY with a single number that corresponds to the option you choose. Do not include any additional text, punctuation or explanation.

My answer is
",1
fake_1057,4,5,4,1,80,1,2,"Today is November 5, 2024. Racially, I am asian. Ideologically, I am slightly conservative. Politically, I am an independent. I attend church. I am 80 years old. I am a man. I am somewhat interested in politics.. Question: Do you think the federal government should be doing more about the opioid drug addiction issue, should be doing less, or is it currently doing the right amount?

Answer choices:
1. Should be doing more 2. Should be doing less 3. Is doing the right amount

When answering, respond ONLY with a single number that corresponds to the option you choose. Do not include any additional text, punctuation or explanation.

My answer is
",1
fake_1058,6,4,4,1,47,2,4,"Today is November 5, 2024. Ideologically, I am moderate. Politically, I am an independent. I attend church. I am 47 years old. I am a woman. I am not at all interested in politics.. Question: Do you think the federal government should be doing more about the opioid drug addiction issue, should be doing less, or is it currently doing the right amount?

Answer choices:
1. Should be doing more 2. Should be doing less 3. Is doing the right amount

When answering, respond ONLY with a single number that corresponds to the option you choose. Do not include any additional text, punctuation or explanation.

My answer is
",1
fake_1059,3,99,7,1,52,1,1,"Today is November 5, 2024. Racially, I am hispanic. Politically, I am a strong Republican. I attend church. I am 52 years old. I am a man. I am very interested in politics.. Question: Do you think the federal government should be doing more about the opioid drug addiction issue, should be doing less, or is it currently doing the right amount?

Answer choices:
1. Should be doing more 2. Should be doing less 3. Is doing the right amount

When answering, respond ONLY with a single number that corresponds to the option you choose. Do not include any additional text, punctuation or explanation.

My answer is
",1
fake_1060,1,5,6,1,-2,1,2,"Today is November 5, 2024. Racially, I am white. Ideologically, I am slightly conservative. Politically, I am a weak Republican. I attend church. I am a man. I am somewhat interested in politics.. Question: Do you think the federal government should be doing more about the opioid drug addiction issue, should be doing less, or is it currently doing the right amount?

Answer choices:
1. Should be doing more 2. Should be doing less 3. Is doing the right amount

When answering, respond ONLY with a single number that corresponds to the option you choose. Do not include any additional text, punctuation or explanation.

My answer is
",1
fake_1061,1,6,3,2,61,2,-6,"Today is November 5, 2024. Racially, I am white. Ideologically, I am conservative. Politically, I am an independent who leans Democratic. I do not attend church. I am 61 years old. I am a woman.. Question: Do you think the federal government should be doing more about the opioid drug addiction issue, should be doing less, or is it currently doing the right amount?

Answer choices:
1. Should be doing more 2. Should be doing less 3. Is doing the right amount

When answering, respond ONLY with a single number that corresponds to the option you choose. Do not include any additional text, punctuation or explanation.

My answer is
",1
fake_1062,1,6,6,1,67,2,4,"Today is November 5, 2024. Racially, I am white. Ideologically, I am conservative. Politically, I am a weak Republican. I attend church. I am 67 years old. I am a woman. I am not at all interested in politics.. Question: Do you think the federal government should be doing more about the opioid drug addiction issue, should be doing less, or is it currently doing the right amount?

Answer choices:
1. Should be doing more 2. Should be doing less 3. Is doing the right amount

When answering, respond ONLY with a single number that corresponds to the option you choose. Do not include any additional text, punctuation or explanation.

My answer is
",1
fake_1063,1,2,1,2,80,1,4,"Today is November 5, 2024. Racially, I am white. Ideologically, I am liberal. Politically, I am a strong democrat. I do not attend church. I am 80 years old. I am a man. I am not at all interested in politics.. Question: Do you think the federal government should be doing more about the opioid drug addiction issue, should be doing less, or is it currently doing the right amount?

Answer choices:
1. Should be doing more 2. Should be doing less 3. Is doing the right amount

When answering, respond ONLY with a single number that corresponds to the option you choose. Do not include any additional text, punctuation or explanation.

My answer is
",1
fake_1064,1,7,6,1,39,2,2,"Today is November 5, 2024. Racially, I am white. Ideologically, I am extremely conservative. Politically, I am a weak Republican. I attend church. I am 39 years old. I am a woman. I am somewhat interested in politics.. Question: Do you think the federal government should be doing more about the opioid drug addiction issue, should be doing less, or is it currently doing the right amount?

Answer choices:
1. Should be doing more 2. Should be doing less 3. Is doing the right amount

When answering, respond ONLY with a single number that corresponds to the option you choose. Do not include any additional text, punctuation or explanation.

My answer is
",1
fake_1065,1,1,5,-1,80,1,-6,"Today is November 5, 2024. Racially, I am white. Ideologically, I am extremely liberal. Politically, I am an independent who leans Republican. I am 80 years old. I am a man.. Question: Do you think the federal government should be doing more about the opioid drug addiction issue, should be doing less, or is it currently doing the right amount?

Answer choices:
1. Should be doing more 2. Should be doing less 3. Is doing the right amount

When answering, respond ONLY with a single number that corresponds to the option you choose. Do not include any additional text, punctuation or explanation.

My answer is
",1
fake_1066,3,4,1,1,40,1,2,"Today is November 5, 2024. Racially, I am hispanic. Ideologically, I am moderate. Politically, I am a strong democrat. I attend church. I am 40 years old. I am a man. I am somewhat interested in politics.. Question: Do you think the federal government should be doing more about the opioid drug addiction issue, should be doing less, or is it currently doing the right amount?

Answer choices:
1. Should be doing more 2. Should be doing less 3. Is doing the right amount

When answering, respond ONLY with a single number that corresponds to the option you choose. Do not include any additional text, punctuation or explanation.

My answer is
",1
fake_1067,3,4,2,1,62,2,2,"Today is November 5, 2024. Racially, I am hispanic. Ideologically, I am moderate. Politically, I am a weak Democrat. I attend church. I am 62 years old. I am a woman. I am somewhat interested in politics.. Question: Do you think the federal government should be doing more about the opioid drug addiction issue, should be doing less, or is it currently doing the right amount?

Answer choices:
1. Should be doing more 2. Should be doing less 3. Is doing the right amount

When answering, respond ONLY with a single number that corresponds to the option you choose. Do not include any additional text, punctuation or explanation.

My answer is
",1
fake_1068,1,7,2,2,72,2,3,"Today is November 5, 2024. Racially, I am white. Ideologically, I am extremely conservative. Politically, I am a weak Democrat. I do not attend church. I am 72 years old. I am a woman. I am not very interested in politics.. Question: Do you think the federal government should be doing more about the opioid drug addiction issue, should be doing less, or is it currently doing the right amount?

Answer choices:
1. Should be doing more 2. Should be doing less 3. Is doing the right amount

When answering, respond ONLY with a single number that corresponds to the option you choose. Do not include any additional text, punctuation or explanation.

My answer is
",1
fake_1069,1,5,1,2,61,-9,-6,"Today is November 5, 2024. Racially, I am white. Ideologically, I am slightly conservative. Politically, I am a strong democrat. I do not attend church. I am 61 years old.. Question: Do you think the federal government should be doing more about the opioid drug addiction issue, should be doing less, or is it currently doing the right amount?

Answer choices:
1. Should be doing more 2. Should be doing less 3. Is doing the right amount

When answering, respond ONLY with a single number that corresponds to the option you choose. Do not include any additional text, punctuation or explanation.

My answer is
",1
fake_1070,1,4,2,1,52,1,2,"Today is November 5, 2024. Racially, I am white. Ideologically, I am moderate. Politically, I am a weak Democrat. I attend church. I am 52 years old. I am a man. I am somewhat interested in politics.. Question: Do you think the federal government should be doing more about the opioid drug addiction issue, should be doing less, or is it currently doing the right amount?

Answer choices:
1. Should be doing more 2. Should be doing less 3. Is doing the right amount

When answering, respond ONLY with a single number that corresponds to the option you choose. Do not include any additional text, punctuation or explanation.

My answer is
",1
fake_1071,1,2,6,2,63,1,1,"Today is November 5, 2024. Racially, I am white. Ideologically, I am liberal. Politically, I am a weak Republican. I do not attend church. I am 63 years old. I am a man. I am very interested in politics.. Question: Do you think the federal government should be doing more about the opioid drug addiction issue, should be doing less, or is it currently doing the right amount?

Answer choices:
1. Should be doing more 2. Should be doing less 3. Is doing the right amount

When answering, respond ONLY with a single number that corresponds to the option you choose. Do not include any additional text, punctuation or explanation.

My answer is
",1
fake_1072,1,2,2,2,61,1,2,"Today is November 5, 2024. Racially, I am white. Ideologically, I am liberal. Politically, I am a weak Democrat. I do not attend church. I am 61 years old. I am a man. I am somewhat interested in politics.. Question: Do you think the federal government should be doing more about the opioid drug addiction issue, should be doing less, or is it currently doing the right amount?

Answer choices:
1. Should be doing more 2. Should be doing less 3. Is doing the right amount

When answering, respond ONLY with a single number that corresponds to the option you choose. Do not include any additional text, punctuation or explanation.

My answer is
",1
fake_1073,-9,4,5,1,79,2,2,"Today is November 5, 2024. Ideologically, I am moderate. Politically, I am an independent who leans Republican. I attend church. I am 79 years old. I am a woman. I am somewhat interested in politics.. Question: Do you think the federal government should be doing more about the opioid drug addiction issue, should be doing less, or is it currently doing the right amount?

Answer choices:
1. Should be doing more 2. Should be doing less 3. Is doing the right amount

When answering, respond ONLY with a single number that corresponds to the option you choose. Do not include any additional text, punctuation or explanation.

My answer is
",1
fake_1074,1,4,4,1,39,2,1,"Today is November 5, 2024. Racially, I am white. Ideologically, I am moderate. Politically, I am an independent. I attend church. I am 39 years old. I am a woman. I am very interested in politics.. Question: Do you think the federal government should be doing more about the opioid drug addiction issue, should be doing less, or is it currently doing the right amount?

Answer choices:
1. Should be doing more 2. Should be doing less 3. Is doing the right amount

When answering, respond ONLY with a single number that corresponds to the option you choose. Do not include any additional text, punctuation or explanation.

My answer is
",1
fake_1075,1,4,3,1,67,1,3,"Today is November 5, 2024. Racially, I am white. Ideologically, I am moderate. Politically, I am an independent who leans Democratic. I attend church. I am 67 years old. I am a man. I am not very interested in politics.. Question: Do you think the federal government should be doing more about the opioid drug addiction issue, should be doing less, or is it currently doing the right amount?

Answer choices:
1. Should be doing more 2. Should be doing less 3. Is doing the right amount

When answering, respond ONLY with a single number that corresponds to the option you choose. Do not include any additional text, punctuation or explanation.

My answer is
",1
fake_1076,1,4,7,1,65,2,3,"Today is November 5, 2024. Racially, I am white. Ideologically, I am moderate. Politically, I am a strong Republican. I attend church. I am 65 years old. I am a woman. I am not very interested in politics.. Question: Do you think the federal government should be doing more about the opioid drug addiction issue, should be doing less, or is it currently doing the right amount?

Answer choices:
1. Should be doing more 2. Should be doing less 3. Is doing the right amount

When answering, respond ONLY with a single number that corresponds to the option you choose. Do not include any additional text, punctuation or explanation.

My answer is
",1
fake_1077,2,4,3,1,45,1,3,"Today is November 5, 2024. Racially, I am black. Ideologically, I am moderate. Politically, I am an independent who leans Democratic. I attend church. I am 45 years old. I am a man. I am not very interested in politics.. Question: Do you think the federal government should be doing more about the opioid drug addiction issue, should be doing less, or is it currently doing the right amount?

Answer choices:
1. Should be doing more 2. Should be doing less 3. Is doing the right amount

When answering, respond ONLY with a single number that corresponds to the option you choose. Do not include any additional text, punctuation or explanation.

My answer is
",1
fake_1078,2,4,6,1,47,2,2,"Today is November 5, 2024. Racially, I am black. Ideologically, I am moderate. Politically, I am a weak Republican. I attend church. I am 47 years old. I am a woman. I am somewhat interested in politics.. Question: Do you think the federal government should be doing more about the opioid drug addiction issue, should be doing less, or is it currently doing the right amount?

Answer choices:
1. Should be doing more 2. Should be doing less 3. Is doing the right amount

When answering, respond ONLY with a single number that corresponds to the option you choose. Do not include any additional text, punctuation or explanation.

My answer is
",1
fake_1079,1,4,1,1,24,2,3,"Today is November 5, 2024. Racially, I am white. Ideologically, I am moderate. Politically, I am a strong democrat. I attend church. I am 24 years old. I am a woman. I am not very interested in politics.. Question: Do you think the federal government should be doing more about the opioid drug addiction issue, should be doing less, or is it currently doing the right amount?

Answer choices:
1. Should be doing more 2. Should be doing less 3. Is doing the right amount

When answering, respond ONLY with a single number that corresponds to the option you choose. Do not include any additional text, punctuation or explanation.

My answer is
",1
fake_1080,1,99,4,1,67,2,2,"Today is November 5, 2024. Racially, I am white. Politically, I am an independent. I attend church. I am 67 years old. I am a woman. I am somewhat interested in politics.. Question: Do you think the federal government should be doing more about the opioid drug addiction issue, should be doing less, or is it currently doing the right amount?

Answer choices:
1. Should be doing more 2. Should be doing less 3. Is doing the right amount

When answering, respond ONLY with a single number that corresponds to the option you choose. Do not include any additional text, punctuation or explanation.

My answer is
",1
fake_1081,1,5,1,2,62,1,-6,"Today is November 5, 2024. Racially, I am white. Ideologically, I am slightly conservative. Politically, I am a strong democrat. I do not attend church. I am 62 years old. I am a man.. Question: Do you think the federal government should be doing more about the opioid drug addiction issue, should be doing less, or is it currently doing the right amount?

Answer choices:
1. Should be doing more 2. Should be doing less 3. Is doing the right amount

When answering, respond ONLY with a single number that corresponds to the option you choose. Do not include any additional text, punctuation or explanation.

My answer is
",1
fake_1082,1,3,6,1,77,2,1,"Today is November 5, 2024. Racially, I am white. Ideologically, I am slightly liberal. Politically, I am a weak Republican. I attend church. I am 77 years old. I am a woman. I am very interested in politics.. Question: Do you think the federal government should be doing more about the opioid drug addiction issue, should be doing less, or is it currently doing the right amount?

Answer choices:
1. Should be doing more 2. Should be doing less 3. Is doing the right amount

When answering, respond ONLY with a single number that corresponds to the option you choose. Do not include any additional text, punctuation or explanation.

My answer is
",1
fake_1083,1,4,2,2,41,1,2,"Today is November 5, 2024. Racially, I am white. Ideologically, I am moderate. Politically, I am a weak Democrat. I do not attend church. I am 41 years old. I am a man. I am somewhat interested in politics.. Question: Do you think the federal government should be doing more about the opioid drug addiction issue, should be doing less, or is it currently doing the right amount?

Answer choices:
1. Should be doing more 2. Should be doing less 3. Is doing the right amount

When answering, respond ONLY with a single number that corresponds to the option you choose. Do not include any additional text, punctuation or explanation.

My answer is
",1
fake_1084,3,4,6,2,49,2,1,"Today is November 5, 2024. Racially, I am hispanic. Ideologically, I am moderate. Politically, I am a weak Republican. I do not attend church. I am 49 years old. I am a woman. I am very interested in politics.. Question: Do you think the federal government should be doing more about the opioid drug addiction issue, should be doing less, or is it currently doing the right amount?

Answer choices:
1. Should be doing more 2. Should be doing less 3. Is doing the right amount

When answering, respond ONLY with a single number that corresponds to the option you choose. Do not include any additional text, punctuation or explanation.

My answer is
",1
fake_1085,1,1,7,2,45,2,-6,"Today is November 5, 2024. Racially, I am white. Ideologically, I am extremely liberal. Politically, I am a strong Republican. I do not attend church. I am 45 years old. I am a woman.. Question: Do you think the federal government should be doing more about the opioid drug addiction issue, should be doing less, or is it currently doing the right amount?

Answer choices:
1. Should be doing more 2. Should be doing less 3. Is doing the right amount

When answering, respond ONLY with a single number that corresponds to the option you choose. Do not include any additional text, punctuation or explanation.

My answer is
",1
fake_1086,-9,5,2,-1,21,1,3,"Today is November 5, 2024. Ideologically, I am slightly conservative. Politically, I am a weak Democrat. I am 21 years old. I am a man. I am not very interested in politics.. Question: Do you think the federal government should be doing more about the opioid drug addiction issue, should be doing less, or is it currently doing the right amount?

Answer choices:
1. Should be doing more 2. Should be doing less 3. Is doing the right amount

When answering, respond ONLY with a single number that corresponds to the option you choose. Do not include any additional text, punctuation or explanation.

My answer is
",1
fake_1087,1,1,5,1,61,2,2,"Today is November 5, 2024. Racially, I am white. Ideologically, I am extremely liberal. Politically, I am an independent who leans Republican. I attend church. I am 61 years old. I am a woman. I am somewhat interested in politics.. Question: Do you think the federal government should be doing more about the opioid drug addiction issue, should be doing less, or is it currently doing the right amount?

Answer choices:
1. Should be doing more 2. Should be doing less 3. Is doing the right amount

When answering, respond ONLY with a single number that corresponds to the option you choose. Do not include any additional text, punctuation or explanation.

My answer is
",1
fake_1088,1,1,5,2,80,2,2,"Today is November 5, 2024. Racially, I am white. Ideologically, I am extremely liberal. Politically, I am an independent who leans Republican. I do not attend church. I am 80 years old. I am a woman. I am somewhat interested in politics.. Question: Do you think the federal government should be doing more about the opioid drug addiction issue, should be doing less, or is it currently doing the right amount?

Answer choices:
1. Should be doing more 2. Should be doing less 3. Is doing the right amount

When answering, respond ONLY with a single number that corresponds to the option you choose. Do not include any additional text, punctuation or explanation.

My answer is
",1
fake_1089,1,4,2,2,35,1,2,"Today is November 5, 2024. Racially, I am white. Ideologically, I am moderate. Politically, I am a weak Democrat. I do not attend church. I am 35 years old. I am a man. I am somewhat interested in politics.. Question: Do you think the federal government should be doing more about the opioid drug addiction issue, should be doing less, or is it currently doing the right amount?

Answer choices:
1. Should be doing more 2. Should be doing less 3. Is doing the right amount

When answering, respond ONLY with a single number that corresponds to the option you choose. Do not include any additional text, punctuation or explanation.

My answer is
",1
fake_1090,1,4,1,2,76,1,3,"Today is November 5, 2024. Racially, I am white. Ideologically, I am moderate. Politically, I am a strong democrat. I do not attend church. I am 76 years old. I am a man. I am not very interested in politics.. Question: Do you think the federal government should be doing more about the opioid drug addiction issue, should be doing less, or is it currently doing the right amount?

Answer choices:
1. Should be doing more 2. Should be doing less 3. Is doing the right amount

When answering, respond ONLY with a single number that corresponds to the option you choose. Do not include any additional text, punctuation or explanation.

My answer is
",1
fake_1091,1,2,7,1,73,2,2,"Today is November 5, 2024. Racially, I am white. Ideologically, I am liberal. Politically, I am a strong Republican. I attend church. I am 73 years old. I am a woman. I am somewhat interested in politics.. Question: Do you think the federal government should be doing more about the opioid drug addiction issue, should be doing less, or is it currently doing the right amount?

Answer choices:
1. Should be doing more 2. Should be doing less 3. Is doing the right amount

When answering, respond ONLY with a single number that corresponds to the option you choose. Do not include any additional text, punctuation or explanation.

My answer is
",1
fake_1092,1,99,7,1,77,1,4,"Today is November 5, 2024. Racially, I am white. Politically, I am a strong Republican. I attend church. I am 77 years old. I am a man. I am not at all interested in politics.. Question: Do you think the federal government should be doing more about the opioid drug addiction issue, should be doing less, or is it currently doing the right amount?

Answer choices:
1. Should be doing more 2. Should be doing less 3. Is doing the right amount

When answering, respond ONLY with a single number that corresponds to the option you choose. Do not include any additional text, punctuation or explanation.

My answer is
",1
fake_1093,1,3,3,1,54,1,1,"Today is November 5, 2024. Racially, I am white. Ideologically, I am slightly liberal. Politically, I am an independent who leans Democratic. I attend church. I am 54 years old. I am a man. I am very interested in politics.. Question: Do you think the federal government should be doing more about the opioid drug addiction issue, should be doing less, or is it currently doing the right amount?

Answer choices:
1. Should be doing more 2. Should be doing less 3. Is doing the right amount

When answering, respond ONLY with a single number that corresponds to the option you choose. Do not include any additional text, punctuation or explanation.

My answer is
",1
fake_1094,1,4,3,1,58,2,4,"Today is November 5, 2024. Racially, I am white. Ideologically, I am moderate. Politically, I am an independent who leans Democratic. I attend church. I am 58 years old. I am a woman. I am not at all interested in politics.. Question: Do you think the federal government should be doing more about the opioid drug addiction issue, should be doing less, or is it currently doing the right amount?

Answer choices:
1. Should be doing more 2. Should be doing less 3. Is doing the right amount

When answering, respond ONLY with a single number that corresponds to the option you choose. Do not include any additional text, punctuation or explanation.

My answer is
",1
fake_1095,1,5,7,2,51,1,3,"Today is November 5, 2024. Racially, I am white. Ideologically, I am slightly conservative. Politically, I am a strong Republican. I do not attend church. I am 51 years old. I am a man. I am not very interested in politics.. Question: Do you think the federal government should be doing more about the opioid drug addiction issue, should be doing less, or is it currently doing the right amount?

Answer choices:
1. Should be doing more 2. Should be doing less 3. Is doing the right amount

When answering, respond ONLY with a single number that corresponds to the option you choose. Do not include any additional text, punctuation or explanation.

My answer is
",1
fake_1096,1,5,7,1,45,1,3,"Today is November 5, 2024. Racially, I am white. Ideologically, I am slightly conservative. Politically, I am a strong Republican. I attend church. I am 45 years old. I am a man. I am not very interested in politics.. Question: Do you think the federal government should be doing more about the opioid drug addiction issue, should be doing less, or is it currently doing the right amount?

Answer choices:
1. Should be doing more 2. Should be doing less 3. Is doing the right amount

When answering, respond ONLY with a single number that corresponds to the option you choose. Do not include any additional text, punctuation or explanation.

My answer is
",1
fake_1097,-9,7,3,2,65,1,2,"Today is November 5, 2024. Ideologically, I am extremely conservative. Politically, I am an independent who leans Democratic. I do not attend church. I am 65 years old. I am a man. I am somewhat interested in politics.. Question: Do you think the federal government should be doing more about the opioid drug addiction issue, should be doing less, or is it currently doing the right amount?

Answer choices:
1. Should be doing more 2. Should be doing less 3. Is doing the right amount

When answering, respond ONLY with a single number that corresponds to the option you choose. Do not include any additional text, punctuation or explanation.

My answer is
",1
fake_1098,2,6,7,1,41,2,2,"Today is November 5, 2024. Racially, I am black. Ideologically, I am conservative. Politically, I am a strong Republican. I attend church. I am 41 years old. I am a woman. I am somewhat interested in politics.. Question: Do you think the federal government should be doing more about the opioid drug addiction issue, should be doing less, or is it currently doing the right amount?

Answer choices:
1. Should be doing more 2. Should be doing less 3. Is doing the right amount

When answering, respond ONLY with a single number that corresponds to the option you choose. Do not include any additional text, punctuation or explanation.

My answer is
",1
fake_1099,1,6,7,1,34,2,-6,"Today is November 5, 2024. Racially, I am white. Ideologically, I am conservative. Politically, I am a strong Republican. I attend church. I am 34 years old. I am a woman.. Question: Do you think the federal government should be doing more about the opioid drug addiction issue, should be doing less, or is it currently doing the right amount?

Answer choices:
1. Should be doing more 2. Should be doing less 3. Is doing the right amount

When answering, respond ONLY with a single number that corresponds to the option you choose. Do not include any additional text, punctuation or explanation.

My answer is
",1
fake_1100,1,4,1,2,31,2,4,"Today is November 5, 2024. Racially, I am white. Ideologically, I am moderate. Politically, I am a strong democrat. I do not attend church. I am 31 years old. I am a woman. I am not at all interested in politics.. Question: Do you think the federal government should be doing more about the opioid drug addiction issue, should be doing less, or is it currently doing the right amount?

Answer choices:
1. Should be doing more 2. Should be doing less 3. Is doing the right amount

When answering, respond ONLY with a single number that corresponds to the option you choose. Do not include any additional text, punctuation or explanation.

My answer is
",1
fake_1101,3,7,7,1,45,2,1,"Today is November 5, 2024. Racially, I am hispanic. Ideologically, I am extremely conservative. Politically, I am a strong Republican. I attend church. I am 45 years old. I am a woman. I am very interested in politics.. Question: Do you think the federal government should be doing more about the opioid drug addiction issue, should be doing less, or is it currently doing the right amount?

Answer choices:
1. Should be doing more 2. Should be doing less 3. Is doing the right amount

When answering, respond ONLY with a single number that corresponds to the option you choose. Do not include any additional text, punctuation or explanation.

My answer is
",1
fake_1102,1,6,5,1,69,2,2,"Today is November 5, 2024. Racially, I am white. Ideologically, I am conservative. Politically, I am an independent who leans Republican. I attend church. I am 69 years old. I am a woman. I am somewhat interested in politics.. Question: Do you think the federal government should be doing more about the opioid drug addiction issue, should be doing less, or is it currently doing the right amount?

Answer choices:
1. Should be doing more 2. Should be doing less 3. Is doing the right amount

When answering, respond ONLY with a single number that corresponds to the option you choose. Do not include any additional text, punctuation or explanation.

My answer is
",1
fake_1103,1,6,7,1,29,1,2,"Today is November 5, 2024. Racially, I am white. Ideologically, I am conservative. Politically, I am a strong Republican. I attend church. I am 29 years old. I am a man. I am somewhat interested in politics.. Question: Do you think the federal government should be doing more about the opioid drug addiction issue, should be doing less, or is it currently doing the right amount?

Answer choices:
1. Should be doing more 2. Should be doing less 3. Is doing the right amount

When answering, respond ONLY with a single number that corresponds to the option you choose. Do not include any additional text, punctuation or explanation.

My answer is
",1
fake_1104,1,6,7,-1,33,2,1,"Today is November 5, 2024. Racially, I am white. Ideologically, I am conservative. Politically, I am a strong Republican. I am 33 years old. I am a woman. I am very interested in politics.. Question: Do you think the federal government should be doing more about the opioid drug addiction issue, should be doing less, or is it currently doing the right amount?

Answer choices:
1. Should be doing more 2. Should be doing less 3. Is doing the right amount

When answering, respond ONLY with a single number that corresponds to the option you choose. Do not include any additional text, punctuation or explanation.

My answer is
",1
fake_1105,1,6,7,2,67,2,-6,"Today is November 5, 2024. Racially, I am white. Ideologically, I am conservative. Politically, I am a strong Republican. I do not attend church. I am 67 years old. I am a woman.. Question: Do you think the federal government should be doing more about the opioid drug addiction issue, should be doing less, or is it currently doing the right amount?

Answer choices:
1. Should be doing more 2. Should be doing less 3. Is doing the right amount

When answering, respond ONLY with a single number that corresponds to the option you choose. Do not include any additional text, punctuation or explanation.

My answer is
",1
fake_1106,4,4,7,1,76,1,1,"Today is November 5, 2024. Racially, I am asian. Ideologically, I am moderate. Politically, I am a strong Republican. I attend church. I am 76 years old. I am a man. I am very interested in politics.. Question: Do you think the federal government should be doing more about the opioid drug addiction issue, should be doing less, or is it currently doing the right amount?

Answer choices:
1. Should be doing more 2. Should be doing less 3. Is doing the right amount

When answering, respond ONLY with a single number that corresponds to the option you choose. Do not include any additional text, punctuation or explanation.

My answer is
",1
fake_1107,4,3,6,1,24,1,2,"Today is November 5, 2024. Racially, I am asian. Ideologically, I am slightly liberal. Politically, I am a weak Republican. I attend church. I am 24 years old. I am a man. I am somewhat interested in politics.. Question: Do you think the federal government should be doing more about the opioid drug addiction issue, should be doing less, or is it currently doing the right amount?

Answer choices:
1. Should be doing more 2. Should be doing less 3. Is doing the right amount

When answering, respond ONLY with a single number that corresponds to the option you choose. Do not include any additional text, punctuation or explanation.

My answer is
",1
fake_1108,1,6,2,2,20,1,-6,"Today is November 5, 2024. Racially, I am white. Ideologically, I am conservative. Politically, I am a weak Democrat. I do not attend church. I am 20 years old. I am a man.. Question: Do you think the federal government should be doing more about the opioid drug addiction issue, should be doing less, or is it currently doing the right amount?

Answer choices:
1. Should be doing more 2. Should be doing less 3. Is doing the right amount

When answering, respond ONLY with a single number that corresponds to the option you choose. Do not include any additional text, punctuation or explanation.

My answer is
",1
fake_1109,3,2,1,1,39,1,3,"Today is November 5, 2024. Racially, I am hispanic. Ideologically, I am liberal. Politically, I am a strong democrat. I attend church. I am 39 years old. I am a man. I am not very interested in politics.. Question: Do you think the federal government should be doing more about the opioid drug addiction issue, should be doing less, or is it currently doing the right amount?

Answer choices:
1. Should be doing more 2. Should be doing less 3. Is doing the right amount

When answering, respond ONLY with a single number that corresponds to the option you choose. Do not include any additional text, punctuation or explanation.

My answer is
",1
fake_1110,1,4,1,2,34,1,3,"Today is November 5, 2024. Racially, I am white. Ideologically, I am moderate. Politically, I am a strong democrat. I do not attend church. I am 34 years old. I am a man. I am not very interested in politics.. Question: Do you think the federal government should be doing more about the opioid drug addiction issue, should be doing less, or is it currently doing the right amount?

Answer choices:
1. Should be doing more 2. Should be doing less 3. Is doing the right amount

When answering, respond ONLY with a single number that corresponds to the option you choose. Do not include any additional text, punctuation or explanation.

My answer is
",1
fake_1111,1,3,7,1,78,2,4,"Today is November 5, 2024. Racially, I am white. Ideologically, I am slightly liberal. Politically, I am a strong Republican. I attend church. I am 78 years old. I am a woman. I am not at all interested in politics.. Question: Do you think the federal government should be doing more about the opioid drug addiction issue, should be doing less, or is it currently doing the right amount?

Answer choices:
1. Should be doing more 2. Should be doing less 3. Is doing the right amount

When answering, respond ONLY with a single number that corresponds to the option you choose. Do not include any additional text, punctuation or explanation.

My answer is
",1
fake_1112,1,4,7,2,80,1,3,"Today is November 5, 2024. Racially, I am white. Ideologically, I am moderate. Politically, I am a strong Republican. I do not attend church. I am 80 years old. I am a man. I am not very interested in politics.. Question: Do you think the federal government should be doing more about the opioid drug addiction issue, should be doing less, or is it currently doing the right amount?

Answer choices:
1. Should be doing more 2. Should be doing less 3. Is doing the right amount

When answering, respond ONLY with a single number that corresponds to the option you choose. Do not include any additional text, punctuation or explanation.

My answer is
",1
fake_1113,1,2,1,1,70,2,4,"Today is November 5, 2024. Racially, I am white. Ideologically, I am liberal. Politically, I am a strong democrat. I attend church. I am 70 years old. I am a woman. I am not at all interested in politics.. Question: Do you think the federal government should be doing more about the opioid drug addiction issue, should be doing less, or is it currently doing the right amount?

Answer choices:
1. Should be doing more 2. Should be doing less 3. Is doing the right amount

When answering, respond ONLY with a single number that corresponds to the option you choose. Do not include any additional text, punctuation or explanation.

My answer is
",1
fake_1114,6,5,1,1,60,2,1,"Today is November 5, 2024. Ideologically, I am slightly conservative. Politically, I am a strong democrat. I attend church. I am 60 years old. I am a woman. I am very interested in politics.. Question: Do you think the federal government should be doing more about the opioid drug addiction issue, should be doing less, or is it currently doing the right amount?

Answer choices:
1. Should be doing more 2. Should be doing less 3. Is doing the right amount

When answering, respond ONLY with a single number that corresponds to the option you choose. Do not include any additional text, punctuation or explanation.

My answer is
",1
fake_1115,3,99,1,2,57,2,3,"Today is November 5, 2024. Racially, I am hispanic. Politically, I am a strong democrat. I do not attend church. I am 57 years old. I am a woman. I am not very interested in politics.. Question: Do you think the federal government should be doing more about the opioid drug addiction issue, should be doing less, or is it currently doing the right amount?

Answer choices:
1. Should be doing more 2. Should be doing less 3. Is doing the right amount

When answering, respond ONLY with a single number that corresponds to the option you choose. Do not include any additional text, punctuation or explanation.

My answer is
",1
fake_1116,1,99,6,1,28,2,2,"Today is November 5, 2024. Racially, I am white. Politically, I am a weak Republican. I attend church. I am 28 years old. I am a woman. I am somewhat interested in politics.. Question: Do you think the federal government should be doing more about the opioid drug addiction issue, should be doing less, or is it currently doing the right amount?

Answer choices:
1. Should be doing more 2. Should be doing less 3. Is doing the right amount

When answering, respond ONLY with a single number that corresponds to the option you choose. Do not include any additional text, punctuation or explanation.

My answer is
",1
fake_1117,1,4,6,1,31,2,2,"Today is November 5, 2024. Racially, I am white. Ideologically, I am moderate. Politically, I am a weak Republican. I attend church. I am 31 years old. I am a woman. I am somewhat interested in politics.. Question: Do you think the federal government should be doing more about the opioid drug addiction issue, should be doing less, or is it currently doing the right amount?

Answer choices:
1. Should be doing more 2. Should be doing less 3. Is doing the right amount

When answering, respond ONLY with a single number that corresponds to the option you choose. Do not include any additional text, punctuation or explanation.

My answer is
",1
fake_1118,1,6,1,1,26,2,4,"Today is November 5, 2024. Racially, I am white. Ideologically, I am conservative. Politically, I am a strong democrat. I attend church. I am 26 years old. I am a woman. I am not at all interested in politics.. Question: Do you think the federal government should be doing more about the opioid drug addiction issue, should be doing less, or is it currently doing the right amount?

Answer choices:
1. Should be doing more 2. Should be doing less 3. Is doing the right amount

When answering, respond ONLY with a single number that corresponds to the option you choose. Do not include any additional text, punctuation or explanation.

My answer is
",1
fake_1119,1,99,7,1,80,1,3,"Today is November 5, 2024. Racially, I am white. Politically, I am a strong Republican. I attend church. I am 80 years old. I am a man. I am not very interested in politics.. Question: Do you think the federal government should be doing more about the opioid drug addiction issue, should be doing less, or is it currently doing the right amount?

Answer choices:
1. Should be doing more 2. Should be doing less 3. Is doing the right amount

When answering, respond ONLY with a single number that corresponds to the option you choose. Do not include any additional text, punctuation or explanation.

My answer is
",1
fake_1120,3,2,2,1,31,2,2,"Today is November 5, 2024. Racially, I am hispanic. Ideologically, I am liberal. Politically, I am a weak Democrat. I attend church. I am 31 years old. I am a woman. I am somewhat interested in politics.. Question: Do you think the federal government should be doing more about the opioid drug addiction issue, should be doing less, or is it currently doing the right amount?

Answer choices:
1. Should be doing more 2. Should be doing less 3. Is doing the right amount

When answering, respond ONLY with a single number that corresponds to the option you choose. Do not include any additional text, punctuation or explanation.

My answer is
",1
fake_1121,1,2,6,2,24,1,3,"Today is November 5, 2024. Racially, I am white. Ideologically, I am liberal. Politically, I am a weak Republican. I do not attend church. I am 24 years old. I am a man. I am not very interested in politics.. Question: Do you think the federal government should be doing more about the opioid drug addiction issue, should be doing less, or is it currently doing the right amount?

Answer choices:
1. Should be doing more 2. Should be doing less 3. Is doing the right amount

When answering, respond ONLY with a single number that corresponds to the option you choose. Do not include any additional text, punctuation or explanation.

My answer is
",1
fake_1122,2,99,1,2,45,1,2,"Today is November 5, 2024. Racially, I am black. Politically, I am a strong democrat. I do not attend church. I am 45 years old. I am a man. I am somewhat interested in politics.. Question: Do you think the federal government should be doing more about the opioid drug addiction issue, should be doing less, or is it currently doing the right amount?

Answer choices:
1. Should be doing more 2. Should be doing less 3. Is doing the right amount

When answering, respond ONLY with a single number that corresponds to the option you choose. Do not include any additional text, punctuation or explanation.

My answer is
",1
fake_1123,1,4,3,1,55,1,2,"Today is November 5, 2024. Racially, I am white. Ideologically, I am moderate. Politically, I am an independent who leans Democratic. I attend church. I am 55 years old. I am a man. I am somewhat interested in politics.. Question: Do you think the federal government should be doing more about the opioid drug addiction issue, should be doing less, or is it currently doing the right amount?

Answer choices:
1. Should be doing more 2. Should be doing less 3. Is doing the right amount

When answering, respond ONLY with a single number that corresponds to the option you choose. Do not include any additional text, punctuation or explanation.

My answer is
",1
fake_1124,2,5,1,2,39,2,-6,"Today is November 5, 2024. Racially, I am black. Ideologically, I am slightly conservative. Politically, I am a strong democrat. I do not attend church. I am 39 years old. I am a woman.. Question: Do you think the federal government should be doing more about the opioid drug addiction issue, should be doing less, or is it currently doing the right amount?

Answer choices:
1. Should be doing more 2. Should be doing less 3. Is doing the right amount

When answering, respond ONLY with a single number that corresponds to the option you choose. Do not include any additional text, punctuation or explanation.

My answer is
",1
fake_1125,1,6,3,1,46,2,3,"Today is November 5, 2024. Racially, I am white. Ideologically, I am conservative. Politically, I am an independent who leans Democratic. I attend church. I am 46 years old. I am a woman. I am not very interested in politics.. Question: Do you think the federal government should be doing more about the opioid drug addiction issue, should be doing less, or is it currently doing the right amount?

Answer choices:
1. Should be doing more 2. Should be doing less 3. Is doing the right amount

When answering, respond ONLY with a single number that corresponds to the option you choose. Do not include any additional text, punctuation or explanation.

My answer is
",1
fake_1126,1,2,2,2,47,2,2,"Today is November 5, 2024. Racially, I am white. Ideologically, I am liberal. Politically, I am a weak Democrat. I do not attend church. I am 47 years old. I am a woman. I am somewhat interested in politics.. Question: Do you think the federal government should be doing more about the opioid drug addiction issue, should be doing less, or is it currently doing the right amount?

Answer choices:
1. Should be doing more 2. Should be doing less 3. Is doing the right amount

When answering, respond ONLY with a single number that corresponds to the option you choose. Do not include any additional text, punctuation or explanation.

My answer is
",1
fake_1127,2,3,5,1,44,-9,2,"Today is November 5, 2024. Racially, I am black. Ideologically, I am slightly liberal. Politically, I am an independent who leans Republican. I attend church. I am 44 years old. I am somewhat interested in politics.. Question: Do you think the federal government should be doing more about the opioid drug addiction issue, should be doing less, or is it currently doing the right amount?

Answer choices:
1. Should be doing more 2. Should be doing less 3. Is doing the right amount

When answering, respond ONLY with a single number that corresponds to the option you choose. Do not include any additional text, punctuation or explanation.

My answer is
",1
fake_1128,1,5,7,2,28,2,2,"Today is November 5, 2024. Racially, I am white. Ideologically, I am slightly conservative. Politically, I am a strong Republican. I do not attend church. I am 28 years old. I am a woman. I am somewhat interested in politics.. Question: Do you think the federal government should be doing more about the opioid drug addiction issue, should be doing less, or is it currently doing the right amount?

Answer choices:
1. Should be doing more 2. Should be doing less 3. Is doing the right amount

When answering, respond ONLY with a single number that corresponds to the option you choose. Do not include any additional text, punctuation or explanation.

My answer is
",1
fake_1129,1,2,2,1,80,2,2,"Today is November 5, 2024. Racially, I am white. Ideologically, I am liberal. Politically, I am a weak Democrat. I attend church. I am 80 years old. I am a woman. I am somewhat interested in politics.. Question: Do you think the federal government should be doing more about the opioid drug addiction issue, should be doing less, or is it currently doing the right amount?

Answer choices:
1. Should be doing more 2. Should be doing less 3. Is doing the right amount

When answering, respond ONLY with a single number that corresponds to the option you choose. Do not include any additional text, punctuation or explanation.

My answer is
",1
fake_1130,4,1,5,1,24,1,1,"Today is November 5, 2024. Racially, I am asian. Ideologically, I am extremely liberal. Politically, I am an independent who leans Republican. I attend church. I am 24 years old. I am a man. I am very interested in politics.. Question: Do you think the federal government should be doing more about the opioid drug addiction issue, should be doing less, or is it currently doing the right amount?

Answer choices:
1. Should be doing more 2. Should be doing less 3. Is doing the right amount

When answering, respond ONLY with a single number that corresponds to the option you choose. Do not include any additional text, punctuation or explanation.

My answer is
",1
fake_1131,1,6,1,1,50,2,3,"Today is November 5, 2024. Racially, I am white. Ideologically, I am conservative. Politically, I am a strong democrat. I attend church. I am 50 years old. I am a woman. I am not very interested in politics.. Question: Do you think the federal government should be doing more about the opioid drug addiction issue, should be doing less, or is it currently doing the right amount?

Answer choices:
1. Should be doing more 2. Should be doing less 3. Is doing the right amount

When answering, respond ONLY with a single number that corresponds to the option you choose. Do not include any additional text, punctuation or explanation.

My answer is
",1
fake_1132,1,99,5,1,42,2,2,"Today is November 5, 2024. Racially, I am white. Politically, I am an independent who leans Republican. I attend church. I am 42 years old. I am a woman. I am somewhat interested in politics.. Question: Do you think the federal government should be doing more about the opioid drug addiction issue, should be doing less, or is it currently doing the right amount?

Answer choices:
1. Should be doing more 2. Should be doing less 3. Is doing the right amount

When answering, respond ONLY with a single number that corresponds to the option you choose. Do not include any additional text, punctuation or explanation.

My answer is
",1
fake_1133,1,2,3,-1,32,1,-6,"Today is November 5, 2024. Racially, I am white. Ideologically, I am liberal. Politically, I am an independent who leans Democratic. I am 32 years old. I am a man.. Question: Do you think the federal government should be doing more about the opioid drug addiction issue, should be doing less, or is it currently doing the right amount?

Answer choices:
1. Should be doing more 2. Should be doing less 3. Is doing the right amount

When answering, respond ONLY with a single number that corresponds to the option you choose. Do not include any additional text, punctuation or explanation.

My answer is
",1
fake_1134,1,6,3,1,73,1,1,"Today is November 5, 2024. Racially, I am white. Ideologically, I am conservative. Politically, I am an independent who leans Democratic. I attend church. I am 73 years old. I am a man. I am very interested in politics.. Question: Do you think the federal government should be doing more about the opioid drug addiction issue, should be doing less, or is it currently doing the right amount?

Answer choices:
1. Should be doing more 2. Should be doing less 3. Is doing the right amount

When answering, respond ONLY with a single number that corresponds to the option you choose. Do not include any additional text, punctuation or explanation.

My answer is
",1
fake_1135,1,99,2,1,73,2,2,"Today is November 5, 2024. Racially, I am white. Politically, I am a weak Democrat. I attend church. I am 73 years old. I am a woman. I am somewhat interested in politics.. Question: Do you think the federal government should be doing more about the opioid drug addiction issue, should be doing less, or is it currently doing the right amount?

Answer choices:
1. Should be doing more 2. Should be doing less 3. Is doing the right amount

When answering, respond ONLY with a single number that corresponds to the option you choose. Do not include any additional text, punctuation or explanation.

My answer is
",1
fake_1136,1,99,1,1,54,1,1,"Today is November 5, 2024. Racially, I am white. Politically, I am a strong democrat. I attend church. I am 54 years old. I am a man. I am very interested in politics.. Question: Do you think the federal government should be doing more about the opioid drug addiction issue, should be doing less, or is it currently doing the right amount?

Answer choices:
1. Should be doing more 2. Should be doing less 3. Is doing the right amount

When answering, respond ONLY with a single number that corresponds to the option you choose. Do not include any additional text, punctuation or explanation.

My answer is
",1
fake_1137,1,4,7,1,58,1,2,"Today is November 5, 2024. Racially, I am white. Ideologically, I am moderate. Politically, I am a strong Republican. I attend church. I am 58 years old. I am a man. I am somewhat interested in politics.. Question: Do you think the federal government should be doing more about the opioid drug addiction issue, should be doing less, or is it currently doing the right amount?

Answer choices:
1. Should be doing more 2. Should be doing less 3. Is doing the right amount

When answering, respond ONLY with a single number that corresponds to the option you choose. Do not include any additional text, punctuation or explanation.

My answer is
",1
fake_1138,1,1,7,2,26,1,1,"Today is November 5, 2024. Racially, I am white. Ideologically, I am extremely liberal. Politically, I am a strong Republican. I do not attend church. I am 26 years old. I am a man. I am very interested in politics.. Question: Do you think the federal government should be doing more about the opioid drug addiction issue, should be doing less, or is it currently doing the right amount?

Answer choices:
1. Should be doing more 2. Should be doing less 3. Is doing the right amount

When answering, respond ONLY with a single number that corresponds to the option you choose. Do not include any additional text, punctuation or explanation.

My answer is
",1
fake_1139,3,99,1,2,71,1,3,"Today is November 5, 2024. Racially, I am hispanic. Politically, I am a strong democrat. I do not attend church. I am 71 years old. I am a man. I am not very interested in politics.. Question: Do you think the federal government should be doing more about the opioid drug addiction issue, should be doing less, or is it currently doing the right amount?

Answer choices:
1. Should be doing more 2. Should be doing less 3. Is doing the right amount

When answering, respond ONLY with a single number that corresponds to the option you choose. Do not include any additional text, punctuation or explanation.

My answer is
",1
fake_1140,1,4,3,2,45,1,2,"Today is November 5, 2024. Racially, I am white. Ideologically, I am moderate. Politically, I am an independent who leans Democratic. I do not attend church. I am 45 years old. I am a man. I am somewhat interested in politics.. Question: Do you think the federal government should be doing more about the opioid drug addiction issue, should be doing less, or is it currently doing the right amount?

Answer choices:
1. Should be doing more 2. Should be doing less 3. Is doing the right amount

When answering, respond ONLY with a single number that corresponds to the option you choose. Do not include any additional text, punctuation or explanation.

My answer is
",1
fake_1141,4,99,3,1,69,1,2,"Today is November 5, 2024. Racially, I am asian. Politically, I am an independent who leans Democratic. I attend church. I am 69 years old. I am a man. I am somewhat interested in politics.. Question: Do you think the federal government should be doing more about the opioid drug addiction issue, should be doing less, or is it currently doing the right amount?

Answer choices:
1. Should be doing more 2. Should be doing less 3. Is doing the right amount

When answering, respond ONLY with a single number that corresponds to the option you choose. Do not include any additional text, punctuation or explanation.

My answer is
",1
fake_1142,1,6,5,1,61,1,2,"Today is November 5, 2024. Racially, I am white. Ideologically, I am conservative. Politically, I am an independent who leans Republican. I attend church. I am 61 years old. I am a man. I am somewhat interested in politics.. Question: Do you think the federal government should be doing more about the opioid drug addiction issue, should be doing less, or is it currently doing the right amount?

Answer choices:
1. Should be doing more 2. Should be doing less 3. Is doing the right amount

When answering, respond ONLY with a single number that corresponds to the option you choose. Do not include any additional text, punctuation or explanation.

My answer is
",1
fake_1143,1,99,1,2,68,1,-6,"Today is November 5, 2024. Racially, I am white. Politically, I am a strong democrat. I do not attend church. I am 68 years old. I am a man.. Question: Do you think the federal government should be doing more about the opioid drug addiction issue, should be doing less, or is it currently doing the right amount?

Answer choices:
1. Should be doing more 2. Should be doing less 3. Is doing the right amount

When answering, respond ONLY with a single number that corresponds to the option you choose. Do not include any additional text, punctuation or explanation.

My answer is
",1
fake_1144,2,99,7,1,36,1,2,"Today is November 5, 2024. Racially, I am black. Politically, I am a strong Republican. I attend church. I am 36 years old. I am a man. I am somewhat interested in politics.. Question: Do you think the federal government should be doing more about the opioid drug addiction issue, should be doing less, or is it currently doing the right amount?

Answer choices:
1. Should be doing more 2. Should be doing less 3. Is doing the right amount

When answering, respond ONLY with a single number that corresponds to the option you choose. Do not include any additional text, punctuation or explanation.

My answer is
",1
fake_1145,1,3,5,1,24,1,4,"Today is November 5, 2024. Racially, I am white. Ideologically, I am slightly liberal. Politically, I am an independent who leans Republican. I attend church. I am 24 years old. I am a man. I am not at all interested in politics.. Question: Do you think the federal government should be doing more about the opioid drug addiction issue, should be doing less, or is it currently doing the right amount?

Answer choices:
1. Should be doing more 2. Should be doing less 3. Is doing the right amount

When answering, respond ONLY with a single number that corresponds to the option you choose. Do not include any additional text, punctuation or explanation.

My answer is
",1
fake_1146,3,4,2,1,80,2,2,"Today is November 5, 2024. Racially, I am hispanic. Ideologically, I am moderate. Politically, I am a weak Democrat. I attend church. I am 80 years old. I am a woman. I am somewhat interested in politics.. Question: Do you think the federal government should be doing more about the opioid drug addiction issue, should be doing less, or is it currently doing the right amount?

Answer choices:
1. Should be doing more 2. Should be doing less 3. Is doing the right amount

When answering, respond ONLY with a single number that corresponds to the option you choose. Do not include any additional text, punctuation or explanation.

My answer is
",1
fake_1147,1,6,6,2,32,2,2,"Today is November 5, 2024. Racially, I am white. Ideologically, I am conservative. Politically, I am a weak Republican. I do not attend church. I am 32 years old. I am a woman. I am somewhat interested in politics.. Question: Do you think the federal government should be doing more about the opioid drug addiction issue, should be doing less, or is it currently doing the right amount?

Answer choices:
1. Should be doing more 2. Should be doing less 3. Is doing the right amount

When answering, respond ONLY with a single number that corresponds to the option you choose. Do not include any additional text, punctuation or explanation.

My answer is
",1
fake_1148,2,5,4,-1,77,1,-6,"Today is November 5, 2024. Racially, I am black. Ideologically, I am slightly conservative. Politically, I am an independent. I am 77 years old. I am a man.. Question: Do you think the federal government should be doing more about the opioid drug addiction issue, should be doing less, or is it currently doing the right amount?

Answer choices:
1. Should be doing more 2. Should be doing less 3. Is doing the right amount

When answering, respond ONLY with a single number that corresponds to the option you choose. Do not include any additional text, punctuation or explanation.

My answer is
",1
fake_1149,1,6,1,1,52,1,4,"Today is November 5, 2024. Racially, I am white. Ideologically, I am conservative. Politically, I am a strong democrat. I attend church. I am 52 years old. I am a man. I am not at all interested in politics.. Question: Do you think the federal government should be doing more about the opioid drug addiction issue, should be doing less, or is it currently doing the right amount?

Answer choices:
1. Should be doing more 2. Should be doing less 3. Is doing the right amount

When answering, respond ONLY with a single number that corresponds to the option you choose. Do not include any additional text, punctuation or explanation.

My answer is
",1
fake_1150,1,4,2,2,58,2,4,"Today is November 5, 2024. Racially, I am white. Ideologically, I am moderate. Politically, I am a weak Democrat. I do not attend church. I am 58 years old. I am a woman. I am not at all interested in politics.. Question: Do you think the federal government should be doing more about the opioid drug addiction issue, should be doing less, or is it currently doing the right amount?

Answer choices:
1. Should be doing more 2. Should be doing less 3. Is doing the right amount

When answering, respond ONLY with a single number that corresponds to the option you choose. Do not include any additional text, punctuation or explanation.

My answer is
",1
fake_1151,1,5,1,2,69,1,1,"Today is November 5, 2024. Racially, I am white. Ideologically, I am slightly conservative. Politically, I am a strong democrat. I do not attend church. I am 69 years old. I am a man. I am very interested in politics.. Question: Do you think the federal government should be doing more about the opioid drug addiction issue, should be doing less, or is it currently doing the right amount?

Answer choices:
1. Should be doing more 2. Should be doing less 3. Is doing the right amount

When answering, respond ONLY with a single number that corresponds to the option you choose. Do not include any additional text, punctuation or explanation.

My answer is
",1
fake_1152,1,4,1,2,53,2,2,"Today is November 5, 2024. Racially, I am white. Ideologically, I am moderate. Politically, I am a strong democrat. I do not attend church. I am 53 years old. I am a woman. I am somewhat interested in politics.. Question: Do you think the federal government should be doing more about the opioid drug addiction issue, should be doing less, or is it currently doing the right amount?

Answer choices:
1. Should be doing more 2. Should be doing less 3. Is doing the right amount

When answering, respond ONLY with a single number that corresponds to the option you choose. Do not include any additional text, punctuation or explanation.

My answer is
",1
fake_1153,1,3,4,-1,43,2,3,"Today is November 5, 2024. Racially, I am white. Ideologically, I am slightly liberal. Politically, I am an independent. I am 43 years old. I am a woman. I am not very interested in politics.. Question: Do you think the federal government should be doing more about the opioid drug addiction issue, should be doing less, or is it currently doing the right amount?

Answer choices:
1. Should be doing more 2. Should be doing less 3. Is doing the right amount

When answering, respond ONLY with a single number that corresponds to the option you choose. Do not include any additional text, punctuation or explanation.

My answer is
",1
fake_1154,3,5,4,1,38,1,-6,"Today is November 5, 2024. Racially, I am hispanic. Ideologically, I am slightly conservative. Politically, I am an independent. I attend church. I am 38 years old. I am a man.. Question: Do you think the federal government should be doing more about the opioid drug addiction issue, should be doing less, or is it currently doing the right amount?

Answer choices:
1. Should be doing more 2. Should be doing less 3. Is doing the right amount

When answering, respond ONLY with a single number that corresponds to the option you choose. Do not include any additional text, punctuation or explanation.

My answer is
",1
fake_1155,1,99,4,1,66,2,2,"Today is November 5, 2024. Racially, I am white. Politically, I am an independent. I attend church. I am 66 years old. I am a woman. I am somewhat interested in politics.. Question: Do you think the federal government should be doing more about the opioid drug addiction issue, should be doing less, or is it currently doing the right amount?

Answer choices:
1. Should be doing more 2. Should be doing less 3. Is doing the right amount

When answering, respond ONLY with a single number that corresponds to the option you choose. Do not include any additional text, punctuation or explanation.

My answer is
",1
fake_1156,1,4,5,1,63,2,2,"Today is November 5, 2024. Racially, I am white. Ideologically, I am moderate. Politically, I am an independent who leans Republican. I attend church. I am 63 years old. I am a woman. I am somewhat interested in politics.. Question: Do you think the federal government should be doing more about the opioid drug addiction issue, should be doing less, or is it currently doing the right amount?

Answer choices:
1. Should be doing more 2. Should be doing less 3. Is doing the right amount

When answering, respond ONLY with a single number that corresponds to the option you choose. Do not include any additional text, punctuation or explanation.

My answer is
",1
fake_1157,1,3,1,1,50,1,3,"Today is November 5, 2024. Racially, I am white. Ideologically, I am slightly liberal. Politically, I am a strong democrat. I attend church. I am 50 years old. I am a man. I am not very interested in politics.. Question: Do you think the federal government should be doing more about the opioid drug addiction issue, should be doing less, or is it currently doing the right amount?

Answer choices:
1. Should be doing more 2. Should be doing less 3. Is doing the right amount

When answering, respond ONLY with a single number that corresponds to the option you choose. Do not include any additional text, punctuation or explanation.

My answer is
",1
fake_1158,1,6,1,-1,51,2,2,"Today is November 5, 2024. Racially, I am white. Ideologically, I am conservative. Politically, I am a strong democrat. I am 51 years old. I am a woman. I am somewhat interested in politics.. Question: Do you think the federal government should be doing more about the opioid drug addiction issue, should be doing less, or is it currently doing the right amount?

Answer choices:
1. Should be doing more 2. Should be doing less 3. Is doing the right amount

When answering, respond ONLY with a single number that corresponds to the option you choose. Do not include any additional text, punctuation or explanation.

My answer is
",1
fake_1159,1,3,6,2,49,1,-6,"Today is November 5, 2024. Racially, I am white. Ideologically, I am slightly liberal. Politically, I am a weak Republican. I do not attend church. I am 49 years old. I am a man.. Question: Do you think the federal government should be doing more about the opioid drug addiction issue, should be doing less, or is it currently doing the right amount?

Answer choices:
1. Should be doing more 2. Should be doing less 3. Is doing the right amount

When answering, respond ONLY with a single number that corresponds to the option you choose. Do not include any additional text, punctuation or explanation.

My answer is
",1
fake_1160,1,2,6,1,62,1,3,"Today is November 5, 2024. Racially, I am white. Ideologically, I am liberal. Politically, I am a weak Republican. I attend church. I am 62 years old. I am a man. I am not very interested in politics.. Question: Do you think the federal government should be doing more about the opioid drug addiction issue, should be doing less, or is it currently doing the right amount?

Answer choices:
1. Should be doing more 2. Should be doing less 3. Is doing the right amount

When answering, respond ONLY with a single number that corresponds to the option you choose. Do not include any additional text, punctuation or explanation.

My answer is
",1
fake_1161,1,3,7,2,66,2,2,"Today is November 5, 2024. Racially, I am white. Ideologically, I am slightly liberal. Politically, I am a strong Republican. I do not attend church. I am 66 years old. I am a woman. I am somewhat interested in politics.. Question: Do you think the federal government should be doing more about the opioid drug addiction issue, should be doing less, or is it currently doing the right amount?

Answer choices:
1. Should be doing more 2. Should be doing less 3. Is doing the right amount

When answering, respond ONLY with a single number that corresponds to the option you choose. Do not include any additional text, punctuation or explanation.

My answer is
",1
fake_1162,1,5,5,1,75,2,1,"Today is November 5, 2024. Racially, I am white. Ideologically, I am slightly conservative. Politically, I am an independent who leans Republican. I attend church. I am 75 years old. I am a woman. I am very interested in politics.. Question: Do you think the federal government should be doing more about the opioid drug addiction issue, should be doing less, or is it currently doing the right amount?

Answer choices:
1. Should be doing more 2. Should be doing less 3. Is doing the right amount

When answering, respond ONLY with a single number that corresponds to the option you choose. Do not include any additional text, punctuation or explanation.

My answer is
",1
fake_1163,1,5,5,-1,38,2,2,"Today is November 5, 2024. Racially, I am white. Ideologically, I am slightly conservative. Politically, I am an independent who leans Republican. I am 38 years old. I am a woman. I am somewhat interested in politics.. Question: Do you think the federal government should be doing more about the opioid drug addiction issue, should be doing less, or is it currently doing the right amount?

Answer choices:
1. Should be doing more 2. Should be doing less 3. Is doing the right amount

When answering, respond ONLY with a single number that corresponds to the option you choose. Do not include any additional text, punctuation or explanation.

My answer is
",1
fake_1164,1,2,1,1,76,2,3,"Today is November 5, 2024. Racially, I am white. Ideologically, I am liberal. Politically, I am a strong democrat. I attend church. I am 76 years old. I am a woman. I am not very interested in politics.. Question: Do you think the federal government should be doing more about the opioid drug addiction issue, should be doing less, or is it currently doing the right amount?

Answer choices:
1. Should be doing more 2. Should be doing less 3. Is doing the right amount

When answering, respond ONLY with a single number that corresponds to the option you choose. Do not include any additional text, punctuation or explanation.

My answer is
",1
fake_1165,1,3,1,2,37,2,1,"Today is November 5, 2024. Racially, I am white. Ideologically, I am slightly liberal. Politically, I am a strong democrat. I do not attend church. I am 37 years old. I am a woman. I am very interested in politics.. Question: Do you think the federal government should be doing more about the opioid drug addiction issue, should be doing less, or is it currently doing the right amount?

Answer choices:
1. Should be doing more 2. Should be doing less 3. Is doing the right amount

When answering, respond ONLY with a single number that corresponds to the option you choose. Do not include any additional text, punctuation or explanation.

My answer is
",1
fake_1166,1,6,3,2,45,1,2,"Today is November 5, 2024. Racially, I am white. Ideologically, I am conservative. Politically, I am an independent who leans Democratic. I do not attend church. I am 45 years old. I am a man. I am somewhat interested in politics.. Question: Do you think the federal government should be doing more about the opioid drug addiction issue, should be doing less, or is it currently doing the right amount?

Answer choices:
1. Should be doing more 2. Should be doing less 3. Is doing the right amount

When answering, respond ONLY with a single number that corresponds to the option you choose. Do not include any additional text, punctuation or explanation.

My answer is
",1
fake_1167,1,6,7,1,67,1,3,"Today is November 5, 2024. Racially, I am white. Ideologically, I am conservative. Politically, I am a strong Republican. I attend church. I am 67 years old. I am a man. I am not very interested in politics.. Question: Do you think the federal government should be doing more about the opioid drug addiction issue, should be doing less, or is it currently doing the right amount?

Answer choices:
1. Should be doing more 2. Should be doing less 3. Is doing the right amount

When answering, respond ONLY with a single number that corresponds to the option you choose. Do not include any additional text, punctuation or explanation.

My answer is
",1
fake_1168,1,2,6,2,31,2,2,"Today is November 5, 2024. Racially, I am white. Ideologically, I am liberal. Politically, I am a weak Republican. I do not attend church. I am 31 years old. I am a woman. I am somewhat interested in politics.. Question: Do you think the federal government should be doing more about the opioid drug addiction issue, should be doing less, or is it currently doing the right amount?

Answer choices:
1. Should be doing more 2. Should be doing less 3. Is doing the right amount

When answering, respond ONLY with a single number that corresponds to the option you choose. Do not include any additional text, punctuation or explanation.

My answer is
",1
fake_1169,1,5,2,2,53,2,2,"Today is November 5, 2024. Racially, I am white. Ideologically, I am slightly conservative. Politically, I am a weak Democrat. I do not attend church. I am 53 years old. I am a woman. I am somewhat interested in politics.. Question: Do you think the federal government should be doing more about the opioid drug addiction issue, should be doing less, or is it currently doing the right amount?

Answer choices:
1. Should be doing more 2. Should be doing less 3. Is doing the right amount

When answering, respond ONLY with a single number that corresponds to the option you choose. Do not include any additional text, punctuation or explanation.

My answer is
",1
fake_1170,1,4,-9,2,35,1,1,"Today is November 5, 2024. Racially, I am white. Ideologically, I am moderate. I do not attend church. I am 35 years old. I am a man. I am very interested in politics.. Question: Do you think the federal government should be doing more about the opioid drug addiction issue, should be doing less, or is it currently doing the right amount?

Answer choices:
1. Should be doing more 2. Should be doing less 3. Is doing the right amount

When answering, respond ONLY with a single number that corresponds to the option you choose. Do not include any additional text, punctuation or explanation.

My answer is
",1
fake_1171,3,5,4,1,59,2,2,"Today is November 5, 2024. Racially, I am hispanic. Ideologically, I am slightly conservative. Politically, I am an independent. I attend church. I am 59 years old. I am a woman. I am somewhat interested in politics.. Question: Do you think the federal government should be doing more about the opioid drug addiction issue, should be doing less, or is it currently doing the right amount?

Answer choices:
1. Should be doing more 2. Should be doing less 3. Is doing the right amount

When answering, respond ONLY with a single number that corresponds to the option you choose. Do not include any additional text, punctuation or explanation.

My answer is
",1
fake_1172,1,4,2,1,42,1,3,"Today is November 5, 2024. Racially, I am white. Ideologically, I am moderate. Politically, I am a weak Democrat. I attend church. I am 42 years old. I am a man. I am not very interested in politics.. Question: Do you think the federal government should be doing more about the opioid drug addiction issue, should be doing less, or is it currently doing the right amount?

Answer choices:
1. Should be doing more 2. Should be doing less 3. Is doing the right amount

When answering, respond ONLY with a single number that corresponds to the option you choose. Do not include any additional text, punctuation or explanation.

My answer is
",1
fake_1173,1,6,5,2,75,1,1,"Today is November 5, 2024. Racially, I am white. Ideologically, I am conservative. Politically, I am an independent who leans Republican. I do not attend church. I am 75 years old. I am a man. I am very interested in politics.. Question: Do you think the federal government should be doing more about the opioid drug addiction issue, should be doing less, or is it currently doing the right amount?

Answer choices:
1. Should be doing more 2. Should be doing less 3. Is doing the right amount

When answering, respond ONLY with a single number that corresponds to the option you choose. Do not include any additional text, punctuation or explanation.

My answer is
",1
fake_1174,3,6,1,1,75,2,1,"Today is November 5, 2024. Racially, I am hispanic. Ideologically, I am conservative. Politically, I am a strong democrat. I attend church. I am 75 years old. I am a woman. I am very interested in politics.. Question: Do you think the federal government should be doing more about the opioid drug addiction issue, should be doing less, or is it currently doing the right amount?

Answer choices:
1. Should be doing more 2. Should be doing less 3. Is doing the right amount

When answering, respond ONLY with a single number that corresponds to the option you choose. Do not include any additional text, punctuation or explanation.

My answer is
",1
fake_1175,3,4,5,2,80,1,2,"Today is November 5, 2024. Racially, I am hispanic. Ideologically, I am moderate. Politically, I am an independent who leans Republican. I do not attend church. I am 80 years old. I am a man. I am somewhat interested in politics.. Question: Do you think the federal government should be doing more about the opioid drug addiction issue, should be doing less, or is it currently doing the right amount?

Answer choices:
1. Should be doing more 2. Should be doing less 3. Is doing the right amount

When answering, respond ONLY with a single number that corresponds to the option you choose. Do not include any additional text, punctuation or explanation.

My answer is
",1
fake_1176,6,2,3,2,-2,1,1,"Today is November 5, 2024. Ideologically, I am liberal. Politically, I am an independent who leans Democratic. I do not attend church. I am a man. I am very interested in politics.. Question: Do you think the federal government should be doing more about the opioid drug addiction issue, should be doing less, or is it currently doing the right amount?

Answer choices:
1. Should be doing more 2. Should be doing less 3. Is doing the right amount

When answering, respond ONLY with a single number that corresponds to the option you choose. Do not include any additional text, punctuation or explanation.

My answer is
",1
fake_1177,1,6,7,2,25,2,1,"Today is November 5, 2024. Racially, I am white. Ideologically, I am conservative. Politically, I am a strong Republican. I do not attend church. I am 25 years old. I am a woman. I am very interested in politics.. Question: Do you think the federal government should be doing more about the opioid drug addiction issue, should be doing less, or is it currently doing the right amount?

Answer choices:
1. Should be doing more 2. Should be doing less 3. Is doing the right amount

When answering, respond ONLY with a single number that corresponds to the option you choose. Do not include any additional text, punctuation or explanation.

My answer is
",1
fake_1178,1,5,4,2,59,2,2,"Today is November 5, 2024. Racially, I am white. Ideologically, I am slightly conservative. Politically, I am an independent. I do not attend church. I am 59 years old. I am a woman. I am somewhat interested in politics.. Question: Do you think the federal government should be doing more about the opioid drug addiction issue, should be doing less, or is it currently doing the right amount?

Answer choices:
1. Should be doing more 2. Should be doing less 3. Is doing the right amount

When answering, respond ONLY with a single number that corresponds to the option you choose. Do not include any additional text, punctuation or explanation.

My answer is
",1
fake_1179,6,2,3,1,59,1,4,"Today is November 5, 2024. Ideologically, I am liberal. Politically, I am an independent who leans Democratic. I attend church. I am 59 years old. I am a man. I am not at all interested in politics.. Question: Do you think the federal government should be doing more about the opioid drug addiction issue, should be doing less, or is it currently doing the right amount?

Answer choices:
1. Should be doing more 2. Should be doing less 3. Is doing the right amount

When answering, respond ONLY with a single number that corresponds to the option you choose. Do not include any additional text, punctuation or explanation.

My answer is
",1
fake_1180,6,6,5,2,47,2,1,"Today is November 5, 2024. Ideologically, I am conservative. Politically, I am an independent who leans Republican. I do not attend church. I am 47 years old. I am a woman. I am very interested in politics.. Question: Do you think the federal government should be doing more about the opioid drug addiction issue, should be doing less, or is it currently doing the right amount?

Answer choices:
1. Should be doing more 2. Should be doing less 3. Is doing the right amount

When answering, respond ONLY with a single number that corresponds to the option you choose. Do not include any additional text, punctuation or explanation.

My answer is
",1
fake_1181,1,5,7,1,78,2,2,"Today is November 5, 2024. Racially, I am white. Ideologically, I am slightly conservative. Politically, I am a strong Republican. I attend church. I am 78 years old. I am a woman. I am somewhat interested in politics.. Question: Do you think the federal government should be doing more about the opioid drug addiction issue, should be doing less, or is it currently doing the right amount?

Answer choices:
1. Should be doing more 2. Should be doing less 3. Is doing the right amount

When answering, respond ONLY with a single number that corresponds to the option you choose. Do not include any additional text, punctuation or explanation.

My answer is
",1
fake_1182,3,6,6,2,65,2,1,"Today is November 5, 2024. Racially, I am hispanic. Ideologically, I am conservative. Politically, I am a weak Republican. I do not attend church. I am 65 years old. I am a woman. I am very interested in politics.. Question: Do you think the federal government should be doing more about the opioid drug addiction issue, should be doing less, or is it currently doing the right amount?

Answer choices:
1. Should be doing more 2. Should be doing less 3. Is doing the right amount

When answering, respond ONLY with a single number that corresponds to the option you choose. Do not include any additional text, punctuation or explanation.

My answer is
",1
fake_1183,1,-9,5,1,49,1,2,"Today is November 5, 2024. Racially, I am white. Politically, I am an independent who leans Republican. I attend church. I am 49 years old. I am a man. I am somewhat interested in politics.. Question: Do you think the federal government should be doing more about the opioid drug addiction issue, should be doing less, or is it currently doing the right amount?

Answer choices:
1. Should be doing more 2. Should be doing less 3. Is doing the right amount

When answering, respond ONLY with a single number that corresponds to the option you choose. Do not include any additional text, punctuation or explanation.

My answer is
",1
fake_1184,1,99,4,2,69,2,1,"Today is November 5, 2024. Racially, I am white. Politically, I am an independent. I do not attend church. I am 69 years old. I am a woman. I am very interested in politics.. Question: Do you think the federal government should be doing more about the opioid drug addiction issue, should be doing less, or is it currently doing the right amount?

Answer choices:
1. Should be doing more 2. Should be doing less 3. Is doing the right amount

When answering, respond ONLY with a single number that corresponds to the option you choose. Do not include any additional text, punctuation or explanation.

My answer is
",1
fake_1185,1,7,3,2,39,1,3,"Today is November 5, 2024. Racially, I am white. Ideologically, I am extremely conservative. Politically, I am an independent who leans Democratic. I do not attend church. I am 39 years old. I am a man. I am not very interested in politics.. Question: Do you think the federal government should be doing more about the opioid drug addiction issue, should be doing less, or is it currently doing the right amount?

Answer choices:
1. Should be doing more 2. Should be doing less 3. Is doing the right amount

When answering, respond ONLY with a single number that corresponds to the option you choose. Do not include any additional text, punctuation or explanation.

My answer is
",1
fake_1186,3,4,7,1,61,2,2,"Today is November 5, 2024. Racially, I am hispanic. Ideologically, I am moderate. Politically, I am a strong Republican. I attend church. I am 61 years old. I am a woman. I am somewhat interested in politics.. Question: Do you think the federal government should be doing more about the opioid drug addiction issue, should be doing less, or is it currently doing the right amount?

Answer choices:
1. Should be doing more 2. Should be doing less 3. Is doing the right amount

When answering, respond ONLY with a single number that corresponds to the option you choose. Do not include any additional text, punctuation or explanation.

My answer is
",1
fake_1187,1,99,7,1,64,1,3,"Today is November 5, 2024. Racially, I am white. Politically, I am a strong Republican. I attend church. I am 64 years old. I am a man. I am not very interested in politics.. Question: Do you think the federal government should be doing more about the opioid drug addiction issue, should be doing less, or is it currently doing the right amount?

Answer choices:
1. Should be doing more 2. Should be doing less 3. Is doing the right amount

When answering, respond ONLY with a single number that corresponds to the option you choose. Do not include any additional text, punctuation or explanation.

My answer is
",1
fake_1188,1,5,6,1,-2,2,3,"Today is November 5, 2024. Racially, I am white. Ideologically, I am slightly conservative. Politically, I am a weak Republican. I attend church. I am a woman. I am not very interested in politics.. Question: Do you think the federal government should be doing more about the opioid drug addiction issue, should be doing less, or is it currently doing the right amount?

Answer choices:
1. Should be doing more 2. Should be doing less 3. Is doing the right amount

When answering, respond ONLY with a single number that corresponds to the option you choose. Do not include any additional text, punctuation or explanation.

My answer is
",1
fake_1189,1,4,-9,1,58,1,-7,"Today is November 5, 2024. Racially, I am white. Ideologically, I am moderate. I attend church. I am 58 years old. I am a man.. Question: Do you think the federal government should be doing more about the opioid drug addiction issue, should be doing less, or is it currently doing the right amount?

Answer choices:
1. Should be doing more 2. Should be doing less 3. Is doing the right amount

When answering, respond ONLY with a single number that corresponds to the option you choose. Do not include any additional text, punctuation or explanation.

My answer is
",1
fake_1190,1,99,7,2,43,2,-6,"Today is November 5, 2024. Racially, I am white. Politically, I am a strong Republican. I do not attend church. I am 43 years old. I am a woman.. Question: Do you think the federal government should be doing more about the opioid drug addiction issue, should be doing less, or is it currently doing the right amount?

Answer choices:
1. Should be doing more 2. Should be doing less 3. Is doing the right amount

When answering, respond ONLY with a single number that corresponds to the option you choose. Do not include any additional text, punctuation or explanation.

My answer is
",1
fake_1191,1,3,6,2,33,1,2,"Today is November 5, 2024. Racially, I am white. Ideologically, I am slightly liberal. Politically, I am a weak Republican. I do not attend church. I am 33 years old. I am a man. I am somewhat interested in politics.. Question: Do you think the federal government should be doing more about the opioid drug addiction issue, should be doing less, or is it currently doing the right amount?

Answer choices:
1. Should be doing more 2. Should be doing less 3. Is doing the right amount

When answering, respond ONLY with a single number that corresponds to the option you choose. Do not include any additional text, punctuation or explanation.

My answer is
",1
fake_1192,1,3,3,1,70,1,1,"Today is November 5, 2024. Racially, I am white. Ideologically, I am slightly liberal. Politically, I am an independent who leans Democratic. I attend church. I am 70 years old. I am a man. I am very interested in politics.. Question: Do you think the federal government should be doing more about the opioid drug addiction issue, should be doing less, or is it currently doing the right amount?

Answer choices:
1. Should be doing more 2. Should be doing less 3. Is doing the right amount

When answering, respond ONLY with a single number that corresponds to the option you choose. Do not include any additional text, punctuation or explanation.

My answer is
",1
fake_1193,1,2,5,2,62,2,2,"Today is November 5, 2024. Racially, I am white. Ideologically, I am liberal. Politically, I am an independent who leans Republican. I do not attend church. I am 62 years old. I am a woman. I am somewhat interested in politics.. Question: Do you think the federal government should be doing more about the opioid drug addiction issue, should be doing less, or is it currently doing the right amount?

Answer choices:
1. Should be doing more 2. Should be doing less 3. Is doing the right amount

When answering, respond ONLY with a single number that corresponds to the option you choose. Do not include any additional text, punctuation or explanation.

My answer is
",1
fake_1194,1,6,1,2,67,2,2,"Today is November 5, 2024. Racially, I am white. Ideologically, I am conservative. Politically, I am a strong democrat. I do not attend church. I am 67 years old. I am a woman. I am somewhat interested in politics.. Question: Do you think the federal government should be doing more about the opioid drug addiction issue, should be doing less, or is it currently doing the right amount?

Answer choices:
1. Should be doing more 2. Should be doing less 3. Is doing the right amount

When answering, respond ONLY with a single number that corresponds to the option you choose. Do not include any additional text, punctuation or explanation.

My answer is
",1
fake_1195,6,6,1,2,55,1,1,"Today is November 5, 2024. Ideologically, I am conservative. Politically, I am a strong democrat. I do not attend church. I am 55 years old. I am a man. I am very interested in politics.. Question: Do you think the federal government should be doing more about the opioid drug addiction issue, should be doing less, or is it currently doing the right amount?

Answer choices:
1. Should be doing more 2. Should be doing less 3. Is doing the right amount

When answering, respond ONLY with a single number that corresponds to the option you choose. Do not include any additional text, punctuation or explanation.

My answer is
",1
fake_1196,1,4,1,2,41,1,4,"Today is November 5, 2024. Racially, I am white. Ideologically, I am moderate. Politically, I am a strong democrat. I do not attend church. I am 41 years old. I am a man. I am not at all interested in politics.. Question: Do you think the federal government should be doing more about the opioid drug addiction issue, should be doing less, or is it currently doing the right amount?

Answer choices:
1. Should be doing more 2. Should be doing less 3. Is doing the right amount

When answering, respond ONLY with a single number that corresponds to the option you choose. Do not include any additional text, punctuation or explanation.

My answer is
",1
fake_1197,1,6,1,2,20,2,3,"Today is November 5, 2024. Racially, I am white. Ideologically, I am conservative. Politically, I am a strong democrat. I do not attend church. I am 20 years old. I am a woman. I am not very interested in politics.. Question: Do you think the federal government should be doing more about the opioid drug addiction issue, should be doing less, or is it currently doing the right amount?

Answer choices:
1. Should be doing more 2. Should be doing less 3. Is doing the right amount

When answering, respond ONLY with a single number that corresponds to the option you choose. Do not include any additional text, punctuation or explanation.

My answer is
",1
fake_1198,1,4,7,2,33,1,2,"Today is November 5, 2024. Racially, I am white. Ideologically, I am moderate. Politically, I am a strong Republican. I do not attend church. I am 33 years old. I am a man. I am somewhat interested in politics.. Question: Do you think the federal government should be doing more about the opioid drug addiction issue, should be doing less, or is it currently doing the right amount?

Answer choices:
1. Should be doing more 2. Should be doing less 3. Is doing the right amount

When answering, respond ONLY with a single number that corresponds to the option you choose. Do not include any additional text, punctuation or explanation.

My answer is
",1
fake_1199,1,7,1,1,-2,1,2,"Today is November 5, 2024. Racially, I am white. Ideologically, I am extremely conservative. Politically, I am a strong democrat. I attend church. I am a man. I am somewhat interested in politics.. Question: Do you think the federal government should be doing more about the opioid drug addiction issue, should be doing less, or is it currently doing the right amount?

Answer choices:
1. Should be doing more 2. Should be doing less 3. Is doing the right amount

When answering, respond ONLY with a single number that corresponds to the option you choose. Do not include any additional text, punctuation or explanation.

My answer is
",1
fake_1200,1,4,2,-1,71,2,2,"Today is November 5, 2024. Racially, I am white. Ideologically, I am moderate. Politically, I am a weak Democrat. I am 71 years old. I am a woman. I am somewhat interested in politics.. Question: Do you think the federal government should be doing more about the opioid drug addiction issue, should be doing less, or is it currently doing the right amount?

Answer choices:
1. Should be doing more 2. Should be doing less 3. Is doing the right amount

When answering, respond ONLY with a single number that corresponds to the option you choose. Do not include any additional text, punctuation or explanation.

My answer is
",1
fake_1201,1,99,7,2,32,1,2,"Today is November 5, 2024. Racially, I am white. Politically, I am a strong Republican. I do not attend church. I am 32 years old. I am a man. I am somewhat interested in politics.. Question: Do you think the federal government should be doing more about the opioid drug addiction issue, should be doing less, or is it currently doing the right amount?

Answer choices:
1. Should be doing more 2. Should be doing less 3. Is doing the right amount

When answering, respond ONLY with a single number that corresponds to the option you choose. Do not include any additional text, punctuation or explanation.

My answer is
",2
fake_1202,1,99,3,2,79,2,3,"Today is November 5, 2024. Racially, I am white. Politically, I am an independent who leans Democratic. I do not attend church. I am 79 years old. I am a woman. I am not very interested in politics.. Question: Do you think the federal government should be doing more about the opioid drug addiction issue, should be doing less, or is it currently doing the right amount?

Answer choices:
1. Should be doing more 2. Should be doing less 3. Is doing the right amount

When answering, respond ONLY with a single number that corresponds to the option you choose. Do not include any additional text, punctuation or explanation.

My answer is
",1
fake_1203,1,2,3,2,61,1,2,"Today is November 5, 2024. Racially, I am white. Ideologically, I am liberal. Politically, I am an independent who leans Democratic. I do not attend church. I am 61 years old. I am a man. I am somewhat interested in politics.. Question: Do you think the federal government should be doing more about the opioid drug addiction issue, should be doing less, or is it currently doing the right amount?

Answer choices:
1. Should be doing more 2. Should be doing less 3. Is doing the right amount

When answering, respond ONLY with a single number that corresponds to the option you choose. Do not include any additional text, punctuation or explanation.

My answer is
",1
fake_1204,1,7,1,2,53,1,4,"Today is November 5, 2024. Racially, I am white. Ideologically, I am extremely conservative. Politically, I am a strong democrat. I do not attend church. I am 53 years old. I am a man. I am not at all interested in politics.. Question: Do you think the federal government should be doing more about the opioid drug addiction issue, should be doing less, or is it currently doing the right amount?

Answer choices:
1. Should be doing more 2. Should be doing less 3. Is doing the right amount

When answering, respond ONLY with a single number that corresponds to the option you choose. Do not include any additional text, punctuation or explanation.

My answer is
",1
fake_1205,3,2,2,1,47,2,-7,"Today is November 5, 2024. Racially, I am hispanic. Ideologically, I am liberal. Politically, I am a weak Democrat. I attend church. I am 47 years old. I am a woman.. Question: Do you think the federal government should be doing more about the opioid drug addiction issue, should be doing less, or is it currently doing the right amount?

Answer choices:
1. Should be doing more 2. Should be doing less 3. Is doing the right amount

When answering, respond ONLY with a single number that corresponds to the option you choose. Do not include any additional text, punctuation or explanation.

My answer is
",1
fake_1206,3,2,5,1,47,1,4,"Today is November 5, 2024. Racially, I am hispanic. Ideologically, I am liberal. Politically, I am an independent who leans Republican. I attend church. I am 47 years old. I am a man. I am not at all interested in politics.. Question: Do you think the federal government should be doing more about the opioid drug addiction issue, should be doing less, or is it currently doing the right amount?

Answer choices:
1. Should be doing more 2. Should be doing less 3. Is doing the right amount

When answering, respond ONLY with a single number that corresponds to the option you choose. Do not include any additional text, punctuation or explanation.

My answer is
",1
fake_1207,1,6,5,-9,-2,2,2,"Today is November 5, 2024. Racially, I am white. Ideologically, I am conservative. Politically, I am an independent who leans Republican. I am a woman. I am somewhat interested in politics.. Question: Do you think the federal government should be doing more about the opioid drug addiction issue, should be doing less, or is it currently doing the right amount?

Answer choices:
1. Should be doing more 2. Should be doing less 3. Is doing the right amount

When answering, respond ONLY with a single number that corresponds to the option you choose. Do not include any additional text, punctuation or explanation.

My answer is
",1
fake_1208,1,2,1,1,59,2,1,"Today is November 5, 2024. Racially, I am white. Ideologically, I am liberal. Politically, I am a strong democrat. I attend church. I am 59 years old. I am a woman. I am very interested in politics.. Question: Do you think the federal government should be doing more about the opioid drug addiction issue, should be doing less, or is it currently doing the right amount?

Answer choices:
1. Should be doing more 2. Should be doing less 3. Is doing the right amount

When answering, respond ONLY with a single number that corresponds to the option you choose. Do not include any additional text, punctuation or explanation.

My answer is
",1
fake_1209,1,5,5,1,65,1,-6,"Today is November 5, 2024. Racially, I am white. Ideologically, I am slightly conservative. Politically, I am an independent who leans Republican. I attend church. I am 65 years old. I am a man.. Question: Do you think the federal government should be doing more about the opioid drug addiction issue, should be doing less, or is it currently doing the right amount?

Answer choices:
1. Should be doing more 2. Should be doing less 3. Is doing the right amount

When answering, respond ONLY with a single number that corresponds to the option you choose. Do not include any additional text, punctuation or explanation.

My answer is
",1
fake_1210,1,3,3,2,33,1,2,"Today is November 5, 2024. Racially, I am white. Ideologically, I am slightly liberal. Politically, I am an independent who leans Democratic. I do not attend church. I am 33 years old. I am a man. I am somewhat interested in politics.. Question: Do you think the federal government should be doing more about the opioid drug addiction issue, should be doing less, or is it currently doing the right amount?

Answer choices:
1. Should be doing more 2. Should be doing less 3. Is doing the right amount

When answering, respond ONLY with a single number that corresponds to the option you choose. Do not include any additional text, punctuation or explanation.

My answer is
",1
fake_1211,1,7,1,2,37,1,1,"Today is November 5, 2024. Racially, I am white. Ideologically, I am extremely conservative. Politically, I am a strong democrat. I do not attend church. I am 37 years old. I am a man. I am very interested in politics.. Question: Do you think the federal government should be doing more about the opioid drug addiction issue, should be doing less, or is it currently doing the right amount?

Answer choices:
1. Should be doing more 2. Should be doing less 3. Is doing the right amount

When answering, respond ONLY with a single number that corresponds to the option you choose. Do not include any additional text, punctuation or explanation.

My answer is
",1
fake_1212,1,4,3,1,79,1,1,"Today is November 5, 2024. Racially, I am white. Ideologically, I am moderate. Politically, I am an independent who leans Democratic. I attend church. I am 79 years old. I am a man. I am very interested in politics.. Question: Do you think the federal government should be doing more about the opioid drug addiction issue, should be doing less, or is it currently doing the right amount?

Answer choices:
1. Should be doing more 2. Should be doing less 3. Is doing the right amount

When answering, respond ONLY with a single number that corresponds to the option you choose. Do not include any additional text, punctuation or explanation.

My answer is
",1
fake_1213,2,1,2,1,-2,1,3,"Today is November 5, 2024. Racially, I am black. Ideologically, I am extremely liberal. Politically, I am a weak Democrat. I attend church. I am a man. I am not very interested in politics.. Question: Do you think the federal government should be doing more about the opioid drug addiction issue, should be doing less, or is it currently doing the right amount?

Answer choices:
1. Should be doing more 2. Should be doing less 3. Is doing the right amount

When answering, respond ONLY with a single number that corresponds to the option you choose. Do not include any additional text, punctuation or explanation.

My answer is
",1
fake_1214,1,4,4,1,80,1,2,"Today is November 5, 2024. Racially, I am white. Ideologically, I am moderate. Politically, I am an independent. I attend church. I am 80 years old. I am a man. I am somewhat interested in politics.. Question: Do you think the federal government should be doing more about the opioid drug addiction issue, should be doing less, or is it currently doing the right amount?

Answer choices:
1. Should be doing more 2. Should be doing less 3. Is doing the right amount

When answering, respond ONLY with a single number that corresponds to the option you choose. Do not include any additional text, punctuation or explanation.

My answer is
",1
fake_1215,2,4,3,1,39,2,2,"Today is November 5, 2024. Racially, I am black. Ideologically, I am moderate. Politically, I am an independent who leans Democratic. I attend church. I am 39 years old. I am a woman. I am somewhat interested in politics.. Question: Do you think the federal government should be doing more about the opioid drug addiction issue, should be doing less, or is it currently doing the right amount?

Answer choices:
1. Should be doing more 2. Should be doing less 3. Is doing the right amount

When answering, respond ONLY with a single number that corresponds to the option you choose. Do not include any additional text, punctuation or explanation.

My answer is
",1
fake_1216,1,1,1,1,71,2,-6,"Today is November 5, 2024. Racially, I am white. Ideologically, I am extremely liberal. Politically, I am a strong democrat. I attend church. I am 71 years old. I am a woman.. Question: Do you think the federal government should be doing more about the opioid drug addiction issue, should be doing less, or is it currently doing the right amount?

Answer choices:
1. Should be doing more 2. Should be doing less 3. Is doing the right amount

When answering, respond ONLY with a single number that corresponds to the option you choose. Do not include any additional text, punctuation or explanation.

My answer is
",1
fake_1217,1,5,2,1,47,2,1,"Today is November 5, 2024. Racially, I am white. Ideologically, I am slightly conservative. Politically, I am a weak Democrat. I attend church. I am 47 years old. I am a woman. I am very interested in politics.. Question: Do you think the federal government should be doing more about the opioid drug addiction issue, should be doing less, or is it currently doing the right amount?

Answer choices:
1. Should be doing more 2. Should be doing less 3. Is doing the right amount

When answering, respond ONLY with a single number that corresponds to the option you choose. Do not include any additional text, punctuation or explanation.

My answer is
",1
fake_1218,-9,3,6,2,64,1,-6,"Today is November 5, 2024. Ideologically, I am slightly liberal. Politically, I am a weak Republican. I do not attend church. I am 64 years old. I am a man.. Question: Do you think the federal government should be doing more about the opioid drug addiction issue, should be doing less, or is it currently doing the right amount?

Answer choices:
1. Should be doing more 2. Should be doing less 3. Is doing the right amount

When answering, respond ONLY with a single number that corresponds to the option you choose. Do not include any additional text, punctuation or explanation.

My answer is
",1
fake_1219,2,2,3,1,18,1,3,"Today is November 5, 2024. Racially, I am black. Ideologically, I am liberal. Politically, I am an independent who leans Democratic. I attend church. I am 18 years old. I am a man. I am not very interested in politics.. Question: Do you think the federal government should be doing more about the opioid drug addiction issue, should be doing less, or is it currently doing the right amount?

Answer choices:
1. Should be doing more 2. Should be doing less 3. Is doing the right amount

When answering, respond ONLY with a single number that corresponds to the option you choose. Do not include any additional text, punctuation or explanation.

My answer is
",1
fake_1220,3,4,1,-9,34,2,2,"Today is November 5, 2024. Racially, I am hispanic. Ideologically, I am moderate. Politically, I am a strong democrat. I am 34 years old. I am a woman. I am somewhat interested in politics.. Question: Do you think the federal government should be doing more about the opioid drug addiction issue, should be doing less, or is it currently doing the right amount?

Answer choices:
1. Should be doing more 2. Should be doing less 3. Is doing the right amount

When answering, respond ONLY with a single number that corresponds to the option you choose. Do not include any additional text, punctuation or explanation.

My answer is
",1
fake_1221,1,7,7,2,45,1,2,"Today is November 5, 2024. Racially, I am white. Ideologically, I am extremely conservative. Politically, I am a strong Republican. I do not attend church. I am 45 years old. I am a man. I am somewhat interested in politics.. Question: Do you think the federal government should be doing more about the opioid drug addiction issue, should be doing less, or is it currently doing the right amount?

Answer choices:
1. Should be doing more 2. Should be doing less 3. Is doing the right amount

When answering, respond ONLY with a single number that corresponds to the option you choose. Do not include any additional text, punctuation or explanation.

My answer is
",2
fake_1222,1,2,5,2,67,2,-6,"Today is November 5, 2024. Racially, I am white. Ideologically, I am liberal. Politically, I am an independent who leans Republican. I do not attend church. I am 67 years old. I am a woman.. Question: Do you think the federal government should be doing more about the opioid drug addiction issue, should be doing less, or is it currently doing the right amount?

Answer choices:
1. Should be doing more 2. Should be doing less 3. Is doing the right amount

When answering, respond ONLY with a single number that corresponds to the option you choose. Do not include any additional text, punctuation or explanation.

My answer is
",1
fake_1223,1,6,5,2,71,2,4,"Today is November 5, 2024. Racially, I am white. Ideologically, I am conservative. Politically, I am an independent who leans Republican. I do not attend church. I am 71 years old. I am a woman. I am not at all interested in politics.. Question: Do you think the federal government should be doing more about the opioid drug addiction issue, should be doing less, or is it currently doing the right amount?

Answer choices:
1. Should be doing more 2. Should be doing less 3. Is doing the right amount

When answering, respond ONLY with a single number that corresponds to the option you choose. Do not include any additional text, punctuation or explanation.

My answer is
",1
fake_1224,1,5,2,2,80,2,2,"Today is November 5, 2024. Racially, I am white. Ideologically, I am slightly conservative. Politically, I am a weak Democrat. I do not attend church. I am 80 years old. I am a woman. I am somewhat interested in politics.. Question: Do you think the federal government should be doing more about the opioid drug addiction issue, should be doing less, or is it currently doing the right amount?

Answer choices:
1. Should be doing more 2. Should be doing less 3. Is doing the right amount

When answering, respond ONLY with a single number that corresponds to the option you choose. Do not include any additional text, punctuation or explanation.

My answer is
",1
fake_1225,1,7,3,1,30,2,1,"Today is November 5, 2024. Racially, I am white. Ideologically, I am extremely conservative. Politically, I am an independent who leans Democratic. I attend church. I am 30 years old. I am a woman. I am very interested in politics.. Question: Do you think the federal government should be doing more about the opioid drug addiction issue, should be doing less, or is it currently doing the right amount?

Answer choices:
1. Should be doing more 2. Should be doing less 3. Is doing the right amount

When answering, respond ONLY with a single number that corresponds to the option you choose. Do not include any additional text, punctuation or explanation.

My answer is
",1
fake_1226,1,4,7,2,-2,1,2,"Today is November 5, 2024. Racially, I am white. Ideologically, I am moderate. Politically, I am a strong Republican. I do not attend church. I am a man. I am somewhat interested in politics.. Question: Do you think the federal government should be doing more about the opioid drug addiction issue, should be doing less, or is it currently doing the right amount?

Answer choices:
1. Should be doing more 2. Should be doing less 3. Is doing the right amount

When answering, respond ONLY with a single number that corresponds to the option you choose. Do not include any additional text, punctuation or explanation.

My answer is
",1
fake_1227,1,4,7,1,21,2,2,"Today is November 5, 2024. Racially, I am white. Ideologically, I am moderate. Politically, I am a strong Republican. I attend church. I am 21 years old. I am a woman. I am somewhat interested in politics.. Question: Do you think the federal government should be doing more about the opioid drug addiction issue, should be doing less, or is it currently doing the right amount?

Answer choices:
1. Should be doing more 2. Should be doing less 3. Is doing the right amount

When answering, respond ONLY with a single number that corresponds to the option you choose. Do not include any additional text, punctuation or explanation.

My answer is
",1
fake_1228,1,99,7,1,42,1,2,"Today is November 5, 2024. Racially, I am white. Politically, I am a strong Republican. I attend church. I am 42 years old. I am a man. I am somewhat interested in politics.. Question: Do you think the federal government should be doing more about the opioid drug addiction issue, should be doing less, or is it currently doing the right amount?

Answer choices:
1. Should be doing more 2. Should be doing less 3. Is doing the right amount

When answering, respond ONLY with a single number that corresponds to the option you choose. Do not include any additional text, punctuation or explanation.

My answer is
",1
fake_1229,1,5,2,1,50,2,1,"Today is November 5, 2024. Racially, I am white. Ideologically, I am slightly conservative. Politically, I am a weak Democrat. I attend church. I am 50 years old. I am a woman. I am very interested in politics.. Question: Do you think the federal government should be doing more about the opioid drug addiction issue, should be doing less, or is it currently doing the right amount?

Answer choices:
1. Should be doing more 2. Should be doing less 3. Is doing the right amount

When answering, respond ONLY with a single number that corresponds to the option you choose. Do not include any additional text, punctuation or explanation.

My answer is
",1
fake_1230,1,-9,3,1,46,2,3,"Today is November 5, 2024. Racially, I am white. Politically, I am an independent who leans Democratic. I attend church. I am 46 years old. I am a woman. I am not very interested in politics.. Question: Do you think the federal government should be doing more about the opioid drug addiction issue, should be doing less, or is it currently doing the right amount?

Answer choices:
1. Should be doing more 2. Should be doing less 3. Is doing the right amount

When answering, respond ONLY with a single number that corresponds to the option you choose. Do not include any additional text, punctuation or explanation.

My answer is
",1
fake_1231,1,5,7,2,54,2,1,"Today is November 5, 2024. Racially, I am white. Ideologically, I am slightly conservative. Politically, I am a strong Republican. I do not attend church. I am 54 years old. I am a woman. I am very interested in politics.. Question: Do you think the federal government should be doing more about the opioid drug addiction issue, should be doing less, or is it currently doing the right amount?

Answer choices:
1. Should be doing more 2. Should be doing less 3. Is doing the right amount

When answering, respond ONLY with a single number that corresponds to the option you choose. Do not include any additional text, punctuation or explanation.

My answer is
",1
fake_1232,1,99,4,1,71,2,3,"Today is November 5, 2024. Racially, I am white. Politically, I am an independent. I attend church. I am 71 years old. I am a woman. I am not very interested in politics.. Question: Do you think the federal government should be doing more about the opioid drug addiction issue, should be doing less, or is it currently doing the right amount?

Answer choices:
1. Should be doing more 2. Should be doing less 3. Is doing the right amount

When answering, respond ONLY with a single number that corresponds to the option you choose. Do not include any additional text, punctuation or explanation.

My answer is
",1
fake_1233,1,5,7,2,62,2,4,"Today is November 5, 2024. Racially, I am white. Ideologically, I am slightly conservative. Politically, I am a strong Republican. I do not attend church. I am 62 years old. I am a woman. I am not at all interested in politics.. Question: Do you think the federal government should be doing more about the opioid drug addiction issue, should be doing less, or is it currently doing the right amount?

Answer choices:
1. Should be doing more 2. Should be doing less 3. Is doing the right amount

When answering, respond ONLY with a single number that corresponds to the option you choose. Do not include any additional text, punctuation or explanation.

My answer is
",1
fake_1234,1,7,5,1,66,2,3,"Today is November 5, 2024. Racially, I am white. Ideologically, I am extremely conservative. Politically, I am an independent who leans Republican. I attend church. I am 66 years old. I am a woman. I am not very interested in politics.. Question: Do you think the federal government should be doing more about the opioid drug addiction issue, should be doing less, or is it currently doing the right amount?

Answer choices:
1. Should be doing more 2. Should be doing less 3. Is doing the right amount

When answering, respond ONLY with a single number that corresponds to the option you choose. Do not include any additional text, punctuation or explanation.

My answer is
",1
fake_1235,1,6,3,2,47,1,2,"Today is November 5, 2024. Racially, I am white. Ideologically, I am conservative. Politically, I am an independent who leans Democratic. I do not attend church. I am 47 years old. I am a man. I am somewhat interested in politics.. Question: Do you think the federal government should be doing more about the opioid drug addiction issue, should be doing less, or is it currently doing the right amount?

Answer choices:
1. Should be doing more 2. Should be doing less 3. Is doing the right amount

When answering, respond ONLY with a single number that corresponds to the option you choose. Do not include any additional text, punctuation or explanation.

My answer is
",1
fake_1236,1,6,7,2,54,2,4,"Today is November 5, 2024. Racially, I am white. Ideologically, I am conservative. Politically, I am a strong Republican. I do not attend church. I am 54 years old. I am a woman. I am not at all interested in politics.. Question: Do you think the federal government should be doing more about the opioid drug addiction issue, should be doing less, or is it currently doing the right amount?

Answer choices:
1. Should be doing more 2. Should be doing less 3. Is doing the right amount

When answering, respond ONLY with a single number that corresponds to the option you choose. Do not include any additional text, punctuation or explanation.

My answer is
",1
fake_1237,1,4,5,1,51,1,4,"Today is November 5, 2024. Racially, I am white. Ideologically, I am moderate. Politically, I am an independent who leans Republican. I attend church. I am 51 years old. I am a man. I am not at all interested in politics.. Question: Do you think the federal government should be doing more about the opioid drug addiction issue, should be doing less, or is it currently doing the right amount?

Answer choices:
1. Should be doing more 2. Should be doing less 3. Is doing the right amount

When answering, respond ONLY with a single number that corresponds to the option you choose. Do not include any additional text, punctuation or explanation.

My answer is
",1
fake_1238,1,1,1,2,74,1,2,"Today is November 5, 2024. Racially, I am white. Ideologically, I am extremely liberal. Politically, I am a strong democrat. I do not attend church. I am 74 years old. I am a man. I am somewhat interested in politics.. Question: Do you think the federal government should be doing more about the opioid drug addiction issue, should be doing less, or is it currently doing the right amount?

Answer choices:
1. Should be doing more 2. Should be doing less 3. Is doing the right amount

When answering, respond ONLY with a single number that corresponds to the option you choose. Do not include any additional text, punctuation or explanation.

My answer is
",1
fake_1239,1,3,3,1,60,1,3,"Today is November 5, 2024. Racially, I am white. Ideologically, I am slightly liberal. Politically, I am an independent who leans Democratic. I attend church. I am 60 years old. I am a man. I am not very interested in politics.. Question: Do you think the federal government should be doing more about the opioid drug addiction issue, should be doing less, or is it currently doing the right amount?

Answer choices:
1. Should be doing more 2. Should be doing less 3. Is doing the right amount

When answering, respond ONLY with a single number that corresponds to the option you choose. Do not include any additional text, punctuation or explanation.

My answer is
",1
fake_1240,2,6,6,2,72,1,1,"Today is November 5, 2024. Racially, I am black. Ideologically, I am conservative. Politically, I am a weak Republican. I do not attend church. I am 72 years old. I am a man. I am very interested in politics.. Question: Do you think the federal government should be doing more about the opioid drug addiction issue, should be doing less, or is it currently doing the right amount?

Answer choices:
1. Should be doing more 2. Should be doing less 3. Is doing the right amount

When answering, respond ONLY with a single number that corresponds to the option you choose. Do not include any additional text, punctuation or explanation.

My answer is
",1
fake_1241,1,99,6,1,29,2,2,"Today is November 5, 2024. Racially, I am white. Politically, I am a weak Republican. I attend church. I am 29 years old. I am a woman. I am somewhat interested in politics.. Question: Do you think the federal government should be doing more about the opioid drug addiction issue, should be doing less, or is it currently doing the right amount?

Answer choices:
1. Should be doing more 2. Should be doing less 3. Is doing the right amount

When answering, respond ONLY with a single number that corresponds to the option you choose. Do not include any additional text, punctuation or explanation.

My answer is
",1
fake_1242,1,99,5,1,31,2,1,"Today is November 5, 2024. Racially, I am white. Politically, I am an independent who leans Republican. I attend church. I am 31 years old. I am a woman. I am very interested in politics.. Question: Do you think the federal government should be doing more about the opioid drug addiction issue, should be doing less, or is it currently doing the right amount?

Answer choices:
1. Should be doing more 2. Should be doing less 3. Is doing the right amount

When answering, respond ONLY with a single number that corresponds to the option you choose. Do not include any additional text, punctuation or explanation.

My answer is
",1
fake_1243,1,4,6,1,32,2,2,"Today is November 5, 2024. Racially, I am white. Ideologically, I am moderate. Politically, I am a weak Republican. I attend church. I am 32 years old. I am a woman. I am somewhat interested in politics.. Question: Do you think the federal government should be doing more about the opioid drug addiction issue, should be doing less, or is it currently doing the right amount?

Answer choices:
1. Should be doing more 2. Should be doing less 3. Is doing the right amount

When answering, respond ONLY with a single number that corresponds to the option you choose. Do not include any additional text, punctuation or explanation.

My answer is
",1
fake_1244,1,3,3,1,70,2,1,"Today is November 5, 2024. Racially, I am white. Ideologically, I am slightly liberal. Politically, I am an independent who leans Democratic. I attend church. I am 70 years old. I am a woman. I am very interested in politics.. Question: Do you think the federal government should be doing more about the opioid drug addiction issue, should be doing less, or is it currently doing the right amount?

Answer choices:
1. Should be doing more 2. Should be doing less 3. Is doing the right amount

When answering, respond ONLY with a single number that corresponds to the option you choose. Do not include any additional text, punctuation or explanation.

My answer is
",1
fake_1245,1,99,7,2,21,2,-7,"Today is November 5, 2024. Racially, I am white. Politically, I am a strong Republican. I do not attend church. I am 21 years old. I am a woman.. Question: Do you think the federal government should be doing more about the opioid drug addiction issue, should be doing less, or is it currently doing the right amount?

Answer choices:
1. Should be doing more 2. Should be doing less 3. Is doing the right amount

When answering, respond ONLY with a single number that corresponds to the option you choose. Do not include any additional text, punctuation or explanation.

My answer is
",1
fake_1246,1,4,1,2,76,1,4,"Today is November 5, 2024. Racially, I am white. Ideologically, I am moderate. Politically, I am a strong democrat. I do not attend church. I am 76 years old. I am a man. I am not at all interested in politics.. Question: Do you think the federal government should be doing more about the opioid drug addiction issue, should be doing less, or is it currently doing the right amount?

Answer choices:
1. Should be doing more 2. Should be doing less 3. Is doing the right amount

When answering, respond ONLY with a single number that corresponds to the option you choose. Do not include any additional text, punctuation or explanation.

My answer is
",1
fake_1247,1,99,3,1,58,1,-6,"Today is November 5, 2024. Racially, I am white. Politically, I am an independent who leans Democratic. I attend church. I am 58 years old. I am a man.. Question: Do you think the federal government should be doing more about the opioid drug addiction issue, should be doing less, or is it currently doing the right amount?

Answer choices:
1. Should be doing more 2. Should be doing less 3. Is doing the right amount

When answering, respond ONLY with a single number that corresponds to the option you choose. Do not include any additional text, punctuation or explanation.

My answer is
",1
fake_1248,3,4,1,1,37,2,1,"Today is November 5, 2024. Racially, I am hispanic. Ideologically, I am moderate. Politically, I am a strong democrat. I attend church. I am 37 years old. I am a woman. I am very interested in politics.. Question: Do you think the federal government should be doing more about the opioid drug addiction issue, should be doing less, or is it currently doing the right amount?

Answer choices:
1. Should be doing more 2. Should be doing less 3. Is doing the right amount

When answering, respond ONLY with a single number that corresponds to the option you choose. Do not include any additional text, punctuation or explanation.

My answer is
",1
fake_1249,1,5,2,1,74,1,2,"Today is November 5, 2024. Racially, I am white. Ideologically, I am slightly conservative. Politically, I am a weak Democrat. I attend church. I am 74 years old. I am a man. I am somewhat interested in politics.. Question: Do you think the federal government should be doing more about the opioid drug addiction issue, should be doing less, or is it currently doing the right amount?

Answer choices:
1. Should be doing more 2. Should be doing less 3. Is doing the right amount

When answering, respond ONLY with a single number that corresponds to the option you choose. Do not include any additional text, punctuation or explanation.

My answer is
",1
fake_1250,1,4,1,1,67,1,2,"Today is November 5, 2024. Racially, I am white. Ideologically, I am moderate. Politically, I am a strong democrat. I attend church. I am 67 years old. I am a man. I am somewhat interested in politics.. Question: Do you think the federal government should be doing more about the opioid drug addiction issue, should be doing less, or is it currently doing the right amount?

Answer choices:
1. Should be doing more 2. Should be doing less 3. Is doing the right amount

When answering, respond ONLY with a single number that corresponds to the option you choose. Do not include any additional text, punctuation or explanation.

My answer is
",1
fake_1251,1,99,1,-1,60,2,3,"Today is November 5, 2024. Racially, I am white. Politically, I am a strong democrat. I am 60 years old. I am a woman. I am not very interested in politics.. Question: Do you think the federal government should be doing more about the opioid drug addiction issue, should be doing less, or is it currently doing the right amount?

Answer choices:
1. Should be doing more 2. Should be doing less 3. Is doing the right amount

When answering, respond ONLY with a single number that corresponds to the option you choose. Do not include any additional text, punctuation or explanation.

My answer is
",1
fake_1252,1,6,1,1,73,1,3,"Today is November 5, 2024. Racially, I am white. Ideologically, I am conservative. Politically, I am a strong democrat. I attend church. I am 73 years old. I am a man. I am not very interested in politics.. Question: Do you think the federal government should be doing more about the opioid drug addiction issue, should be doing less, or is it currently doing the right amount?

Answer choices:
1. Should be doing more 2. Should be doing less 3. Is doing the right amount

When answering, respond ONLY with a single number that corresponds to the option you choose. Do not include any additional text, punctuation or explanation.

My answer is
",1
fake_1253,1,5,4,1,65,2,1,"Today is November 5, 2024. Racially, I am white. Ideologically, I am slightly conservative. Politically, I am an independent. I attend church. I am 65 years old. I am a woman. I am very interested in politics.. Question: Do you think the federal government should be doing more about the opioid drug addiction issue, should be doing less, or is it currently doing the right amount?

Answer choices:
1. Should be doing more 2. Should be doing less 3. Is doing the right amount

When answering, respond ONLY with a single number that corresponds to the option you choose. Do not include any additional text, punctuation or explanation.

My answer is
",1
fake_1254,1,3,3,2,80,2,4,"Today is November 5, 2024. Racially, I am white. Ideologically, I am slightly liberal. Politically, I am an independent who leans Democratic. I do not attend church. I am 80 years old. I am a woman. I am not at all interested in politics.. Question: Do you think the federal government should be doing more about the opioid drug addiction issue, should be doing less, or is it currently doing the right amount?

Answer choices:
1. Should be doing more 2. Should be doing less 3. Is doing the right amount

When answering, respond ONLY with a single number that corresponds to the option you choose. Do not include any additional text, punctuation or explanation.

My answer is
",1
fake_1255,1,1,6,1,67,2,1,"Today is November 5, 2024. Racially, I am white. Ideologically, I am extremely liberal. Politically, I am a weak Republican. I attend church. I am 67 years old. I am a woman. I am very interested in politics.. Question: Do you think the federal government should be doing more about the opioid drug addiction issue, should be doing less, or is it currently doing the right amount?

Answer choices:
1. Should be doing more 2. Should be doing less 3. Is doing the right amount

When answering, respond ONLY with a single number that corresponds to the option you choose. Do not include any additional text, punctuation or explanation.

My answer is
",1
fake_1256,6,3,4,2,76,2,-6,"Today is November 5, 2024. Ideologically, I am slightly liberal. Politically, I am an independent. I do not attend church. I am 76 years old. I am a woman.. Question: Do you think the federal government should be doing more about the opioid drug addiction issue, should be doing less, or is it currently doing the right amount?

Answer choices:
1. Should be doing more 2. Should be doing less 3. Is doing the right amount

When answering, respond ONLY with a single number that corresponds to the option you choose. Do not include any additional text, punctuation or explanation.

My answer is
",1
fake_1257,1,6,7,2,44,1,2,"Today is November 5, 2024. Racially, I am white. Ideologically, I am conservative. Politically, I am a strong Republican. I do not attend church. I am 44 years old. I am a man. I am somewhat interested in politics.. Question: Do you think the federal government should be doing more about the opioid drug addiction issue, should be doing less, or is it currently doing the right amount?

Answer choices:
1. Should be doing more 2. Should be doing less 3. Is doing the right amount

When answering, respond ONLY with a single number that corresponds to the option you choose. Do not include any additional text, punctuation or explanation.

My answer is
",2
fake_1258,1,2,6,1,64,2,3,"Today is November 5, 2024. Racially, I am white. Ideologically, I am liberal. Politically, I am a weak Republican. I attend church. I am 64 years old. I am a woman. I am not very interested in politics.. Question: Do you think the federal government should be doing more about the opioid drug addiction issue, should be doing less, or is it currently doing the right amount?

Answer choices:
1. Should be doing more 2. Should be doing less 3. Is doing the right amount

When answering, respond ONLY with a single number that corresponds to the option you choose. Do not include any additional text, punctuation or explanation.

My answer is
",1
fake_1259,1,1,2,1,59,2,2,"Today is November 5, 2024. Racially, I am white. Ideologically, I am extremely liberal. Politically, I am a weak Democrat. I attend church. I am 59 years old. I am a woman. I am somewhat interested in politics.. Question: Do you think the federal government should be doing more about the opioid drug addiction issue, should be doing less, or is it currently doing the right amount?

Answer choices:
1. Should be doing more 2. Should be doing less 3. Is doing the right amount

When answering, respond ONLY with a single number that corresponds to the option you choose. Do not include any additional text, punctuation or explanation.

My answer is
",1
fake_1260,1,2,3,1,33,1,2,"Today is November 5, 2024. Racially, I am white. Ideologically, I am liberal. Politically, I am an independent who leans Democratic. I attend church. I am 33 years old. I am a man. I am somewhat interested in politics.. Question: Do you think the federal government should be doing more about the opioid drug addiction issue, should be doing less, or is it currently doing the right amount?

Answer choices:
1. Should be doing more 2. Should be doing less 3. Is doing the right amount

When answering, respond ONLY with a single number that corresponds to the option you choose. Do not include any additional text, punctuation or explanation.

My answer is
",1
fake_1261,1,6,-9,2,30,2,2,"Today is November 5, 2024. Racially, I am white. Ideologically, I am conservative. I do not attend church. I am 30 years old. I am a woman. I am somewhat interested in politics.. Question: Do you think the federal government should be doing more about the opioid drug addiction issue, should be doing less, or is it currently doing the right amount?

Answer choices:
1. Should be doing more 2. Should be doing less 3. Is doing the right amount

When answering, respond ONLY with a single number that corresponds to the option you choose. Do not include any additional text, punctuation or explanation.

My answer is
",1
fake_1262,2,2,1,-1,-2,1,2,"Today is November 5, 2024. Racially, I am black. Ideologically, I am liberal. Politically, I am a strong democrat. I am a man. I am somewhat interested in politics.. Question: Do you think the federal government should be doing more about the opioid drug addiction issue, should be doing less, or is it currently doing the right amount?

Answer choices:
1. Should be doing more 2. Should be doing less 3. Is doing the right amount

When answering, respond ONLY with a single number that corresponds to the option you choose. Do not include any additional text, punctuation or explanation.

My answer is
",1
fake_1263,1,4,1,2,67,2,1,"Today is November 5, 2024. Racially, I am white. Ideologically, I am moderate. Politically, I am a strong democrat. I do not attend church. I am 67 years old. I am a woman. I am very interested in politics.. Question: Do you think the federal government should be doing more about the opioid drug addiction issue, should be doing less, or is it currently doing the right amount?

Answer choices:
1. Should be doing more 2. Should be doing less 3. Is doing the right amount

When answering, respond ONLY with a single number that corresponds to the option you choose. Do not include any additional text, punctuation or explanation.

My answer is
",1
fake_1264,1,4,1,2,57,2,2,"Today is November 5, 2024. Racially, I am white. Ideologically, I am moderate. Politically, I am a strong democrat. I do not attend church. I am 57 years old. I am a woman. I am somewhat interested in politics.. Question: Do you think the federal government should be doing more about the opioid drug addiction issue, should be doing less, or is it currently doing the right amount?

Answer choices:
1. Should be doing more 2. Should be doing less 3. Is doing the right amount

When answering, respond ONLY with a single number that corresponds to the option you choose. Do not include any additional text, punctuation or explanation.

My answer is
",1
fake_1265,2,99,1,2,76,2,4,"Today is November 5, 2024. Racially, I am black. Politically, I am a strong democrat. I do not attend church. I am 76 years old. I am a woman. I am not at all interested in politics.. Question: Do you think the federal government should be doing more about the opioid drug addiction issue, should be doing less, or is it currently doing the right amount?

Answer choices:
1. Should be doing more 2. Should be doing less 3. Is doing the right amount

When answering, respond ONLY with a single number that corresponds to the option you choose. Do not include any additional text, punctuation or explanation.

My answer is
",1
fake_1266,1,4,6,2,74,2,3,"Today is November 5, 2024. Racially, I am white. Ideologically, I am moderate. Politically, I am a weak Republican. I do not attend church. I am 74 years old. I am a woman. I am not very interested in politics.. Question: Do you think the federal government should be doing more about the opioid drug addiction issue, should be doing less, or is it currently doing the right amount?

Answer choices:
1. Should be doing more 2. Should be doing less 3. Is doing the right amount

When answering, respond ONLY with a single number that corresponds to the option you choose. Do not include any additional text, punctuation or explanation.

My answer is
",1
fake_1267,1,2,7,2,23,1,2,"Today is November 5, 2024. Racially, I am white. Ideologically, I am liberal. Politically, I am a strong Republican. I do not attend church. I am 23 years old. I am a man. I am somewhat interested in politics.. Question: Do you think the federal government should be doing more about the opioid drug addiction issue, should be doing less, or is it currently doing the right amount?

Answer choices:
1. Should be doing more 2. Should be doing less 3. Is doing the right amount

When answering, respond ONLY with a single number that corresponds to the option you choose. Do not include any additional text, punctuation or explanation.

My answer is
",1
fake_1268,2,2,4,1,49,2,1,"Today is November 5, 2024. Racially, I am black. Ideologically, I am liberal. Politically, I am an independent. I attend church. I am 49 years old. I am a woman. I am very interested in politics.. Question: Do you think the federal government should be doing more about the opioid drug addiction issue, should be doing less, or is it currently doing the right amount?

Answer choices:
1. Should be doing more 2. Should be doing less 3. Is doing the right amount

When answering, respond ONLY with a single number that corresponds to the option you choose. Do not include any additional text, punctuation or explanation.

My answer is
",1
fake_1269,1,5,2,2,70,1,3,"Today is November 5, 2024. Racially, I am white. Ideologically, I am slightly conservative. Politically, I am a weak Democrat. I do not attend church. I am 70 years old. I am a man. I am not very interested in politics.. Question: Do you think the federal government should be doing more about the opioid drug addiction issue, should be doing less, or is it currently doing the right amount?

Answer choices:
1. Should be doing more 2. Should be doing less 3. Is doing the right amount

When answering, respond ONLY with a single number that corresponds to the option you choose. Do not include any additional text, punctuation or explanation.

My answer is
",1
fake_1270,4,2,1,1,60,1,3,"Today is November 5, 2024. Racially, I am asian. Ideologically, I am liberal. Politically, I am a strong democrat. I attend church. I am 60 years old. I am a man. I am not very interested in politics.. Question: Do you think the federal government should be doing more about the opioid drug addiction issue, should be doing less, or is it currently doing the right amount?

Answer choices:
1. Should be doing more 2. Should be doing less 3. Is doing the right amount

When answering, respond ONLY with a single number that corresponds to the option you choose. Do not include any additional text, punctuation or explanation.

My answer is
",1
fake_1271,1,99,7,1,39,1,3,"Today is November 5, 2024. Racially, I am white. Politically, I am a strong Republican. I attend church. I am 39 years old. I am a man. I am not very interested in politics.. Question: Do you think the federal government should be doing more about the opioid drug addiction issue, should be doing less, or is it currently doing the right amount?

Answer choices:
1. Should be doing more 2. Should be doing less 3. Is doing the right amount

When answering, respond ONLY with a single number that corresponds to the option you choose. Do not include any additional text, punctuation or explanation.

My answer is
",1
fake_1272,1,4,1,2,61,2,3,"Today is November 5, 2024. Racially, I am white. Ideologically, I am moderate. Politically, I am a strong democrat. I do not attend church. I am 61 years old. I am a woman. I am not very interested in politics.. Question: Do you think the federal government should be doing more about the opioid drug addiction issue, should be doing less, or is it currently doing the right amount?

Answer choices:
1. Should be doing more 2. Should be doing less 3. Is doing the right amount

When answering, respond ONLY with a single number that corresponds to the option you choose. Do not include any additional text, punctuation or explanation.

My answer is
",1
fake_1273,1,4,4,1,80,2,3,"Today is November 5, 2024. Racially, I am white. Ideologically, I am moderate. Politically, I am an independent. I attend church. I am 80 years old. I am a woman. I am not very interested in politics.. Question: Do you think the federal government should be doing more about the opioid drug addiction issue, should be doing less, or is it currently doing the right amount?

Answer choices:
1. Should be doing more 2. Should be doing less 3. Is doing the right amount

When answering, respond ONLY with a single number that corresponds to the option you choose. Do not include any additional text, punctuation or explanation.

My answer is
",1
fake_1274,1,6,4,2,61,2,2,"Today is November 5, 2024. Racially, I am white. Ideologically, I am conservative. Politically, I am an independent. I do not attend church. I am 61 years old. I am a woman. I am somewhat interested in politics.. Question: Do you think the federal government should be doing more about the opioid drug addiction issue, should be doing less, or is it currently doing the right amount?

Answer choices:
1. Should be doing more 2. Should be doing less 3. Is doing the right amount

When answering, respond ONLY with a single number that corresponds to the option you choose. Do not include any additional text, punctuation or explanation.

My answer is
",1
fake_1275,2,3,2,2,70,2,3,"Today is November 5, 2024. Racially, I am black. Ideologically, I am slightly liberal. Politically, I am a weak Democrat. I do not attend church. I am 70 years old. I am a woman. I am not very interested in politics.. Question: Do you think the federal government should be doing more about the opioid drug addiction issue, should be doing less, or is it currently doing the right amount?

Answer choices:
1. Should be doing more 2. Should be doing less 3. Is doing the right amount

When answering, respond ONLY with a single number that corresponds to the option you choose. Do not include any additional text, punctuation or explanation.

My answer is
",1
fake_1276,3,5,6,2,30,1,1,"Today is November 5, 2024. Racially, I am hispanic. Ideologically, I am slightly conservative. Politically, I am a weak Republican. I do not attend church. I am 30 years old. I am a man. I am very interested in politics.. Question: Do you think the federal government should be doing more about the opioid drug addiction issue, should be doing less, or is it currently doing the right amount?

Answer choices:
1. Should be doing more 2. Should be doing less 3. Is doing the right amount

When answering, respond ONLY with a single number that corresponds to the option you choose. Do not include any additional text, punctuation or explanation.

My answer is
",1
fake_1277,1,2,6,2,-2,1,3,"Today is November 5, 2024. Racially, I am white. Ideologically, I am liberal. Politically, I am a weak Republican. I do not attend church. I am a man. I am not very interested in politics.. Question: Do you think the federal government should be doing more about the opioid drug addiction issue, should be doing less, or is it currently doing the right amount?

Answer choices:
1. Should be doing more 2. Should be doing less 3. Is doing the right amount

When answering, respond ONLY with a single number that corresponds to the option you choose. Do not include any additional text, punctuation or explanation.

My answer is
",1
fake_1278,1,6,7,1,55,1,-6,"Today is November 5, 2024. Racially, I am white. Ideologically, I am conservative. Politically, I am a strong Republican. I attend church. I am 55 years old. I am a man.. Question: Do you think the federal government should be doing more about the opioid drug addiction issue, should be doing less, or is it currently doing the right amount?

Answer choices:
1. Should be doing more 2. Should be doing less 3. Is doing the right amount

When answering, respond ONLY with a single number that corresponds to the option you choose. Do not include any additional text, punctuation or explanation.

My answer is
",1
fake_1279,3,99,3,-1,56,1,2,"Today is November 5, 2024. Racially, I am hispanic. Politically, I am an independent who leans Democratic. I am 56 years old. I am a man. I am somewhat interested in politics.. Question: Do you think the federal government should be doing more about the opioid drug addiction issue, should be doing less, or is it currently doing the right amount?

Answer choices:
1. Should be doing more 2. Should be doing less 3. Is doing the right amount

When answering, respond ONLY with a single number that corresponds to the option you choose. Do not include any additional text, punctuation or explanation.

My answer is
",1
fake_1280,1,2,6,1,80,1,2,"Today is November 5, 2024. Racially, I am white. Ideologically, I am liberal. Politically, I am a weak Republican. I attend church. I am 80 years old. I am a man. I am somewhat interested in politics.. Question: Do you think the federal government should be doing more about the opioid drug addiction issue, should be doing less, or is it currently doing the right amount?

Answer choices:
1. Should be doing more 2. Should be doing less 3. Is doing the right amount

When answering, respond ONLY with a single number that corresponds to the option you choose. Do not include any additional text, punctuation or explanation.

My answer is
",1
fake_1281,-9,4,4,1,38,1,2,"Today is November 5, 2024. Ideologically, I am moderate. Politically, I am an independent. I attend church. I am 38 years old. I am a man. I am somewhat interested in politics.. Question: Do you think the federal government should be doing more about the opioid drug addiction issue, should be doing less, or is it currently doing the right amount?

Answer choices:
1. Should be doing more 2. Should be doing less 3. Is doing the right amount

When answering, respond ONLY with a single number that corresponds to the option you choose. Do not include any additional text, punctuation or explanation.

My answer is
",1
fake_1282,1,3,3,2,77,1,4,"Today is November 5, 2024. Racially, I am white. Ideologically, I am slightly liberal. Politically, I am an independent who leans Democratic. I do not attend church. I am 77 years old. I am a man. I am not at all interested in politics.. Question: Do you think the federal government should be doing more about the opioid drug addiction issue, should be doing less, or is it currently doing the right amount?

Answer choices:
1. Should be doing more 2. Should be doing less 3. Is doing the right amount

When answering, respond ONLY with a single number that corresponds to the option you choose. Do not include any additional text, punctuation or explanation.

My answer is
",1
fake_1283,1,7,3,2,57,-9,3,"Today is November 5, 2024. Racially, I am white. Ideologically, I am extremely conservative. Politically, I am an independent who leans Democratic. I do not attend church. I am 57 years old. I am not very interested in politics.. Question: Do you think the federal government should be doing more about the opioid drug addiction issue, should be doing less, or is it currently doing the right amount?

Answer choices:
1. Should be doing more 2. Should be doing less 3. Is doing the right amount

When answering, respond ONLY with a single number that corresponds to the option you choose. Do not include any additional text, punctuation or explanation.

My answer is
",1
fake_1284,1,5,1,1,-2,2,2,"Today is November 5, 2024. Racially, I am white. Ideologically, I am slightly conservative. Politically, I am a strong democrat. I attend church. I am a woman. I am somewhat interested in politics.. Question: Do you think the federal government should be doing more about the opioid drug addiction issue, should be doing less, or is it currently doing the right amount?

Answer choices:
1. Should be doing more 2. Should be doing less 3. Is doing the right amount

When answering, respond ONLY with a single number that corresponds to the option you choose. Do not include any additional text, punctuation or explanation.

My answer is
",1
fake_1285,4,4,4,1,25,2,2,"Today is November 5, 2024. Racially, I am asian. Ideologically, I am moderate. Politically, I am an independent. I attend church. I am 25 years old. I am a woman. I am somewhat interested in politics.. Question: Do you think the federal government should be doing more about the opioid drug addiction issue, should be doing less, or is it currently doing the right amount?

Answer choices:
1. Should be doing more 2. Should be doing less 3. Is doing the right amount

When answering, respond ONLY with a single number that corresponds to the option you choose. Do not include any additional text, punctuation or explanation.

My answer is
",1
fake_1286,1,3,1,2,80,1,2,"Today is November 5, 2024. Racially, I am white. Ideologically, I am slightly liberal. Politically, I am a strong democrat. I do not attend church. I am 80 years old. I am a man. I am somewhat interested in politics.. Question: Do you think the federal government should be doing more about the opioid drug addiction issue, should be doing less, or is it currently doing the right amount?

Answer choices:
1. Should be doing more 2. Should be doing less 3. Is doing the right amount

When answering, respond ONLY with a single number that corresponds to the option you choose. Do not include any additional text, punctuation or explanation.

My answer is
",1
fake_1287,1,99,3,2,70,1,3,"Today is November 5, 2024. Racially, I am white. Politically, I am an independent who leans Democratic. I do not attend church. I am 70 years old. I am a man. I am not very interested in politics.. Question: Do you think the federal government should be doing more about the opioid drug addiction issue, should be doing less, or is it currently doing the right amount?

Answer choices:
1. Should be doing more 2. Should be doing less 3. Is doing the right amount

When answering, respond ONLY with a single number that corresponds to the option you choose. Do not include any additional text, punctuation or explanation.

My answer is
",1
fake_1288,3,5,1,2,68,1,2,"Today is November 5, 2024. Racially, I am hispanic. Ideologically, I am slightly conservative. Politically, I am a strong democrat. I do not attend church. I am 68 years old. I am a man. I am somewhat interested in politics.. Question: Do you think the federal government should be doing more about the opioid drug addiction issue, should be doing less, or is it currently doing the right amount?

Answer choices:
1. Should be doing more 2. Should be doing less 3. Is doing the right amount

When answering, respond ONLY with a single number that corresponds to the option you choose. Do not include any additional text, punctuation or explanation.

My answer is
",1
fake_1289,1,3,5,1,71,1,1,"Today is November 5, 2024. Racially, I am white. Ideologically, I am slightly liberal. Politically, I am an independent who leans Republican. I attend church. I am 71 years old. I am a man. I am very interested in politics.. Question: Do you think the federal government should be doing more about the opioid drug addiction issue, should be doing less, or is it currently doing the right amount?

Answer choices:
1. Should be doing more 2. Should be doing less 3. Is doing the right amount

When answering, respond ONLY with a single number that corresponds to the option you choose. Do not include any additional text, punctuation or explanation.

My answer is
",1
fake_1290,1,3,5,1,24,1,2,"Today is November 5, 2024. Racially, I am white. Ideologically, I am slightly liberal. Politically, I am an independent who leans Republican. I attend church. I am 24 years old. I am a man. I am somewhat interested in politics.. Question: Do you think the federal government should be doing more about the opioid drug addiction issue, should be doing less, or is it currently doing the right amount?

Answer choices:
1. Should be doing more 2. Should be doing less 3. Is doing the right amount

When answering, respond ONLY with a single number that corresponds to the option you choose. Do not include any additional text, punctuation or explanation.

My answer is
",1
fake_1291,1,4,7,1,52,1,2,"Today is November 5, 2024. Racially, I am white. Ideologically, I am moderate. Politically, I am a strong Republican. I attend church. I am 52 years old. I am a man. I am somewhat interested in politics.. Question: Do you think the federal government should be doing more about the opioid drug addiction issue, should be doing less, or is it currently doing the right amount?

Answer choices:
1. Should be doing more 2. Should be doing less 3. Is doing the right amount

When answering, respond ONLY with a single number that corresponds to the option you choose. Do not include any additional text, punctuation or explanation.

My answer is
",1
fake_1292,1,5,4,1,-2,2,2,"Today is November 5, 2024. Racially, I am white. Ideologically, I am slightly conservative. Politically, I am an independent. I attend church. I am a woman. I am somewhat interested in politics.. Question: Do you think the federal government should be doing more about the opioid drug addiction issue, should be doing less, or is it currently doing the right amount?

Answer choices:
1. Should be doing more 2. Should be doing less 3. Is doing the right amount

When answering, respond ONLY with a single number that corresponds to the option you choose. Do not include any additional text, punctuation or explanation.

My answer is
",1
fake_1293,1,2,6,1,47,1,2,"Today is November 5, 2024. Racially, I am white. Ideologically, I am liberal. Politically, I am a weak Republican. I attend church. I am 47 years old. I am a man. I am somewhat interested in politics.. Question: Do you think the federal government should be doing more about the opioid drug addiction issue, should be doing less, or is it currently doing the right amount?

Answer choices:
1. Should be doing more 2. Should be doing less 3. Is doing the right amount

When answering, respond ONLY with a single number that corresponds to the option you choose. Do not include any additional text, punctuation or explanation.

My answer is
",1
fake_1294,3,4,4,2,74,2,2,"Today is November 5, 2024. Racially, I am hispanic. Ideologically, I am moderate. Politically, I am an independent. I do not attend church. I am 74 years old. I am a woman. I am somewhat interested in politics.. Question: Do you think the federal government should be doing more about the opioid drug addiction issue, should be doing less, or is it currently doing the right amount?

Answer choices:
1. Should be doing more 2. Should be doing less 3. Is doing the right amount

When answering, respond ONLY with a single number that corresponds to the option you choose. Do not include any additional text, punctuation or explanation.

My answer is
",1
fake_1295,1,5,2,1,-2,1,2,"Today is November 5, 2024. Racially, I am white. Ideologically, I am slightly conservative. Politically, I am a weak Democrat. I attend church. I am a man. I am somewhat interested in politics.. Question: Do you think the federal government should be doing more about the opioid drug addiction issue, should be doing less, or is it currently doing the right amount?

Answer choices:
1. Should be doing more 2. Should be doing less 3. Is doing the right amount

When answering, respond ONLY with a single number that corresponds to the option you choose. Do not include any additional text, punctuation or explanation.

My answer is
",1
fake_1296,1,6,-9,2,67,1,4,"Today is November 5, 2024. Racially, I am white. Ideologically, I am conservative. I do not attend church. I am 67 years old. I am a man. I am not at all interested in politics.. Question: Do you think the federal government should be doing more about the opioid drug addiction issue, should be doing less, or is it currently doing the right amount?

Answer choices:
1. Should be doing more 2. Should be doing less 3. Is doing the right amount

When answering, respond ONLY with a single number that corresponds to the option you choose. Do not include any additional text, punctuation or explanation.

My answer is
",1
fake_1297,1,3,2,1,44,2,3,"Today is November 5, 2024. Racially, I am white. Ideologically, I am slightly liberal. Politically, I am a weak Democrat. I attend church. I am 44 years old. I am a woman. I am not very interested in politics.. Question: Do you think the federal government should be doing more about the opioid drug addiction issue, should be doing less, or is it currently doing the right amount?

Answer choices:
1. Should be doing more 2. Should be doing less 3. Is doing the right amount

When answering, respond ONLY with a single number that corresponds to the option you choose. Do not include any additional text, punctuation or explanation.

My answer is
",1
fake_1298,1,4,7,2,57,1,2,"Today is November 5, 2024. Racially, I am white. Ideologically, I am moderate. Politically, I am a strong Republican. I do not attend church. I am 57 years old. I am a man. I am somewhat interested in politics.. Question: Do you think the federal government should be doing more about the opioid drug addiction issue, should be doing less, or is it currently doing the right amount?

Answer choices:
1. Should be doing more 2. Should be doing less 3. Is doing the right amount

When answering, respond ONLY with a single number that corresponds to the option you choose. Do not include any additional text, punctuation or explanation.

My answer is
",1
fake_1299,5,99,5,1,28,1,2,"Today is November 5, 2024. Racially, I am native American. Politically, I am an independent who leans Republican. I attend church. I am 28 years old. I am a man. I am somewhat interested in politics.. Question: Do you think the federal government should be doing more about the opioid drug addiction issue, should be doing less, or is it currently doing the right amount?

Answer choices:
1. Should be doing more 2. Should be doing less 3. Is doing the right amount

When answering, respond ONLY with a single number that corresponds to the option you choose. Do not include any additional text, punctuation or explanation.

My answer is
",1
fake_1300,3,3,1,1,58,2,-6,"Today is November 5, 2024. Racially, I am hispanic. Ideologically, I am slightly liberal. Politically, I am a strong democrat. I attend church. I am 58 years old. I am a woman.. Question: Do you think the federal government should be doing more about the opioid drug addiction issue, should be doing less, or is it currently doing the right amount?

Answer choices:
1. Should be doing more 2. Should be doing less 3. Is doing the right amount

When answering, respond ONLY with a single number that corresponds to the option you choose. Do not include any additional text, punctuation or explanation.

My answer is
",1
fake_1301,1,6,1,1,-2,1,4,"Today is November 5, 2024. Racially, I am white. Ideologically, I am conservative. Politically, I am a strong democrat. I attend church. I am a man. I am not at all interested in politics.. Question: Do you think the federal government should be doing more about the opioid drug addiction issue, should be doing less, or is it currently doing the right amount?

Answer choices:
1. Should be doing more 2. Should be doing less 3. Is doing the right amount

When answering, respond ONLY with a single number that corresponds to the option you choose. Do not include any additional text, punctuation or explanation.

My answer is
",1
fake_1302,3,6,5,1,66,2,2,"Today is November 5, 2024. Racially, I am hispanic. Ideologically, I am conservative. Politically, I am an independent who leans Republican. I attend church. I am 66 years old. I am a woman. I am somewhat interested in politics.. Question: Do you think the federal government should be doing more about the opioid drug addiction issue, should be doing less, or is it currently doing the right amount?

Answer choices:
1. Should be doing more 2. Should be doing less 3. Is doing the right amount

When answering, respond ONLY with a single number that corresponds to the option you choose. Do not include any additional text, punctuation or explanation.

My answer is
",1
fake_1303,1,99,3,1,37,1,2,"Today is November 5, 2024. Racially, I am white. Politically, I am an independent who leans Democratic. I attend church. I am 37 years old. I am a man. I am somewhat interested in politics.. Question: Do you think the federal government should be doing more about the opioid drug addiction issue, should be doing less, or is it currently doing the right amount?

Answer choices:
1. Should be doing more 2. Should be doing less 3. Is doing the right amount

When answering, respond ONLY with a single number that corresponds to the option you choose. Do not include any additional text, punctuation or explanation.

My answer is
",1
fake_1304,2,5,2,1,43,2,-6,"Today is November 5, 2024. Racially, I am black. Ideologically, I am slightly conservative. Politically, I am a weak Democrat. I attend church. I am 43 years old. I am a woman.. Question: Do you think the federal government should be doing more about the opioid drug addiction issue, should be doing less, or is it currently doing the right amount?

Answer choices:
1. Should be doing more 2. Should be doing less 3. Is doing the right amount

When answering, respond ONLY with a single number that corresponds to the option you choose. Do not include any additional text, punctuation or explanation.

My answer is
",1
fake_1305,1,4,7,1,29,1,4,"Today is November 5, 2024. Racially, I am white. Ideologically, I am moderate. Politically, I am a strong Republican. I attend church. I am 29 years old. I am a man. I am not at all interested in politics.. Question: Do you think the federal government should be doing more about the opioid drug addiction issue, should be doing less, or is it currently doing the right amount?

Answer choices:
1. Should be doing more 2. Should be doing less 3. Is doing the right amount

When answering, respond ONLY with a single number that corresponds to the option you choose. Do not include any additional text, punctuation or explanation.

My answer is
",1
fake_1306,1,5,1,1,66,1,2,"Today is November 5, 2024. Racially, I am white. Ideologically, I am slightly conservative. Politically, I am a strong democrat. I attend church. I am 66 years old. I am a man. I am somewhat interested in politics.. Question: Do you think the federal government should be doing more about the opioid drug addiction issue, should be doing less, or is it currently doing the right amount?

Answer choices:
1. Should be doing more 2. Should be doing less 3. Is doing the right amount

When answering, respond ONLY with a single number that corresponds to the option you choose. Do not include any additional text, punctuation or explanation.

My answer is
",1
fake_1307,6,2,5,2,36,1,1,"Today is November 5, 2024. Ideologically, I am liberal. Politically, I am an independent who leans Republican. I do not attend church. I am 36 years old. I am a man. I am very interested in politics.. Question: Do you think the federal government should be doing more about the opioid drug addiction issue, should be doing less, or is it currently doing the right amount?

Answer choices:
1. Should be doing more 2. Should be doing less 3. Is doing the right amount

When answering, respond ONLY with a single number that corresponds to the option you choose. Do not include any additional text, punctuation or explanation.

My answer is
",1
fake_1308,1,6,1,1,72,2,1,"Today is November 5, 2024. Racially, I am white. Ideologically, I am conservative. Politically, I am a strong democrat. I attend church. I am 72 years old. I am a woman. I am very interested in politics.. Question: Do you think the federal government should be doing more about the opioid drug addiction issue, should be doing less, or is it currently doing the right amount?

Answer choices:
1. Should be doing more 2. Should be doing less 3. Is doing the right amount

When answering, respond ONLY with a single number that corresponds to the option you choose. Do not include any additional text, punctuation or explanation.

My answer is
",1
fake_1309,1,99,5,2,63,1,2,"Today is November 5, 2024. Racially, I am white. Politically, I am an independent who leans Republican. I do not attend church. I am 63 years old. I am a man. I am somewhat interested in politics.. Question: Do you think the federal government should be doing more about the opioid drug addiction issue, should be doing less, or is it currently doing the right amount?

Answer choices:
1. Should be doing more 2. Should be doing less 3. Is doing the right amount

When answering, respond ONLY with a single number that corresponds to the option you choose. Do not include any additional text, punctuation or explanation.

My answer is
",1
fake_1310,4,4,1,1,79,2,-6,"Today is November 5, 2024. Racially, I am asian. Ideologically, I am moderate. Politically, I am a strong democrat. I attend church. I am 79 years old. I am a woman.. Question: Do you think the federal government should be doing more about the opioid drug addiction issue, should be doing less, or is it currently doing the right amount?

Answer choices:
1. Should be doing more 2. Should be doing less 3. Is doing the right amount

When answering, respond ONLY with a single number that corresponds to the option you choose. Do not include any additional text, punctuation or explanation.

My answer is
",1
fake_1311,-9,5,1,1,42,1,1,"Today is November 5, 2024. Ideologically, I am slightly conservative. Politically, I am a strong democrat. I attend church. I am 42 years old. I am a man. I am very interested in politics.. Question: Do you think the federal government should be doing more about the opioid drug addiction issue, should be doing less, or is it currently doing the right amount?

Answer choices:
1. Should be doing more 2. Should be doing less 3. Is doing the right amount

When answering, respond ONLY with a single number that corresponds to the option you choose. Do not include any additional text, punctuation or explanation.

My answer is
",1
fake_1312,1,4,2,2,66,2,1,"Today is November 5, 2024. Racially, I am white. Ideologically, I am moderate. Politically, I am a weak Democrat. I do not attend church. I am 66 years old. I am a woman. I am very interested in politics.. Question: Do you think the federal government should be doing more about the opioid drug addiction issue, should be doing less, or is it currently doing the right amount?

Answer choices:
1. Should be doing more 2. Should be doing less 3. Is doing the right amount

When answering, respond ONLY with a single number that corresponds to the option you choose. Do not include any additional text, punctuation or explanation.

My answer is
",1
fake_1313,3,4,1,1,-2,2,2,"Today is November 5, 2024. Racially, I am hispanic. Ideologically, I am moderate. Politically, I am a strong democrat. I attend church. I am a woman. I am somewhat interested in politics.. Question: Do you think the federal government should be doing more about the opioid drug addiction issue, should be doing less, or is it currently doing the right amount?

Answer choices:
1. Should be doing more 2. Should be doing less 3. Is doing the right amount

When answering, respond ONLY with a single number that corresponds to the option you choose. Do not include any additional text, punctuation or explanation.

My answer is
",1
fake_1314,1,4,1,1,58,1,4,"Today is November 5, 2024. Racially, I am white. Ideologically, I am moderate. Politically, I am a strong democrat. I attend church. I am 58 years old. I am a man. I am not at all interested in politics.. Question: Do you think the federal government should be doing more about the opioid drug addiction issue, should be doing less, or is it currently doing the right amount?

Answer choices:
1. Should be doing more 2. Should be doing less 3. Is doing the right amount

When answering, respond ONLY with a single number that corresponds to the option you choose. Do not include any additional text, punctuation or explanation.

My answer is
",1
fake_1315,1,99,5,2,74,2,2,"Today is November 5, 2024. Racially, I am white. Politically, I am an independent who leans Republican. I do not attend church. I am 74 years old. I am a woman. I am somewhat interested in politics.. Question: Do you think the federal government should be doing more about the opioid drug addiction issue, should be doing less, or is it currently doing the right amount?

Answer choices:
1. Should be doing more 2. Should be doing less 3. Is doing the right amount

When answering, respond ONLY with a single number that corresponds to the option you choose. Do not include any additional text, punctuation or explanation.

My answer is
",1
fake_1316,1,4,5,1,20,1,4,"Today is November 5, 2024. Racially, I am white. Ideologically, I am moderate. Politically, I am an independent who leans Republican. I attend church. I am 20 years old. I am a man. I am not at all interested in politics.. Question: Do you think the federal government should be doing more about the opioid drug addiction issue, should be doing less, or is it currently doing the right amount?

Answer choices:
1. Should be doing more 2. Should be doing less 3. Is doing the right amount

When answering, respond ONLY with a single number that corresponds to the option you choose. Do not include any additional text, punctuation or explanation.

My answer is
",1
fake_1317,1,4,7,2,-2,2,2,"Today is November 5, 2024. Racially, I am white. Ideologically, I am moderate. Politically, I am a strong Republican. I do not attend church. I am a woman. I am somewhat interested in politics.. Question: Do you think the federal government should be doing more about the opioid drug addiction issue, should be doing less, or is it currently doing the right amount?

Answer choices:
1. Should be doing more 2. Should be doing less 3. Is doing the right amount

When answering, respond ONLY with a single number that corresponds to the option you choose. Do not include any additional text, punctuation or explanation.

My answer is
",1
fake_1318,1,2,3,1,53,-9,1,"Today is November 5, 2024. Racially, I am white. Ideologically, I am liberal. Politically, I am an independent who leans Democratic. I attend church. I am 53 years old. I am very interested in politics.. Question: Do you think the federal government should be doing more about the opioid drug addiction issue, should be doing less, or is it currently doing the right amount?

Answer choices:
1. Should be doing more 2. Should be doing less 3. Is doing the right amount

When answering, respond ONLY with a single number that corresponds to the option you choose. Do not include any additional text, punctuation or explanation.

My answer is
",1
fake_1319,1,4,1,2,62,2,-6,"Today is November 5, 2024. Racially, I am white. Ideologically, I am moderate. Politically, I am a strong democrat. I do not attend church. I am 62 years old. I am a woman.. Question: Do you think the federal government should be doing more about the opioid drug addiction issue, should be doing less, or is it currently doing the right amount?

Answer choices:
1. Should be doing more 2. Should be doing less 3. Is doing the right amount

When answering, respond ONLY with a single number that corresponds to the option you choose. Do not include any additional text, punctuation or explanation.

My answer is
",1
fake_1320,1,5,4,2,43,1,3,"Today is November 5, 2024. Racially, I am white. Ideologically, I am slightly conservative. Politically, I am an independent. I do not attend church. I am 43 years old. I am a man. I am not very interested in politics.. Question: Do you think the federal government should be doing more about the opioid drug addiction issue, should be doing less, or is it currently doing the right amount?

Answer choices:
1. Should be doing more 2. Should be doing less 3. Is doing the right amount

When answering, respond ONLY with a single number that corresponds to the option you choose. Do not include any additional text, punctuation or explanation.

My answer is
",1
fake_1321,6,6,7,1,49,1,4,"Today is November 5, 2024. Ideologically, I am conservative. Politically, I am a strong Republican. I attend church. I am 49 years old. I am a man. I am not at all interested in politics.. Question: Do you think the federal government should be doing more about the opioid drug addiction issue, should be doing less, or is it currently doing the right amount?

Answer choices:
1. Should be doing more 2. Should be doing less 3. Is doing the right amount

When answering, respond ONLY with a single number that corresponds to the option you choose. Do not include any additional text, punctuation or explanation.

My answer is
",1
fake_1322,1,6,1,2,46,1,2,"Today is November 5, 2024. Racially, I am white. Ideologically, I am conservative. Politically, I am a strong democrat. I do not attend church. I am 46 years old. I am a man. I am somewhat interested in politics.. Question: Do you think the federal government should be doing more about the opioid drug addiction issue, should be doing less, or is it currently doing the right amount?

Answer choices:
1. Should be doing more 2. Should be doing less 3. Is doing the right amount

When answering, respond ONLY with a single number that corresponds to the option you choose. Do not include any additional text, punctuation or explanation.

My answer is
",1
fake_1323,1,3,2,1,80,1,1,"Today is November 5, 2024. Racially, I am white. Ideologically, I am slightly liberal. Politically, I am a weak Democrat. I attend church. I am 80 years old. I am a man. I am very interested in politics.. Question: Do you think the federal government should be doing more about the opioid drug addiction issue, should be doing less, or is it currently doing the right amount?

Answer choices:
1. Should be doing more 2. Should be doing less 3. Is doing the right amount

When answering, respond ONLY with a single number that corresponds to the option you choose. Do not include any additional text, punctuation or explanation.

My answer is
",1
fake_1324,1,3,7,2,38,2,2,"Today is November 5, 2024. Racially, I am white. Ideologically, I am slightly liberal. Politically, I am a strong Republican. I do not attend church. I am 38 years old. I am a woman. I am somewhat interested in politics.. Question: Do you think the federal government should be doing more about the opioid drug addiction issue, should be doing less, or is it currently doing the right amount?

Answer choices:
1. Should be doing more 2. Should be doing less 3. Is doing the right amount

When answering, respond ONLY with a single number that corresponds to the option you choose. Do not include any additional text, punctuation or explanation.

My answer is
",1
fake_1325,1,99,3,2,69,2,3,"Today is November 5, 2024. Racially, I am white. Politically, I am an independent who leans Democratic. I do not attend church. I am 69 years old. I am a woman. I am not very interested in politics.. Question: Do you think the federal government should be doing more about the opioid drug addiction issue, should be doing less, or is it currently doing the right amount?

Answer choices:
1. Should be doing more 2. Should be doing less 3. Is doing the right amount

When answering, respond ONLY with a single number that corresponds to the option you choose. Do not include any additional text, punctuation or explanation.

My answer is
",1
fake_1326,1,4,6,2,59,2,2,"Today is November 5, 2024. Racially, I am white. Ideologically, I am moderate. Politically, I am a weak Republican. I do not attend church. I am 59 years old. I am a woman. I am somewhat interested in politics.. Question: Do you think the federal government should be doing more about the opioid drug addiction issue, should be doing less, or is it currently doing the right amount?

Answer choices:
1. Should be doing more 2. Should be doing less 3. Is doing the right amount

When answering, respond ONLY with a single number that corresponds to the option you choose. Do not include any additional text, punctuation or explanation.

My answer is
",1
fake_1327,2,99,1,1,22,2,3,"Today is November 5, 2024. Racially, I am black. Politically, I am a strong democrat. I attend church. I am 22 years old. I am a woman. I am not very interested in politics.. Question: Do you think the federal government should be doing more about the opioid drug addiction issue, should be doing less, or is it currently doing the right amount?

Answer choices:
1. Should be doing more 2. Should be doing less 3. Is doing the right amount

When answering, respond ONLY with a single number that corresponds to the option you choose. Do not include any additional text, punctuation or explanation.

My answer is
",1
fake_1328,1,1,3,-1,71,2,4,"Today is November 5, 2024. Racially, I am white. Ideologically, I am extremely liberal. Politically, I am an independent who leans Democratic. I am 71 years old. I am a woman. I am not at all interested in politics.. Question: Do you think the federal government should be doing more about the opioid drug addiction issue, should be doing less, or is it currently doing the right amount?

Answer choices:
1. Should be doing more 2. Should be doing less 3. Is doing the right amount

When answering, respond ONLY with a single number that corresponds to the option you choose. Do not include any additional text, punctuation or explanation.

My answer is
",1
fake_1329,1,6,1,1,70,2,3,"Today is November 5, 2024. Racially, I am white. Ideologically, I am conservative. Politically, I am a strong democrat. I attend church. I am 70 years old. I am a woman. I am not very interested in politics.. Question: Do you think the federal government should be doing more about the opioid drug addiction issue, should be doing less, or is it currently doing the right amount?

Answer choices:
1. Should be doing more 2. Should be doing less 3. Is doing the right amount

When answering, respond ONLY with a single number that corresponds to the option you choose. Do not include any additional text, punctuation or explanation.

My answer is
",1
fake_1330,3,99,7,2,50,2,4,"Today is November 5, 2024. Racially, I am hispanic. Politically, I am a strong Republican. I do not attend church. I am 50 years old. I am a woman. I am not at all interested in politics.. Question: Do you think the federal government should be doing more about the opioid drug addiction issue, should be doing less, or is it currently doing the right amount?

Answer choices:
1. Should be doing more 2. Should be doing less 3. Is doing the right amount

When answering, respond ONLY with a single number that corresponds to the option you choose. Do not include any additional text, punctuation or explanation.

My answer is
",1
fake_1331,3,6,7,1,20,2,1,"Today is November 5, 2024. Racially, I am hispanic. Ideologically, I am conservative. Politically, I am a strong Republican. I attend church. I am 20 years old. I am a woman. I am very interested in politics.. Question: Do you think the federal government should be doing more about the opioid drug addiction issue, should be doing less, or is it currently doing the right amount?

Answer choices:
1. Should be doing more 2. Should be doing less 3. Is doing the right amount

When answering, respond ONLY with a single number that corresponds to the option you choose. Do not include any additional text, punctuation or explanation.

My answer is
",1
fake_1332,1,2,2,1,59,1,2,"Today is November 5, 2024. Racially, I am white. Ideologically, I am liberal. Politically, I am a weak Democrat. I attend church. I am 59 years old. I am a man. I am somewhat interested in politics.. Question: Do you think the federal government should be doing more about the opioid drug addiction issue, should be doing less, or is it currently doing the right amount?

Answer choices:
1. Should be doing more 2. Should be doing less 3. Is doing the right amount

When answering, respond ONLY with a single number that corresponds to the option you choose. Do not include any additional text, punctuation or explanation.

My answer is
",1
fake_1333,1,4,5,2,60,1,2,"Today is November 5, 2024. Racially, I am white. Ideologically, I am moderate. Politically, I am an independent who leans Republican. I do not attend church. I am 60 years old. I am a man. I am somewhat interested in politics.. Question: Do you think the federal government should be doing more about the opioid drug addiction issue, should be doing less, or is it currently doing the right amount?

Answer choices:
1. Should be doing more 2. Should be doing less 3. Is doing the right amount

When answering, respond ONLY with a single number that corresponds to the option you choose. Do not include any additional text, punctuation or explanation.

My answer is
",1
fake_1334,1,6,1,2,44,2,-6,"Today is November 5, 2024. Racially, I am white. Ideologically, I am conservative. Politically, I am a strong democrat. I do not attend church. I am 44 years old. I am a woman.. Question: Do you think the federal government should be doing more about the opioid drug addiction issue, should be doing less, or is it currently doing the right amount?

Answer choices:
1. Should be doing more 2. Should be doing less 3. Is doing the right amount

When answering, respond ONLY with a single number that corresponds to the option you choose. Do not include any additional text, punctuation or explanation.

My answer is
",1
fake_1335,1,1,1,1,55,2,4,"Today is November 5, 2024. Racially, I am white. Ideologically, I am extremely liberal. Politically, I am a strong democrat. I attend church. I am 55 years old. I am a woman. I am not at all interested in politics.. Question: Do you think the federal government should be doing more about the opioid drug addiction issue, should be doing less, or is it currently doing the right amount?

Answer choices:
1. Should be doing more 2. Should be doing less 3. Is doing the right amount

When answering, respond ONLY with a single number that corresponds to the option you choose. Do not include any additional text, punctuation or explanation.

My answer is
",1
fake_1336,1,3,4,1,66,2,2,"Today is November 5, 2024. Racially, I am white. Ideologically, I am slightly liberal. Politically, I am an independent. I attend church. I am 66 years old. I am a woman. I am somewhat interested in politics.. Question: Do you think the federal government should be doing more about the opioid drug addiction issue, should be doing less, or is it currently doing the right amount?

Answer choices:
1. Should be doing more 2. Should be doing less 3. Is doing the right amount

When answering, respond ONLY with a single number that corresponds to the option you choose. Do not include any additional text, punctuation or explanation.

My answer is
",1
fake_1337,3,3,1,1,27,2,2,"Today is November 5, 2024. Racially, I am hispanic. Ideologically, I am slightly liberal. Politically, I am a strong democrat. I attend church. I am 27 years old. I am a woman. I am somewhat interested in politics.. Question: Do you think the federal government should be doing more about the opioid drug addiction issue, should be doing less, or is it currently doing the right amount?

Answer choices:
1. Should be doing more 2. Should be doing less 3. Is doing the right amount

When answering, respond ONLY with a single number that corresponds to the option you choose. Do not include any additional text, punctuation or explanation.

My answer is
",1
fake_1338,1,6,7,-1,43,2,-6,"Today is November 5, 2024. Racially, I am white. Ideologically, I am conservative. Politically, I am a strong Republican. I am 43 years old. I am a woman.. Question: Do you think the federal government should be doing more about the opioid drug addiction issue, should be doing less, or is it currently doing the right amount?

Answer choices:
1. Should be doing more 2. Should be doing less 3. Is doing the right amount

When answering, respond ONLY with a single number that corresponds to the option you choose. Do not include any additional text, punctuation or explanation.

My answer is
",1
fake_1339,2,5,7,2,60,2,2,"Today is November 5, 2024. Racially, I am black. Ideologically, I am slightly conservative. Politically, I am a strong Republican. I do not attend church. I am 60 years old. I am a woman. I am somewhat interested in politics.. Question: Do you think the federal government should be doing more about the opioid drug addiction issue, should be doing less, or is it currently doing the right amount?

Answer choices:
1. Should be doing more 2. Should be doing less 3. Is doing the right amount

When answering, respond ONLY with a single number that corresponds to the option you choose. Do not include any additional text, punctuation or explanation.

My answer is
",1
fake_1340,1,5,-9,1,69,2,3,"Today is November 5, 2024. Racially, I am white. Ideologically, I am slightly conservative. I attend church. I am 69 years old. I am a woman. I am not very interested in politics.. Question: Do you think the federal government should be doing more about the opioid drug addiction issue, should be doing less, or is it currently doing the right amount?

Answer choices:
1. Should be doing more 2. Should be doing less 3. Is doing the right amount

When answering, respond ONLY with a single number that corresponds to the option you choose. Do not include any additional text, punctuation or explanation.

My answer is
",1
fake_1341,4,4,1,2,36,2,2,"Today is November 5, 2024. Racially, I am asian. Ideologically, I am moderate. Politically, I am a strong democrat. I do not attend church. I am 36 years old. I am a woman. I am somewhat interested in politics.. Question: Do you think the federal government should be doing more about the opioid drug addiction issue, should be doing less, or is it currently doing the right amount?

Answer choices:
1. Should be doing more 2. Should be doing less 3. Is doing the right amount

When answering, respond ONLY with a single number that corresponds to the option you choose. Do not include any additional text, punctuation or explanation.

My answer is
",1
fake_1342,1,99,2,2,80,1,4,"Today is November 5, 2024. Racially, I am white. Politically, I am a weak Democrat. I do not attend church. I am 80 years old. I am a man. I am not at all interested in politics.. Question: Do you think the federal government should be doing more about the opioid drug addiction issue, should be doing less, or is it currently doing the right amount?

Answer choices:
1. Should be doing more 2. Should be doing less 3. Is doing the right amount

When answering, respond ONLY with a single number that corresponds to the option you choose. Do not include any additional text, punctuation or explanation.

My answer is
",1
fake_1343,1,3,2,2,63,2,1,"Today is November 5, 2024. Racially, I am white. Ideologically, I am slightly liberal. Politically, I am a weak Democrat. I do not attend church. I am 63 years old. I am a woman. I am very interested in politics.. Question: Do you think the federal government should be doing more about the opioid drug addiction issue, should be doing less, or is it currently doing the right amount?

Answer choices:
1. Should be doing more 2. Should be doing less 3. Is doing the right amount

When answering, respond ONLY with a single number that corresponds to the option you choose. Do not include any additional text, punctuation or explanation.

My answer is
",1
fake_1344,6,1,3,2,43,1,2,"Today is November 5, 2024. Ideologically, I am extremely liberal. Politically, I am an independent who leans Democratic. I do not attend church. I am 43 years old. I am a man. I am somewhat interested in politics.. Question: Do you think the federal government should be doing more about the opioid drug addiction issue, should be doing less, or is it currently doing the right amount?

Answer choices:
1. Should be doing more 2. Should be doing less 3. Is doing the right amount

When answering, respond ONLY with a single number that corresponds to the option you choose. Do not include any additional text, punctuation or explanation.

My answer is
",1
fake_1345,3,5,5,1,80,1,2,"Today is November 5, 2024. Racially, I am hispanic. Ideologically, I am slightly conservative. Politically, I am an independent who leans Republican. I attend church. I am 80 years old. I am a man. I am somewhat interested in politics.. Question: Do you think the federal government should be doing more about the opioid drug addiction issue, should be doing less, or is it currently doing the right amount?

Answer choices:
1. Should be doing more 2. Should be doing less 3. Is doing the right amount

When answering, respond ONLY with a single number that corresponds to the option you choose. Do not include any additional text, punctuation or explanation.

My answer is
",1
fake_1346,1,6,1,1,53,2,2,"Today is November 5, 2024. Racially, I am white. Ideologically, I am conservative. Politically, I am a strong democrat. I attend church. I am 53 years old. I am a woman. I am somewhat interested in politics.. Question: Do you think the federal government should be doing more about the opioid drug addiction issue, should be doing less, or is it currently doing the right amount?

Answer choices:
1. Should be doing more 2. Should be doing less 3. Is doing the right amount

When answering, respond ONLY with a single number that corresponds to the option you choose. Do not include any additional text, punctuation or explanation.

My answer is
",1
fake_1347,1,6,5,1,79,2,-6,"Today is November 5, 2024. Racially, I am white. Ideologically, I am conservative. Politically, I am an independent who leans Republican. I attend church. I am 79 years old. I am a woman.. Question: Do you think the federal government should be doing more about the opioid drug addiction issue, should be doing less, or is it currently doing the right amount?

Answer choices:
1. Should be doing more 2. Should be doing less 3. Is doing the right amount

When answering, respond ONLY with a single number that corresponds to the option you choose. Do not include any additional text, punctuation or explanation.

My answer is
",1
fake_1348,1,2,3,1,23,2,2,"Today is November 5, 2024. Racially, I am white. Ideologically, I am liberal. Politically, I am an independent who leans Democratic. I attend church. I am 23 years old. I am a woman. I am somewhat interested in politics.. Question: Do you think the federal government should be doing more about the opioid drug addiction issue, should be doing less, or is it currently doing the right amount?

Answer choices:
1. Should be doing more 2. Should be doing less 3. Is doing the right amount

When answering, respond ONLY with a single number that corresponds to the option you choose. Do not include any additional text, punctuation or explanation.

My answer is
",1
fake_1349,6,99,1,2,66,1,1,"Today is November 5, 2024. Politically, I am a strong democrat. I do not attend church. I am 66 years old. I am a man. I am very interested in politics.. Question: Do you think the federal government should be doing more about the opioid drug addiction issue, should be doing less, or is it currently doing the right amount?

Answer choices:
1. Should be doing more 2. Should be doing less 3. Is doing the right amount

When answering, respond ONLY with a single number that corresponds to the option you choose. Do not include any additional text, punctuation or explanation.

My answer is
",1
fake_1350,1,99,1,1,32,2,2,"Today is November 5, 2024. Racially, I am white. Politically, I am a strong democrat. I attend church. I am 32 years old. I am a woman. I am somewhat interested in politics.. Question: Do you think the federal government should be doing more about the opioid drug addiction issue, should be doing less, or is it currently doing the right amount?

Answer choices:
1. Should be doing more 2. Should be doing less 3. Is doing the right amount

When answering, respond ONLY with a single number that corresponds to the option you choose. Do not include any additional text, punctuation or explanation.

My answer is
",1
fake_1351,1,2,1,1,40,1,-6,"Today is November 5, 2024. Racially, I am white. Ideologically, I am liberal. Politically, I am a strong democrat. I attend church. I am 40 years old. I am a man.. Question: Do you think the federal government should be doing more about the opioid drug addiction issue, should be doing less, or is it currently doing the right amount?

Answer choices:
1. Should be doing more 2. Should be doing less 3. Is doing the right amount

When answering, respond ONLY with a single number that corresponds to the option you choose. Do not include any additional text, punctuation or explanation.

My answer is
",1
fake_1352,1,2,7,1,-2,2,1,"Today is November 5, 2024. Racially, I am white. Ideologically, I am liberal. Politically, I am a strong Republican. I attend church. I am a woman. I am very interested in politics.. Question: Do you think the federal government should be doing more about the opioid drug addiction issue, should be doing less, or is it currently doing the right amount?

Answer choices:
1. Should be doing more 2. Should be doing less 3. Is doing the right amount

When answering, respond ONLY with a single number that corresponds to the option you choose. Do not include any additional text, punctuation or explanation.

My answer is
",1
fake_1353,2,4,3,1,44,2,2,"Today is November 5, 2024. Racially, I am black. Ideologically, I am moderate. Politically, I am an independent who leans Democratic. I attend church. I am 44 years old. I am a woman. I am somewhat interested in politics.. Question: Do you think the federal government should be doing more about the opioid drug addiction issue, should be doing less, or is it currently doing the right amount?

Answer choices:
1. Should be doing more 2. Should be doing less 3. Is doing the right amount

When answering, respond ONLY with a single number that corresponds to the option you choose. Do not include any additional text, punctuation or explanation.

My answer is
",1
fake_1354,1,6,5,1,80,2,2,"Today is November 5, 2024. Racially, I am white. Ideologically, I am conservative. Politically, I am an independent who leans Republican. I attend church. I am 80 years old. I am a woman. I am somewhat interested in politics.. Question: Do you think the federal government should be doing more about the opioid drug addiction issue, should be doing less, or is it currently doing the right amount?

Answer choices:
1. Should be doing more 2. Should be doing less 3. Is doing the right amount

When answering, respond ONLY with a single number that corresponds to the option you choose. Do not include any additional text, punctuation or explanation.

My answer is
",1
fake_1355,1,99,1,1,43,1,3,"Today is November 5, 2024. Racially, I am white. Politically, I am a strong democrat. I attend church. I am 43 years old. I am a man. I am not very interested in politics.. Question: Do you think the federal government should be doing more about the opioid drug addiction issue, should be doing less, or is it currently doing the right amount?

Answer choices:
1. Should be doing more 2. Should be doing less 3. Is doing the right amount

When answering, respond ONLY with a single number that corresponds to the option you choose. Do not include any additional text, punctuation or explanation.

My answer is
",1
fake_1356,1,2,7,-1,45,1,1,"Today is November 5, 2024. Racially, I am white. Ideologically, I am liberal. Politically, I am a strong Republican. I am 45 years old. I am a man. I am very interested in politics.. Question: Do you think the federal government should be doing more about the opioid drug addiction issue, should be doing less, or is it currently doing the right amount?

Answer choices:
1. Should be doing more 2. Should be doing less 3. Is doing the right amount

When answering, respond ONLY with a single number that corresponds to the option you choose. Do not include any additional text, punctuation or explanation.

My answer is
",1
fake_1357,1,6,1,2,30,1,1,"Today is November 5, 2024. Racially, I am white. Ideologically, I am conservative. Politically, I am a strong democrat. I do not attend church. I am 30 years old. I am a man. I am very interested in politics.. Question: Do you think the federal government should be doing more about the opioid drug addiction issue, should be doing less, or is it currently doing the right amount?

Answer choices:
1. Should be doing more 2. Should be doing less 3. Is doing the right amount

When answering, respond ONLY with a single number that corresponds to the option you choose. Do not include any additional text, punctuation or explanation.

My answer is
",1
fake_1358,1,7,5,2,59,1,2,"Today is November 5, 2024. Racially, I am white. Ideologically, I am extremely conservative. Politically, I am an independent who leans Republican. I do not attend church. I am 59 years old. I am a man. I am somewhat interested in politics.. Question: Do you think the federal government should be doing more about the opioid drug addiction issue, should be doing less, or is it currently doing the right amount?

Answer choices:
1. Should be doing more 2. Should be doing less 3. Is doing the right amount

When answering, respond ONLY with a single number that corresponds to the option you choose. Do not include any additional text, punctuation or explanation.

My answer is
",1
fake_1359,1,4,1,2,73,2,2,"Today is November 5, 2024. Racially, I am white. Ideologically, I am moderate. Politically, I am a strong democrat. I do not attend church. I am 73 years old. I am a woman. I am somewhat interested in politics.. Question: Do you think the federal government should be doing more about the opioid drug addiction issue, should be doing less, or is it currently doing the right amount?

Answer choices:
1. Should be doing more 2. Should be doing less 3. Is doing the right amount

When answering, respond ONLY with a single number that corresponds to the option you choose. Do not include any additional text, punctuation or explanation.

My answer is
",1
fake_1360,1,2,7,1,41,1,2,"Today is November 5, 2024. Racially, I am white. Ideologically, I am liberal. Politically, I am a strong Republican. I attend church. I am 41 years old. I am a man. I am somewhat interested in politics.. Question: Do you think the federal government should be doing more about the opioid drug addiction issue, should be doing less, or is it currently doing the right amount?

Answer choices:
1. Should be doing more 2. Should be doing less 3. Is doing the right amount

When answering, respond ONLY with a single number that corresponds to the option you choose. Do not include any additional text, punctuation or explanation.

My answer is
",1
fake_1361,4,3,3,-1,57,1,1,"Today is November 5, 2024. Racially, I am asian. Ideologically, I am slightly liberal. Politically, I am an independent who leans Democratic. I am 57 years old. I am a man. I am very interested in politics.. Question: Do you think the federal government should be doing more about the opioid drug addiction issue, should be doing less, or is it currently doing the right amount?

Answer choices:
1. Should be doing more 2. Should be doing less 3. Is doing the right amount

When answering, respond ONLY with a single number that corresponds to the option you choose. Do not include any additional text, punctuation or explanation.

My answer is
",1
fake_1362,1,6,2,1,51,1,-6,"Today is November 5, 2024. Racially, I am white. Ideologically, I am conservative. Politically, I am a weak Democrat. I attend church. I am 51 years old. I am a man.. Question: Do you think the federal government should be doing more about the opioid drug addiction issue, should be doing less, or is it currently doing the right amount?

Answer choices:
1. Should be doing more 2. Should be doing less 3. Is doing the right amount

When answering, respond ONLY with a single number that corresponds to the option you choose. Do not include any additional text, punctuation or explanation.

My answer is
",1
fake_1363,3,99,1,2,30,1,1,"Today is November 5, 2024. Racially, I am hispanic. Politically, I am a strong democrat. I do not attend church. I am 30 years old. I am a man. I am very interested in politics.. Question: Do you think the federal government should be doing more about the opioid drug addiction issue, should be doing less, or is it currently doing the right amount?

Answer choices:
1. Should be doing more 2. Should be doing less 3. Is doing the right amount

When answering, respond ONLY with a single number that corresponds to the option you choose. Do not include any additional text, punctuation or explanation.

My answer is
",1
fake_1364,1,3,1,2,79,2,2,"Today is November 5, 2024. Racially, I am white. Ideologically, I am slightly liberal. Politically, I am a strong democrat. I do not attend church. I am 79 years old. I am a woman. I am somewhat interested in politics.. Question: Do you think the federal government should be doing more about the opioid drug addiction issue, should be doing less, or is it currently doing the right amount?

Answer choices:
1. Should be doing more 2. Should be doing less 3. Is doing the right amount

When answering, respond ONLY with a single number that corresponds to the option you choose. Do not include any additional text, punctuation or explanation.

My answer is
",1
fake_1365,1,3,5,2,80,1,3,"Today is November 5, 2024. Racially, I am white. Ideologically, I am slightly liberal. Politically, I am an independent who leans Republican. I do not attend church. I am 80 years old. I am a man. I am not very interested in politics.. Question: Do you think the federal government should be doing more about the opioid drug addiction issue, should be doing less, or is it currently doing the right amount?

Answer choices:
1. Should be doing more 2. Should be doing less 3. Is doing the right amount

When answering, respond ONLY with a single number that corresponds to the option you choose. Do not include any additional text, punctuation or explanation.

My answer is
",1
fake_1366,2,5,3,2,67,2,3,"Today is November 5, 2024. Racially, I am black. Ideologically, I am slightly conservative. Politically, I am an independent who leans Democratic. I do not attend church. I am 67 years old. I am a woman. I am not very interested in politics.. Question: Do you think the federal government should be doing more about the opioid drug addiction issue, should be doing less, or is it currently doing the right amount?

Answer choices:
1. Should be doing more 2. Should be doing less 3. Is doing the right amount

When answering, respond ONLY with a single number that corresponds to the option you choose. Do not include any additional text, punctuation or explanation.

My answer is
",1
fake_1367,1,3,1,1,67,1,2,"Today is November 5, 2024. Racially, I am white. Ideologically, I am slightly liberal. Politically, I am a strong democrat. I attend church. I am 67 years old. I am a man. I am somewhat interested in politics.. Question: Do you think the federal government should be doing more about the opioid drug addiction issue, should be doing less, or is it currently doing the right amount?

Answer choices:
1. Should be doing more 2. Should be doing less 3. Is doing the right amount

When answering, respond ONLY with a single number that corresponds to the option you choose. Do not include any additional text, punctuation or explanation.

My answer is
",1
fake_1368,1,2,7,1,30,2,3,"Today is November 5, 2024. Racially, I am white. Ideologically, I am liberal. Politically, I am a strong Republican. I attend church. I am 30 years old. I am a woman. I am not very interested in politics.. Question: Do you think the federal government should be doing more about the opioid drug addiction issue, should be doing less, or is it currently doing the right amount?

Answer choices:
1. Should be doing more 2. Should be doing less 3. Is doing the right amount

When answering, respond ONLY with a single number that corresponds to the option you choose. Do not include any additional text, punctuation or explanation.

My answer is
",1
fake_1369,3,99,1,2,60,1,1,"Today is November 5, 2024. Racially, I am hispanic. Politically, I am a strong democrat. I do not attend church. I am 60 years old. I am a man. I am very interested in politics.. Question: Do you think the federal government should be doing more about the opioid drug addiction issue, should be doing less, or is it currently doing the right amount?

Answer choices:
1. Should be doing more 2. Should be doing less 3. Is doing the right amount

When answering, respond ONLY with a single number that corresponds to the option you choose. Do not include any additional text, punctuation or explanation.

My answer is
",1
fake_1370,1,5,1,2,56,2,2,"Today is November 5, 2024. Racially, I am white. Ideologically, I am slightly conservative. Politically, I am a strong democrat. I do not attend church. I am 56 years old. I am a woman. I am somewhat interested in politics.. Question: Do you think the federal government should be doing more about the opioid drug addiction issue, should be doing less, or is it currently doing the right amount?

Answer choices:
1. Should be doing more 2. Should be doing less 3. Is doing the right amount

When answering, respond ONLY with a single number that corresponds to the option you choose. Do not include any additional text, punctuation or explanation.

My answer is
",1
fake_1371,4,4,5,1,76,2,2,"Today is November 5, 2024. Racially, I am asian. Ideologically, I am moderate. Politically, I am an independent who leans Republican. I attend church. I am 76 years old. I am a woman. I am somewhat interested in politics.. Question: Do you think the federal government should be doing more about the opioid drug addiction issue, should be doing less, or is it currently doing the right amount?

Answer choices:
1. Should be doing more 2. Should be doing less 3. Is doing the right amount

When answering, respond ONLY with a single number that corresponds to the option you choose. Do not include any additional text, punctuation or explanation.

My answer is
",1
fake_1372,1,4,2,2,70,1,2,"Today is November 5, 2024. Racially, I am white. Ideologically, I am moderate. Politically, I am a weak Democrat. I do not attend church. I am 70 years old. I am a man. I am somewhat interested in politics.. Question: Do you think the federal government should be doing more about the opioid drug addiction issue, should be doing less, or is it currently doing the right amount?

Answer choices:
1. Should be doing more 2. Should be doing less 3. Is doing the right amount

When answering, respond ONLY with a single number that corresponds to the option you choose. Do not include any additional text, punctuation or explanation.

My answer is
",1
fake_1373,1,6,7,2,33,2,4,"Today is November 5, 2024. Racially, I am white. Ideologically, I am conservative. Politically, I am a strong Republican. I do not attend church. I am 33 years old. I am a woman. I am not at all interested in politics.. Question: Do you think the federal government should be doing more about the opioid drug addiction issue, should be doing less, or is it currently doing the right amount?

Answer choices:
1. Should be doing more 2. Should be doing less 3. Is doing the right amount

When answering, respond ONLY with a single number that corresponds to the option you choose. Do not include any additional text, punctuation or explanation.

My answer is
",1
fake_1374,1,99,2,1,46,2,1,"Today is November 5, 2024. Racially, I am white. Politically, I am a weak Democrat. I attend church. I am 46 years old. I am a woman. I am very interested in politics.. Question: Do you think the federal government should be doing more about the opioid drug addiction issue, should be doing less, or is it currently doing the right amount?

Answer choices:
1. Should be doing more 2. Should be doing less 3. Is doing the right amount

When answering, respond ONLY with a single number that corresponds to the option you choose. Do not include any additional text, punctuation or explanation.

My answer is
",1
fake_1375,1,6,6,1,34,1,1,"Today is November 5, 2024. Racially, I am white. Ideologically, I am conservative. Politically, I am a weak Republican. I attend church. I am 34 years old. I am a man. I am very interested in politics.. Question: Do you think the federal government should be doing more about the opioid drug addiction issue, should be doing less, or is it currently doing the right amount?

Answer choices:
1. Should be doing more 2. Should be doing less 3. Is doing the right amount

When answering, respond ONLY with a single number that corresponds to the option you choose. Do not include any additional text, punctuation or explanation.

My answer is
",1
fake_1376,6,6,5,2,60,2,2,"Today is November 5, 2024. Ideologically, I am conservative. Politically, I am an independent who leans Republican. I do not attend church. I am 60 years old. I am a woman. I am somewhat interested in politics.. Question: Do you think the federal government should be doing more about the opioid drug addiction issue, should be doing less, or is it currently doing the right amount?

Answer choices:
1. Should be doing more 2. Should be doing less 3. Is doing the right amount

When answering, respond ONLY with a single number that corresponds to the option you choose. Do not include any additional text, punctuation or explanation.

My answer is
",1
fake_1377,1,4,7,2,37,2,1,"Today is November 5, 2024. Racially, I am white. Ideologically, I am moderate. Politically, I am a strong Republican. I do not attend church. I am 37 years old. I am a woman. I am very interested in politics.. Question: Do you think the federal government should be doing more about the opioid drug addiction issue, should be doing less, or is it currently doing the right amount?

Answer choices:
1. Should be doing more 2. Should be doing less 3. Is doing the right amount

When answering, respond ONLY with a single number that corresponds to the option you choose. Do not include any additional text, punctuation or explanation.

My answer is
",1
fake_1378,1,2,1,1,62,2,1,"Today is November 5, 2024. Racially, I am white. Ideologically, I am liberal. Politically, I am a strong democrat. I attend church. I am 62 years old. I am a woman. I am very interested in politics.. Question: Do you think the federal government should be doing more about the opioid drug addiction issue, should be doing less, or is it currently doing the right amount?

Answer choices:
1. Should be doing more 2. Should be doing less 3. Is doing the right amount

When answering, respond ONLY with a single number that corresponds to the option you choose. Do not include any additional text, punctuation or explanation.

My answer is
",1
fake_1379,3,4,7,2,51,2,1,"Today is November 5, 2024. Racially, I am hispanic. Ideologically, I am moderate. Politically, I am a strong Republican. I do not attend church. I am 51 years old. I am a woman. I am very interested in politics.. Question: Do you think the federal government should be doing more about the opioid drug addiction issue, should be doing less, or is it currently doing the right amount?

Answer choices:
1. Should be doing more 2. Should be doing less 3. Is doing the right amount

When answering, respond ONLY with a single number that corresponds to the option you choose. Do not include any additional text, punctuation or explanation.

My answer is
",1
fake_1380,1,4,1,2,42,2,4,"Today is November 5, 2024. Racially, I am white. Ideologically, I am moderate. Politically, I am a strong democrat. I do not attend church. I am 42 years old. I am a woman. I am not at all interested in politics.. Question: Do you think the federal government should be doing more about the opioid drug addiction issue, should be doing less, or is it currently doing the right amount?

Answer choices:
1. Should be doing more 2. Should be doing less 3. Is doing the right amount

When answering, respond ONLY with a single number that corresponds to the option you choose. Do not include any additional text, punctuation or explanation.

My answer is
",1
fake_1381,3,2,7,1,80,1,1,"Today is November 5, 2024. Racially, I am hispanic. Ideologically, I am liberal. Politically, I am a strong Republican. I attend church. I am 80 years old. I am a man. I am very interested in politics.. Question: Do you think the federal government should be doing more about the opioid drug addiction issue, should be doing less, or is it currently doing the right amount?

Answer choices:
1. Should be doing more 2. Should be doing less 3. Is doing the right amount

When answering, respond ONLY with a single number that corresponds to the option you choose. Do not include any additional text, punctuation or explanation.

My answer is
",1
fake_1382,3,99,3,2,39,1,3,"Today is November 5, 2024. Racially, I am hispanic. Politically, I am an independent who leans Democratic. I do not attend church. I am 39 years old. I am a man. I am not very interested in politics.. Question: Do you think the federal government should be doing more about the opioid drug addiction issue, should be doing less, or is it currently doing the right amount?

Answer choices:
1. Should be doing more 2. Should be doing less 3. Is doing the right amount

When answering, respond ONLY with a single number that corresponds to the option you choose. Do not include any additional text, punctuation or explanation.

My answer is
",1
fake_1383,1,6,6,2,72,2,1,"Today is November 5, 2024. Racially, I am white. Ideologically, I am conservative. Politically, I am a weak Republican. I do not attend church. I am 72 years old. I am a woman. I am very interested in politics.. Question: Do you think the federal government should be doing more about the opioid drug addiction issue, should be doing less, or is it currently doing the right amount?

Answer choices:
1. Should be doing more 2. Should be doing less 3. Is doing the right amount

When answering, respond ONLY with a single number that corresponds to the option you choose. Do not include any additional text, punctuation or explanation.

My answer is
",1
fake_1384,1,2,3,2,31,2,4,"Today is November 5, 2024. Racially, I am white. Ideologically, I am liberal. Politically, I am an independent who leans Democratic. I do not attend church. I am 31 years old. I am a woman. I am not at all interested in politics.. Question: Do you think the federal government should be doing more about the opioid drug addiction issue, should be doing less, or is it currently doing the right amount?

Answer choices:
1. Should be doing more 2. Should be doing less 3. Is doing the right amount

When answering, respond ONLY with a single number that corresponds to the option you choose. Do not include any additional text, punctuation or explanation.

My answer is
",1
fake_1385,-9,4,7,1,40,2,3,"Today is November 5, 2024. Ideologically, I am moderate. Politically, I am a strong Republican. I attend church. I am 40 years old. I am a woman. I am not very interested in politics.. Question: Do you think the federal government should be doing more about the opioid drug addiction issue, should be doing less, or is it currently doing the right amount?

Answer choices:
1. Should be doing more 2. Should be doing less 3. Is doing the right amount

When answering, respond ONLY with a single number that corresponds to the option you choose. Do not include any additional text, punctuation or explanation.

My answer is
",1
fake_1386,1,99,5,2,52,1,2,"Today is November 5, 2024. Racially, I am white. Politically, I am an independent who leans Republican. I do not attend church. I am 52 years old. I am a man. I am somewhat interested in politics.. Question: Do you think the federal government should be doing more about the opioid drug addiction issue, should be doing less, or is it currently doing the right amount?

Answer choices:
1. Should be doing more 2. Should be doing less 3. Is doing the right amount

When answering, respond ONLY with a single number that corresponds to the option you choose. Do not include any additional text, punctuation or explanation.

My answer is
",1
fake_1387,1,5,5,2,43,2,1,"Today is November 5, 2024. Racially, I am white. Ideologically, I am slightly conservative. Politically, I am an independent who leans Republican. I do not attend church. I am 43 years old. I am a woman. I am very interested in politics.. Question: Do you think the federal government should be doing more about the opioid drug addiction issue, should be doing less, or is it currently doing the right amount?

Answer choices:
1. Should be doing more 2. Should be doing less 3. Is doing the right amount

When answering, respond ONLY with a single number that corresponds to the option you choose. Do not include any additional text, punctuation or explanation.

My answer is
",1
fake_1388,1,4,5,1,-2,2,2,"Today is November 5, 2024. Racially, I am white. Ideologically, I am moderate. Politically, I am an independent who leans Republican. I attend church. I am a woman. I am somewhat interested in politics.. Question: Do you think the federal government should be doing more about the opioid drug addiction issue, should be doing less, or is it currently doing the right amount?

Answer choices:
1. Should be doing more 2. Should be doing less 3. Is doing the right amount

When answering, respond ONLY with a single number that corresponds to the option you choose. Do not include any additional text, punctuation or explanation.

My answer is
",1
fake_1389,3,4,5,1,27,1,2,"Today is November 5, 2024. Racially, I am hispanic. Ideologically, I am moderate. Politically, I am an independent who leans Republican. I attend church. I am 27 years old. I am a man. I am somewhat interested in politics.. Question: Do you think the federal government should be doing more about the opioid drug addiction issue, should be doing less, or is it currently doing the right amount?

Answer choices:
1. Should be doing more 2. Should be doing less 3. Is doing the right amount

When answering, respond ONLY with a single number that corresponds to the option you choose. Do not include any additional text, punctuation or explanation.

My answer is
",1
fake_1390,1,2,1,1,61,2,-6,"Today is November 5, 2024. Racially, I am white. Ideologically, I am liberal. Politically, I am a strong democrat. I attend church. I am 61 years old. I am a woman.. Question: Do you think the federal government should be doing more about the opioid drug addiction issue, should be doing less, or is it currently doing the right amount?

Answer choices:
1. Should be doing more 2. Should be doing less 3. Is doing the right amount

When answering, respond ONLY with a single number that corresponds to the option you choose. Do not include any additional text, punctuation or explanation.

My answer is
",1
fake_1391,1,3,7,1,73,2,2,"Today is November 5, 2024. Racially, I am white. Ideologically, I am slightly liberal. Politically, I am a strong Republican. I attend church. I am 73 years old. I am a woman. I am somewhat interested in politics.. Question: Do you think the federal government should be doing more about the opioid drug addiction issue, should be doing less, or is it currently doing the right amount?

Answer choices:
1. Should be doing more 2. Should be doing less 3. Is doing the right amount

When answering, respond ONLY with a single number that corresponds to the option you choose. Do not include any additional text, punctuation or explanation.

My answer is
",1
fake_1392,4,3,1,2,28,1,3,"Today is November 5, 2024. Racially, I am asian. Ideologically, I am slightly liberal. Politically, I am a strong democrat. I do not attend church. I am 28 years old. I am a man. I am not very interested in politics.. Question: Do you think the federal government should be doing more about the opioid drug addiction issue, should be doing less, or is it currently doing the right amount?

Answer choices:
1. Should be doing more 2. Should be doing less 3. Is doing the right amount

When answering, respond ONLY with a single number that corresponds to the option you choose. Do not include any additional text, punctuation or explanation.

My answer is
",1
fake_1393,1,99,5,1,68,2,2,"Today is November 5, 2024. Racially, I am white. Politically, I am an independent who leans Republican. I attend church. I am 68 years old. I am a woman. I am somewhat interested in politics.. Question: Do you think the federal government should be doing more about the opioid drug addiction issue, should be doing less, or is it currently doing the right amount?

Answer choices:
1. Should be doing more 2. Should be doing less 3. Is doing the right amount

When answering, respond ONLY with a single number that corresponds to the option you choose. Do not include any additional text, punctuation or explanation.

My answer is
",1
fake_1394,4,3,3,2,23,1,2,"Today is November 5, 2024. Racially, I am asian. Ideologically, I am slightly liberal. Politically, I am an independent who leans Democratic. I do not attend church. I am 23 years old. I am a man. I am somewhat interested in politics.. Question: Do you think the federal government should be doing more about the opioid drug addiction issue, should be doing less, or is it currently doing the right amount?

Answer choices:
1. Should be doing more 2. Should be doing less 3. Is doing the right amount

When answering, respond ONLY with a single number that corresponds to the option you choose. Do not include any additional text, punctuation or explanation.

My answer is
",1
fake_1395,1,2,4,1,46,1,2,"Today is November 5, 2024. Racially, I am white. Ideologically, I am liberal. Politically, I am an independent. I attend church. I am 46 years old. I am a man. I am somewhat interested in politics.. Question: Do you think the federal government should be doing more about the opioid drug addiction issue, should be doing less, or is it currently doing the right amount?

Answer choices:
1. Should be doing more 2. Should be doing less 3. Is doing the right amount

When answering, respond ONLY with a single number that corresponds to the option you choose. Do not include any additional text, punctuation or explanation.

My answer is
",1
fake_1396,1,4,4,2,32,1,4,"Today is November 5, 2024. Racially, I am white. Ideologically, I am moderate. Politically, I am an independent. I do not attend church. I am 32 years old. I am a man. I am not at all interested in politics.. Question: Do you think the federal government should be doing more about the opioid drug addiction issue, should be doing less, or is it currently doing the right amount?

Answer choices:
1. Should be doing more 2. Should be doing less 3. Is doing the right amount

When answering, respond ONLY with a single number that corresponds to the option you choose. Do not include any additional text, punctuation or explanation.

My answer is
",1
fake_1397,1,6,7,-1,51,1,2,"Today is November 5, 2024. Racially, I am white. Ideologically, I am conservative. Politically, I am a strong Republican. I am 51 years old. I am a man. I am somewhat interested in politics.. Question: Do you think the federal government should be doing more about the opioid drug addiction issue, should be doing less, or is it currently doing the right amount?

Answer choices:
1. Should be doing more 2. Should be doing less 3. Is doing the right amount

When answering, respond ONLY with a single number that corresponds to the option you choose. Do not include any additional text, punctuation or explanation.

My answer is
",1
fake_1398,1,7,3,2,71,1,1,"Today is November 5, 2024. Racially, I am white. Ideologically, I am extremely conservative. Politically, I am an independent who leans Democratic. I do not attend church. I am 71 years old. I am a man. I am very interested in politics.. Question: Do you think the federal government should be doing more about the opioid drug addiction issue, should be doing less, or is it currently doing the right amount?

Answer choices:
1. Should be doing more 2. Should be doing less 3. Is doing the right amount

When answering, respond ONLY with a single number that corresponds to the option you choose. Do not include any additional text, punctuation or explanation.

My answer is
",1
fake_1399,1,-9,3,1,65,2,2,"Today is November 5, 2024. Racially, I am white. Politically, I am an independent who leans Democratic. I attend church. I am 65 years old. I am a woman. I am somewhat interested in politics.. Question: Do you think the federal government should be doing more about the opioid drug addiction issue, should be doing less, or is it currently doing the right amount?

Answer choices:
1. Should be doing more 2. Should be doing less 3. Is doing the right amount

When answering, respond ONLY with a single number that corresponds to the option you choose. Do not include any additional text, punctuation or explanation.

My answer is
",1
fake_1400,1,7,2,2,44,1,1,"Today is November 5, 2024. Racially, I am white. Ideologically, I am extremely conservative. Politically, I am a weak Democrat. I do not attend church. I am 44 years old. I am a man. I am very interested in politics.. Question: Do you think the federal government should be doing more about the opioid drug addiction issue, should be doing less, or is it currently doing the right amount?

Answer choices:
1. Should be doing more 2. Should be doing less 3. Is doing the right amount

When answering, respond ONLY with a single number that corresponds to the option you choose. Do not include any additional text, punctuation or explanation.

My answer is
",1
fake_1401,1,2,1,2,38,2,1,"Today is November 5, 2024. Racially, I am white. Ideologically, I am liberal. Politically, I am a strong democrat. I do not attend church. I am 38 years old. I am a woman. I am very interested in politics.. Question: Do you think the federal government should be doing more about the opioid drug addiction issue, should be doing less, or is it currently doing the right amount?

Answer choices:
1. Should be doing more 2. Should be doing less 3. Is doing the right amount

When answering, respond ONLY with a single number that corresponds to the option you choose. Do not include any additional text, punctuation or explanation.

My answer is
",1
fake_1402,1,4,1,2,75,1,2,"Today is November 5, 2024. Racially, I am white. Ideologically, I am moderate. Politically, I am a strong democrat. I do not attend church. I am 75 years old. I am a man. I am somewhat interested in politics.. Question: Do you think the federal government should be doing more about the opioid drug addiction issue, should be doing less, or is it currently doing the right amount?

Answer choices:
1. Should be doing more 2. Should be doing less 3. Is doing the right amount

When answering, respond ONLY with a single number that corresponds to the option you choose. Do not include any additional text, punctuation or explanation.

My answer is
",1
fake_1403,2,6,1,1,37,2,2,"Today is November 5, 2024. Racially, I am black. Ideologically, I am conservative. Politically, I am a strong democrat. I attend church. I am 37 years old. I am a woman. I am somewhat interested in politics.. Question: Do you think the federal government should be doing more about the opioid drug addiction issue, should be doing less, or is it currently doing the right amount?

Answer choices:
1. Should be doing more 2. Should be doing less 3. Is doing the right amount

When answering, respond ONLY with a single number that corresponds to the option you choose. Do not include any additional text, punctuation or explanation.

My answer is
",1
fake_1404,2,4,1,1,34,2,2,"Today is November 5, 2024. Racially, I am black. Ideologically, I am moderate. Politically, I am a strong democrat. I attend church. I am 34 years old. I am a woman. I am somewhat interested in politics.. Question: Do you think the federal government should be doing more about the opioid drug addiction issue, should be doing less, or is it currently doing the right amount?

Answer choices:
1. Should be doing more 2. Should be doing less 3. Is doing the right amount

When answering, respond ONLY with a single number that corresponds to the option you choose. Do not include any additional text, punctuation or explanation.

My answer is
",1
fake_1405,2,1,3,1,68,1,2,"Today is November 5, 2024. Racially, I am black. Ideologically, I am extremely liberal. Politically, I am an independent who leans Democratic. I attend church. I am 68 years old. I am a man. I am somewhat interested in politics.. Question: Do you think the federal government should be doing more about the opioid drug addiction issue, should be doing less, or is it currently doing the right amount?

Answer choices:
1. Should be doing more 2. Should be doing less 3. Is doing the right amount

When answering, respond ONLY with a single number that corresponds to the option you choose. Do not include any additional text, punctuation or explanation.

My answer is
",1
fake_1406,1,6,3,1,50,1,2,"Today is November 5, 2024. Racially, I am white. Ideologically, I am conservative. Politically, I am an independent who leans Democratic. I attend church. I am 50 years old. I am a man. I am somewhat interested in politics.. Question: Do you think the federal government should be doing more about the opioid drug addiction issue, should be doing less, or is it currently doing the right amount?

Answer choices:
1. Should be doing more 2. Should be doing less 3. Is doing the right amount

When answering, respond ONLY with a single number that corresponds to the option you choose. Do not include any additional text, punctuation or explanation.

My answer is
",1
fake_1407,1,99,1,2,-2,1,4,"Today is November 5, 2024. Racially, I am white. Politically, I am a strong democrat. I do not attend church. I am a man. I am not at all interested in politics.. Question: Do you think the federal government should be doing more about the opioid drug addiction issue, should be doing less, or is it currently doing the right amount?

Answer choices:
1. Should be doing more 2. Should be doing less 3. Is doing the right amount

When answering, respond ONLY with a single number that corresponds to the option you choose. Do not include any additional text, punctuation or explanation.

My answer is
",1
fake_1408,1,7,7,2,27,1,3,"Today is November 5, 2024. Racially, I am white. Ideologically, I am extremely conservative. Politically, I am a strong Republican. I do not attend church. I am 27 years old. I am a man. I am not very interested in politics.. Question: Do you think the federal government should be doing more about the opioid drug addiction issue, should be doing less, or is it currently doing the right amount?

Answer choices:
1. Should be doing more 2. Should be doing less 3. Is doing the right amount

When answering, respond ONLY with a single number that corresponds to the option you choose. Do not include any additional text, punctuation or explanation.

My answer is
",2
fake_1409,6,4,2,1,45,2,1,"Today is November 5, 2024. Ideologically, I am moderate. Politically, I am a weak Democrat. I attend church. I am 45 years old. I am a woman. I am very interested in politics.. Question: Do you think the federal government should be doing more about the opioid drug addiction issue, should be doing less, or is it currently doing the right amount?

Answer choices:
1. Should be doing more 2. Should be doing less 3. Is doing the right amount

When answering, respond ONLY with a single number that corresponds to the option you choose. Do not include any additional text, punctuation or explanation.

My answer is
",1
fake_1410,1,2,3,1,64,1,3,"Today is November 5, 2024. Racially, I am white. Ideologically, I am liberal. Politically, I am an independent who leans Democratic. I attend church. I am 64 years old. I am a man. I am not very interested in politics.. Question: Do you think the federal government should be doing more about the opioid drug addiction issue, should be doing less, or is it currently doing the right amount?

Answer choices:
1. Should be doing more 2. Should be doing less 3. Is doing the right amount

When answering, respond ONLY with a single number that corresponds to the option you choose. Do not include any additional text, punctuation or explanation.

My answer is
",1
fake_1411,1,2,7,1,52,1,3,"Today is November 5, 2024. Racially, I am white. Ideologically, I am liberal. Politically, I am a strong Republican. I attend church. I am 52 years old. I am a man. I am not very interested in politics.. Question: Do you think the federal government should be doing more about the opioid drug addiction issue, should be doing less, or is it currently doing the right amount?

Answer choices:
1. Should be doing more 2. Should be doing less 3. Is doing the right amount

When answering, respond ONLY with a single number that corresponds to the option you choose. Do not include any additional text, punctuation or explanation.

My answer is
",1
fake_1412,1,1,5,2,80,1,2,"Today is November 5, 2024. Racially, I am white. Ideologically, I am extremely liberal. Politically, I am an independent who leans Republican. I do not attend church. I am 80 years old. I am a man. I am somewhat interested in politics.. Question: Do you think the federal government should be doing more about the opioid drug addiction issue, should be doing less, or is it currently doing the right amount?

Answer choices:
1. Should be doing more 2. Should be doing less 3. Is doing the right amount

When answering, respond ONLY with a single number that corresponds to the option you choose. Do not include any additional text, punctuation or explanation.

My answer is
",1
fake_1413,2,2,5,1,23,1,1,"Today is November 5, 2024. Racially, I am black. Ideologically, I am liberal. Politically, I am an independent who leans Republican. I attend church. I am 23 years old. I am a man. I am very interested in politics.. Question: Do you think the federal government should be doing more about the opioid drug addiction issue, should be doing less, or is it currently doing the right amount?

Answer choices:
1. Should be doing more 2. Should be doing less 3. Is doing the right amount

When answering, respond ONLY with a single number that corresponds to the option you choose. Do not include any additional text, punctuation or explanation.

My answer is
",1
fake_1414,1,6,3,1,71,2,2,"Today is November 5, 2024. Racially, I am white. Ideologically, I am conservative. Politically, I am an independent who leans Democratic. I attend church. I am 71 years old. I am a woman. I am somewhat interested in politics.. Question: Do you think the federal government should be doing more about the opioid drug addiction issue, should be doing less, or is it currently doing the right amount?

Answer choices:
1. Should be doing more 2. Should be doing less 3. Is doing the right amount

When answering, respond ONLY with a single number that corresponds to the option you choose. Do not include any additional text, punctuation or explanation.

My answer is
",1
fake_1415,3,4,7,1,59,2,1,"Today is November 5, 2024. Racially, I am hispanic. Ideologically, I am moderate. Politically, I am a strong Republican. I attend church. I am 59 years old. I am a woman. I am very interested in politics.. Question: Do you think the federal government should be doing more about the opioid drug addiction issue, should be doing less, or is it currently doing the right amount?

Answer choices:
1. Should be doing more 2. Should be doing less 3. Is doing the right amount

When answering, respond ONLY with a single number that corresponds to the option you choose. Do not include any additional text, punctuation or explanation.

My answer is
",1
fake_1416,2,2,1,2,42,1,3,"Today is November 5, 2024. Racially, I am black. Ideologically, I am liberal. Politically, I am a strong democrat. I do not attend church. I am 42 years old. I am a man. I am not very interested in politics.. Question: Do you think the federal government should be doing more about the opioid drug addiction issue, should be doing less, or is it currently doing the right amount?

Answer choices:
1. Should be doing more 2. Should be doing less 3. Is doing the right amount

When answering, respond ONLY with a single number that corresponds to the option you choose. Do not include any additional text, punctuation or explanation.

My answer is
",1
fake_1417,3,4,7,1,80,2,2,"Today is November 5, 2024. Racially, I am hispanic. Ideologically, I am moderate. Politically, I am a strong Republican. I attend church. I am 80 years old. I am a woman. I am somewhat interested in politics.. Question: Do you think the federal government should be doing more about the opioid drug addiction issue, should be doing less, or is it currently doing the right amount?

Answer choices:
1. Should be doing more 2. Should be doing less 3. Is doing the right amount

When answering, respond ONLY with a single number that corresponds to the option you choose. Do not include any additional text, punctuation or explanation.

My answer is
",1
fake_1418,2,7,7,1,61,1,1,"Today is November 5, 2024. Racially, I am black. Ideologically, I am extremely conservative. Politically, I am a strong Republican. I attend church. I am 61 years old. I am a man. I am very interested in politics.. Question: Do you think the federal government should be doing more about the opioid drug addiction issue, should be doing less, or is it currently doing the right amount?

Answer choices:
1. Should be doing more 2. Should be doing less 3. Is doing the right amount

When answering, respond ONLY with a single number that corresponds to the option you choose. Do not include any additional text, punctuation or explanation.

My answer is
",1
fake_1419,1,1,7,2,27,1,4,"Today is November 5, 2024. Racially, I am white. Ideologically, I am extremely liberal. Politically, I am a strong Republican. I do not attend church. I am 27 years old. I am a man. I am not at all interested in politics.. Question: Do you think the federal government should be doing more about the opioid drug addiction issue, should be doing less, or is it currently doing the right amount?

Answer choices:
1. Should be doing more 2. Should be doing less 3. Is doing the right amount

When answering, respond ONLY with a single number that corresponds to the option you choose. Do not include any additional text, punctuation or explanation.

My answer is
",1
fake_1420,1,1,6,2,-2,2,-6,"Today is November 5, 2024. Racially, I am white. Ideologically, I am extremely liberal. Politically, I am a weak Republican. I do not attend church. I am a woman.. Question: Do you think the federal government should be doing more about the opioid drug addiction issue, should be doing less, or is it currently doing the right amount?

Answer choices:
1. Should be doing more 2. Should be doing less 3. Is doing the right amount

When answering, respond ONLY with a single number that corresponds to the option you choose. Do not include any additional text, punctuation or explanation.

My answer is
",1
fake_1421,1,4,7,1,44,2,2,"Today is November 5, 2024. Racially, I am white. Ideologically, I am moderate. Politically, I am a strong Republican. I attend church. I am 44 years old. I am a woman. I am somewhat interested in politics.. Question: Do you think the federal government should be doing more about the opioid drug addiction issue, should be doing less, or is it currently doing the right amount?

Answer choices:
1. Should be doing more 2. Should be doing less 3. Is doing the right amount

When answering, respond ONLY with a single number that corresponds to the option you choose. Do not include any additional text, punctuation or explanation.

My answer is
",1
fake_1422,1,6,5,1,79,1,2,"Today is November 5, 2024. Racially, I am white. Ideologically, I am conservative. Politically, I am an independent who leans Republican. I attend church. I am 79 years old. I am a man. I am somewhat interested in politics.. Question: Do you think the federal government should be doing more about the opioid drug addiction issue, should be doing less, or is it currently doing the right amount?

Answer choices:
1. Should be doing more 2. Should be doing less 3. Is doing the right amount

When answering, respond ONLY with a single number that corresponds to the option you choose. Do not include any additional text, punctuation or explanation.

My answer is
",1
fake_1423,1,2,5,2,42,2,2,"Today is November 5, 2024. Racially, I am white. Ideologically, I am liberal. Politically, I am an independent who leans Republican. I do not attend church. I am 42 years old. I am a woman. I am somewhat interested in politics.. Question: Do you think the federal government should be doing more about the opioid drug addiction issue, should be doing less, or is it currently doing the right amount?

Answer choices:
1. Should be doing more 2. Should be doing less 3. Is doing the right amount

When answering, respond ONLY with a single number that corresponds to the option you choose. Do not include any additional text, punctuation or explanation.

My answer is
",1
fake_1424,1,7,4,2,46,2,2,"Today is November 5, 2024. Racially, I am white. Ideologically, I am extremely conservative. Politically, I am an independent. I do not attend church. I am 46 years old. I am a woman. I am somewhat interested in politics.. Question: Do you think the federal government should be doing more about the opioid drug addiction issue, should be doing less, or is it currently doing the right amount?

Answer choices:
1. Should be doing more 2. Should be doing less 3. Is doing the right amount

When answering, respond ONLY with a single number that corresponds to the option you choose. Do not include any additional text, punctuation or explanation.

My answer is
",1
fake_1425,1,2,6,1,65,1,3,"Today is November 5, 2024. Racially, I am white. Ideologically, I am liberal. Politically, I am a weak Republican. I attend church. I am 65 years old. I am a man. I am not very interested in politics.. Question: Do you think the federal government should be doing more about the opioid drug addiction issue, should be doing less, or is it currently doing the right amount?

Answer choices:
1. Should be doing more 2. Should be doing less 3. Is doing the right amount

When answering, respond ONLY with a single number that corresponds to the option you choose. Do not include any additional text, punctuation or explanation.

My answer is
",1
fake_1426,1,7,-9,2,80,2,2,"Today is November 5, 2024. Racially, I am white. Ideologically, I am extremely conservative. I do not attend church. I am 80 years old. I am a woman. I am somewhat interested in politics.. Question: Do you think the federal government should be doing more about the opioid drug addiction issue, should be doing less, or is it currently doing the right amount?

Answer choices:
1. Should be doing more 2. Should be doing less 3. Is doing the right amount

When answering, respond ONLY with a single number that corresponds to the option you choose. Do not include any additional text, punctuation or explanation.

My answer is
",1
fake_1427,1,99,1,1,29,2,-6,"Today is November 5, 2024. Racially, I am white. Politically, I am a strong democrat. I attend church. I am 29 years old. I am a woman.. Question: Do you think the federal government should be doing more about the opioid drug addiction issue, should be doing less, or is it currently doing the right amount?

Answer choices:
1. Should be doing more 2. Should be doing less 3. Is doing the right amount

When answering, respond ONLY with a single number that corresponds to the option you choose. Do not include any additional text, punctuation or explanation.

My answer is
",1
fake_1428,1,6,7,1,68,1,2,"Today is November 5, 2024. Racially, I am white. Ideologically, I am conservative. Politically, I am a strong Republican. I attend church. I am 68 years old. I am a man. I am somewhat interested in politics.. Question: Do you think the federal government should be doing more about the opioid drug addiction issue, should be doing less, or is it currently doing the right amount?

Answer choices:
1. Should be doing more 2. Should be doing less 3. Is doing the right amount

When answering, respond ONLY with a single number that corresponds to the option you choose. Do not include any additional text, punctuation or explanation.

My answer is
",1
fake_1429,1,6,4,2,28,1,1,"Today is November 5, 2024. Racially, I am white. Ideologically, I am conservative. Politically, I am an independent. I do not attend church. I am 28 years old. I am a man. I am very interested in politics.. Question: Do you think the federal government should be doing more about the opioid drug addiction issue, should be doing less, or is it currently doing the right amount?

Answer choices:
1. Should be doing more 2. Should be doing less 3. Is doing the right amount

When answering, respond ONLY with a single number that corresponds to the option you choose. Do not include any additional text, punctuation or explanation.

My answer is
",1
fake_1430,3,99,1,1,71,1,3,"Today is November 5, 2024. Racially, I am hispanic. Politically, I am a strong democrat. I attend church. I am 71 years old. I am a man. I am not very interested in politics.. Question: Do you think the federal government should be doing more about the opioid drug addiction issue, should be doing less, or is it currently doing the right amount?

Answer choices:
1. Should be doing more 2. Should be doing less 3. Is doing the right amount

When answering, respond ONLY with a single number that corresponds to the option you choose. Do not include any additional text, punctuation or explanation.

My answer is
",1
fake_1431,1,4,-9,1,41,2,-6,"Today is November 5, 2024. Racially, I am white. Ideologically, I am moderate. I attend church. I am 41 years old. I am a woman.. Question: Do you think the federal government should be doing more about the opioid drug addiction issue, should be doing less, or is it currently doing the right amount?

Answer choices:
1. Should be doing more 2. Should be doing less 3. Is doing the right amount

When answering, respond ONLY with a single number that corresponds to the option you choose. Do not include any additional text, punctuation or explanation.

My answer is
",1
fake_1432,1,99,3,2,45,1,1,"Today is November 5, 2024. Racially, I am white. Politically, I am an independent who leans Democratic. I do not attend church. I am 45 years old. I am a man. I am very interested in politics.. Question: Do you think the federal government should be doing more about the opioid drug addiction issue, should be doing less, or is it currently doing the right amount?

Answer choices:
1. Should be doing more 2. Should be doing less 3. Is doing the right amount

When answering, respond ONLY with a single number that corresponds to the option you choose. Do not include any additional text, punctuation or explanation.

My answer is
",1
fake_1433,1,6,2,2,51,1,1,"Today is November 5, 2024. Racially, I am white. Ideologically, I am conservative. Politically, I am a weak Democrat. I do not attend church. I am 51 years old. I am a man. I am very interested in politics.. Question: Do you think the federal government should be doing more about the opioid drug addiction issue, should be doing less, or is it currently doing the right amount?

Answer choices:
1. Should be doing more 2. Should be doing less 3. Is doing the right amount

When answering, respond ONLY with a single number that corresponds to the option you choose. Do not include any additional text, punctuation or explanation.

My answer is
",1
fake_1434,1,5,7,2,80,2,2,"Today is November 5, 2024. Racially, I am white. Ideologically, I am slightly conservative. Politically, I am a strong Republican. I do not attend church. I am 80 years old. I am a woman. I am somewhat interested in politics.. Question: Do you think the federal government should be doing more about the opioid drug addiction issue, should be doing less, or is it currently doing the right amount?

Answer choices:
1. Should be doing more 2. Should be doing less 3. Is doing the right amount

When answering, respond ONLY with a single number that corresponds to the option you choose. Do not include any additional text, punctuation or explanation.

My answer is
",1
fake_1435,3,2,7,1,70,1,2,"Today is November 5, 2024. Racially, I am hispanic. Ideologically, I am liberal. Politically, I am a strong Republican. I attend church. I am 70 years old. I am a man. I am somewhat interested in politics.. Question: Do you think the federal government should be doing more about the opioid drug addiction issue, should be doing less, or is it currently doing the right amount?

Answer choices:
1. Should be doing more 2. Should be doing less 3. Is doing the right amount

When answering, respond ONLY with a single number that corresponds to the option you choose. Do not include any additional text, punctuation or explanation.

My answer is
",1
fake_1436,3,6,6,1,21,2,2,"Today is November 5, 2024. Racially, I am hispanic. Ideologically, I am conservative. Politically, I am a weak Republican. I attend church. I am 21 years old. I am a woman. I am somewhat interested in politics.. Question: Do you think the federal government should be doing more about the opioid drug addiction issue, should be doing less, or is it currently doing the right amount?

Answer choices:
1. Should be doing more 2. Should be doing less 3. Is doing the right amount

When answering, respond ONLY with a single number that corresponds to the option you choose. Do not include any additional text, punctuation or explanation.

My answer is
",1
fake_1437,1,6,7,-1,51,1,-6,"Today is November 5, 2024. Racially, I am white. Ideologically, I am conservative. Politically, I am a strong Republican. I am 51 years old. I am a man.. Question: Do you think the federal government should be doing more about the opioid drug addiction issue, should be doing less, or is it currently doing the right amount?

Answer choices:
1. Should be doing more 2. Should be doing less 3. Is doing the right amount

When answering, respond ONLY with a single number that corresponds to the option you choose. Do not include any additional text, punctuation or explanation.

My answer is
",1
fake_1438,1,5,5,2,-2,2,2,"Today is November 5, 2024. Racially, I am white. Ideologically, I am slightly conservative. Politically, I am an independent who leans Republican. I do not attend church. I am a woman. I am somewhat interested in politics.. Question: Do you think the federal government should be doing more about the opioid drug addiction issue, should be doing less, or is it currently doing the right amount?

Answer choices:
1. Should be doing more 2. Should be doing less 3. Is doing the right amount

When answering, respond ONLY with a single number that corresponds to the option you choose. Do not include any additional text, punctuation or explanation.

My answer is
",1
fake_1439,1,-9,1,2,45,2,2,"Today is November 5, 2024. Racially, I am white. Politically, I am a strong democrat. I do not attend church. I am 45 years old. I am a woman. I am somewhat interested in politics.. Question: Do you think the federal government should be doing more about the opioid drug addiction issue, should be doing less, or is it currently doing the right amount?

Answer choices:
1. Should be doing more 2. Should be doing less 3. Is doing the right amount

When answering, respond ONLY with a single number that corresponds to the option you choose. Do not include any additional text, punctuation or explanation.

My answer is
",1
fake_1440,1,7,1,1,62,1,3,"Today is November 5, 2024. Racially, I am white. Ideologically, I am extremely conservative. Politically, I am a strong democrat. I attend church. I am 62 years old. I am a man. I am not very interested in politics.. Question: Do you think the federal government should be doing more about the opioid drug addiction issue, should be doing less, or is it currently doing the right amount?

Answer choices:
1. Should be doing more 2. Should be doing less 3. Is doing the right amount

When answering, respond ONLY with a single number that corresponds to the option you choose. Do not include any additional text, punctuation or explanation.

My answer is
",1
fake_1441,1,2,6,2,70,2,1,"Today is November 5, 2024. Racially, I am white. Ideologically, I am liberal. Politically, I am a weak Republican. I do not attend church. I am 70 years old. I am a woman. I am very interested in politics.. Question: Do you think the federal government should be doing more about the opioid drug addiction issue, should be doing less, or is it currently doing the right amount?

Answer choices:
1. Should be doing more 2. Should be doing less 3. Is doing the right amount

When answering, respond ONLY with a single number that corresponds to the option you choose. Do not include any additional text, punctuation or explanation.

My answer is
",1
fake_1442,3,2,5,1,68,1,3,"Today is November 5, 2024. Racially, I am hispanic. Ideologically, I am liberal. Politically, I am an independent who leans Republican. I attend church. I am 68 years old. I am a man. I am not very interested in politics.. Question: Do you think the federal government should be doing more about the opioid drug addiction issue, should be doing less, or is it currently doing the right amount?

Answer choices:
1. Should be doing more 2. Should be doing less 3. Is doing the right amount

When answering, respond ONLY with a single number that corresponds to the option you choose. Do not include any additional text, punctuation or explanation.

My answer is
",1
fake_1443,2,99,3,2,30,2,2,"Today is November 5, 2024. Racially, I am black. Politically, I am an independent who leans Democratic. I do not attend church. I am 30 years old. I am a woman. I am somewhat interested in politics.. Question: Do you think the federal government should be doing more about the opioid drug addiction issue, should be doing less, or is it currently doing the right amount?

Answer choices:
1. Should be doing more 2. Should be doing less 3. Is doing the right amount

When answering, respond ONLY with a single number that corresponds to the option you choose. Do not include any additional text, punctuation or explanation.

My answer is
",1
fake_1444,1,1,7,2,57,1,1,"Today is November 5, 2024. Racially, I am white. Ideologically, I am extremely liberal. Politically, I am a strong Republican. I do not attend church. I am 57 years old. I am a man. I am very interested in politics.. Question: Do you think the federal government should be doing more about the opioid drug addiction issue, should be doing less, or is it currently doing the right amount?

Answer choices:
1. Should be doing more 2. Should be doing less 3. Is doing the right amount

When answering, respond ONLY with a single number that corresponds to the option you choose. Do not include any additional text, punctuation or explanation.

My answer is
",1
fake_1445,1,4,1,-1,70,1,2,"Today is November 5, 2024. Racially, I am white. Ideologically, I am moderate. Politically, I am a strong democrat. I am 70 years old. I am a man. I am somewhat interested in politics.. Question: Do you think the federal government should be doing more about the opioid drug addiction issue, should be doing less, or is it currently doing the right amount?

Answer choices:
1. Should be doing more 2. Should be doing less 3. Is doing the right amount

When answering, respond ONLY with a single number that corresponds to the option you choose. Do not include any additional text, punctuation or explanation.

My answer is
",1
fake_1446,1,1,2,2,37,1,1,"Today is November 5, 2024. Racially, I am white. Ideologically, I am extremely liberal. Politically, I am a weak Democrat. I do not attend church. I am 37 years old. I am a man. I am very interested in politics.. Question: Do you think the federal government should be doing more about the opioid drug addiction issue, should be doing less, or is it currently doing the right amount?

Answer choices:
1. Should be doing more 2. Should be doing less 3. Is doing the right amount

When answering, respond ONLY with a single number that corresponds to the option you choose. Do not include any additional text, punctuation or explanation.

My answer is
",1
fake_1447,1,99,5,1,-2,2,2,"Today is November 5, 2024. Racially, I am white. Politically, I am an independent who leans Republican. I attend church. I am a woman. I am somewhat interested in politics.. Question: Do you think the federal government should be doing more about the opioid drug addiction issue, should be doing less, or is it currently doing the right amount?

Answer choices:
1. Should be doing more 2. Should be doing less 3. Is doing the right amount

When answering, respond ONLY with a single number that corresponds to the option you choose. Do not include any additional text, punctuation or explanation.

My answer is
",1
fake_1448,1,2,1,2,59,1,3,"Today is November 5, 2024. Racially, I am white. Ideologically, I am liberal. Politically, I am a strong democrat. I do not attend church. I am 59 years old. I am a man. I am not very interested in politics.. Question: Do you think the federal government should be doing more about the opioid drug addiction issue, should be doing less, or is it currently doing the right amount?

Answer choices:
1. Should be doing more 2. Should be doing less 3. Is doing the right amount

When answering, respond ONLY with a single number that corresponds to the option you choose. Do not include any additional text, punctuation or explanation.

My answer is
",1
fake_1449,1,3,7,1,72,1,-6,"Today is November 5, 2024. Racially, I am white. Ideologically, I am slightly liberal. Politically, I am a strong Republican. I attend church. I am 72 years old. I am a man.. Question: Do you think the federal government should be doing more about the opioid drug addiction issue, should be doing less, or is it currently doing the right amount?

Answer choices:
1. Should be doing more 2. Should be doing less 3. Is doing the right amount

When answering, respond ONLY with a single number that corresponds to the option you choose. Do not include any additional text, punctuation or explanation.

My answer is
",1
fake_1450,4,1,7,1,68,1,3,"Today is November 5, 2024. Racially, I am asian. Ideologically, I am extremely liberal. Politically, I am a strong Republican. I attend church. I am 68 years old. I am a man. I am not very interested in politics.. Question: Do you think the federal government should be doing more about the opioid drug addiction issue, should be doing less, or is it currently doing the right amount?

Answer choices:
1. Should be doing more 2. Should be doing less 3. Is doing the right amount

When answering, respond ONLY with a single number that corresponds to the option you choose. Do not include any additional text, punctuation or explanation.

My answer is
",1
fake_1451,1,4,1,2,67,1,2,"Today is November 5, 2024. Racially, I am white. Ideologically, I am moderate. Politically, I am a strong democrat. I do not attend church. I am 67 years old. I am a man. I am somewhat interested in politics.. Question: Do you think the federal government should be doing more about the opioid drug addiction issue, should be doing less, or is it currently doing the right amount?

Answer choices:
1. Should be doing more 2. Should be doing less 3. Is doing the right amount

When answering, respond ONLY with a single number that corresponds to the option you choose. Do not include any additional text, punctuation or explanation.

My answer is
",1
fake_1452,1,2,5,2,72,2,2,"Today is November 5, 2024. Racially, I am white. Ideologically, I am liberal. Politically, I am an independent who leans Republican. I do not attend church. I am 72 years old. I am a woman. I am somewhat interested in politics.. Question: Do you think the federal government should be doing more about the opioid drug addiction issue, should be doing less, or is it currently doing the right amount?

Answer choices:
1. Should be doing more 2. Should be doing less 3. Is doing the right amount

When answering, respond ONLY with a single number that corresponds to the option you choose. Do not include any additional text, punctuation or explanation.

My answer is
",1
fake_1453,1,4,1,1,45,2,2,"Today is November 5, 2024. Racially, I am white. Ideologically, I am moderate. Politically, I am a strong democrat. I attend church. I am 45 years old. I am a woman. I am somewhat interested in politics.. Question: Do you think the federal government should be doing more about the opioid drug addiction issue, should be doing less, or is it currently doing the right amount?

Answer choices:
1. Should be doing more 2. Should be doing less 3. Is doing the right amount

When answering, respond ONLY with a single number that corresponds to the option you choose. Do not include any additional text, punctuation or explanation.

My answer is
",1
fake_1454,1,4,-9,2,55,2,2,"Today is November 5, 2024. Racially, I am white. Ideologically, I am moderate. I do not attend church. I am 55 years old. I am a woman. I am somewhat interested in politics.. Question: Do you think the federal government should be doing more about the opioid drug addiction issue, should be doing less, or is it currently doing the right amount?

Answer choices:
1. Should be doing more 2. Should be doing less 3. Is doing the right amount

When answering, respond ONLY with a single number that corresponds to the option you choose. Do not include any additional text, punctuation or explanation.

My answer is
",1
fake_1455,1,99,1,2,66,2,2,"Today is November 5, 2024. Racially, I am white. Politically, I am a strong democrat. I do not attend church. I am 66 years old. I am a woman. I am somewhat interested in politics.. Question: Do you think the federal government should be doing more about the opioid drug addiction issue, should be doing less, or is it currently doing the right amount?

Answer choices:
1. Should be doing more 2. Should be doing less 3. Is doing the right amount

When answering, respond ONLY with a single number that corresponds to the option you choose. Do not include any additional text, punctuation or explanation.

My answer is
",1
fake_1456,1,99,3,2,26,2,3,"Today is November 5, 2024. Racially, I am white. Politically, I am an independent who leans Democratic. I do not attend church. I am 26 years old. I am a woman. I am not very interested in politics.. Question: Do you think the federal government should be doing more about the opioid drug addiction issue, should be doing less, or is it currently doing the right amount?

Answer choices:
1. Should be doing more 2. Should be doing less 3. Is doing the right amount

When answering, respond ONLY with a single number that corresponds to the option you choose. Do not include any additional text, punctuation or explanation.

My answer is
",1
fake_1457,3,99,4,1,60,1,1,"Today is November 5, 2024. Racially, I am hispanic. Politically, I am an independent. I attend church. I am 60 years old. I am a man. I am very interested in politics.. Question: Do you think the federal government should be doing more about the opioid drug addiction issue, should be doing less, or is it currently doing the right amount?

Answer choices:
1. Should be doing more 2. Should be doing less 3. Is doing the right amount

When answering, respond ONLY with a single number that corresponds to the option you choose. Do not include any additional text, punctuation or explanation.

My answer is
",1
fake_1458,1,2,1,2,66,2,2,"Today is November 5, 2024. Racially, I am white. Ideologically, I am liberal. Politically, I am a strong democrat. I do not attend church. I am 66 years old. I am a woman. I am somewhat interested in politics.. Question: Do you think the federal government should be doing more about the opioid drug addiction issue, should be doing less, or is it currently doing the right amount?

Answer choices:
1. Should be doing more 2. Should be doing less 3. Is doing the right amount

When answering, respond ONLY with a single number that corresponds to the option you choose. Do not include any additional text, punctuation or explanation.

My answer is
",1
fake_1459,1,5,1,1,80,1,4,"Today is November 5, 2024. Racially, I am white. Ideologically, I am slightly conservative. Politically, I am a strong democrat. I attend church. I am 80 years old. I am a man. I am not at all interested in politics.. Question: Do you think the federal government should be doing more about the opioid drug addiction issue, should be doing less, or is it currently doing the right amount?

Answer choices:
1. Should be doing more 2. Should be doing less 3. Is doing the right amount

When answering, respond ONLY with a single number that corresponds to the option you choose. Do not include any additional text, punctuation or explanation.

My answer is
",1
fake_1460,1,4,1,1,66,1,-6,"Today is November 5, 2024. Racially, I am white. Ideologically, I am moderate. Politically, I am a strong democrat. I attend church. I am 66 years old. I am a man.. Question: Do you think the federal government should be doing more about the opioid drug addiction issue, should be doing less, or is it currently doing the right amount?

Answer choices:
1. Should be doing more 2. Should be doing less 3. Is doing the right amount

When answering, respond ONLY with a single number that corresponds to the option you choose. Do not include any additional text, punctuation or explanation.

My answer is
",1
fake_1461,1,99,7,1,31,2,3,"Today is November 5, 2024. Racially, I am white. Politically, I am a strong Republican. I attend church. I am 31 years old. I am a woman. I am not very interested in politics.. Question: Do you think the federal government should be doing more about the opioid drug addiction issue, should be doing less, or is it currently doing the right amount?

Answer choices:
1. Should be doing more 2. Should be doing less 3. Is doing the right amount

When answering, respond ONLY with a single number that corresponds to the option you choose. Do not include any additional text, punctuation or explanation.

My answer is
",1
fake_1462,1,4,5,1,-2,2,2,"Today is November 5, 2024. Racially, I am white. Ideologically, I am moderate. Politically, I am an independent who leans Republican. I attend church. I am a woman. I am somewhat interested in politics.. Question: Do you think the federal government should be doing more about the opioid drug addiction issue, should be doing less, or is it currently doing the right amount?

Answer choices:
1. Should be doing more 2. Should be doing less 3. Is doing the right amount

When answering, respond ONLY with a single number that corresponds to the option you choose. Do not include any additional text, punctuation or explanation.

My answer is
",1
fake_1463,2,6,3,1,54,1,3,"Today is November 5, 2024. Racially, I am black. Ideologically, I am conservative. Politically, I am an independent who leans Democratic. I attend church. I am 54 years old. I am a man. I am not very interested in politics.. Question: Do you think the federal government should be doing more about the opioid drug addiction issue, should be doing less, or is it currently doing the right amount?

Answer choices:
1. Should be doing more 2. Should be doing less 3. Is doing the right amount

When answering, respond ONLY with a single number that corresponds to the option you choose. Do not include any additional text, punctuation or explanation.

My answer is
",1
fake_1464,2,6,1,1,27,1,2,"Today is November 5, 2024. Racially, I am black. Ideologically, I am conservative. Politically, I am a strong democrat. I attend church. I am 27 years old. I am a man. I am somewhat interested in politics.. Question: Do you think the federal government should be doing more about the opioid drug addiction issue, should be doing less, or is it currently doing the right amount?

Answer choices:
1. Should be doing more 2. Should be doing less 3. Is doing the right amount

When answering, respond ONLY with a single number that corresponds to the option you choose. Do not include any additional text, punctuation or explanation.

My answer is
",1
fake_1465,1,4,6,-9,33,1,3,"Today is November 5, 2024. Racially, I am white. Ideologically, I am moderate. Politically, I am a weak Republican. I am 33 years old. I am a man. I am not very interested in politics.. Question: Do you think the federal government should be doing more about the opioid drug addiction issue, should be doing less, or is it currently doing the right amount?

Answer choices:
1. Should be doing more 2. Should be doing less 3. Is doing the right amount

When answering, respond ONLY with a single number that corresponds to the option you choose. Do not include any additional text, punctuation or explanation.

My answer is
",1
fake_1466,1,99,1,1,40,1,3,"Today is November 5, 2024. Racially, I am white. Politically, I am a strong democrat. I attend church. I am 40 years old. I am a man. I am not very interested in politics.. Question: Do you think the federal government should be doing more about the opioid drug addiction issue, should be doing less, or is it currently doing the right amount?

Answer choices:
1. Should be doing more 2. Should be doing less 3. Is doing the right amount

When answering, respond ONLY with a single number that corresponds to the option you choose. Do not include any additional text, punctuation or explanation.

My answer is
",1
fake_1467,2,4,4,1,44,1,1,"Today is November 5, 2024. Racially, I am black. Ideologically, I am moderate. Politically, I am an independent. I attend church. I am 44 years old. I am a man. I am very interested in politics.. Question: Do you think the federal government should be doing more about the opioid drug addiction issue, should be doing less, or is it currently doing the right amount?

Answer choices:
1. Should be doing more 2. Should be doing less 3. Is doing the right amount

When answering, respond ONLY with a single number that corresponds to the option you choose. Do not include any additional text, punctuation or explanation.

My answer is
",1
fake_1468,1,7,5,1,48,1,-6,"Today is November 5, 2024. Racially, I am white. Ideologically, I am extremely conservative. Politically, I am an independent who leans Republican. I attend church. I am 48 years old. I am a man.. Question: Do you think the federal government should be doing more about the opioid drug addiction issue, should be doing less, or is it currently doing the right amount?

Answer choices:
1. Should be doing more 2. Should be doing less 3. Is doing the right amount

When answering, respond ONLY with a single number that corresponds to the option you choose. Do not include any additional text, punctuation or explanation.

My answer is
",1
fake_1469,6,4,7,1,76,2,4,"Today is November 5, 2024. Ideologically, I am moderate. Politically, I am a strong Republican. I attend church. I am 76 years old. I am a woman. I am not at all interested in politics.. Question: Do you think the federal government should be doing more about the opioid drug addiction issue, should be doing less, or is it currently doing the right amount?

Answer choices:
1. Should be doing more 2. Should be doing less 3. Is doing the right amount

When answering, respond ONLY with a single number that corresponds to the option you choose. Do not include any additional text, punctuation or explanation.

My answer is
",1
fake_1470,1,6,7,2,51,2,1,"Today is November 5, 2024. Racially, I am white. Ideologically, I am conservative. Politically, I am a strong Republican. I do not attend church. I am 51 years old. I am a woman. I am very interested in politics.. Question: Do you think the federal government should be doing more about the opioid drug addiction issue, should be doing less, or is it currently doing the right amount?

Answer choices:
1. Should be doing more 2. Should be doing less 3. Is doing the right amount

When answering, respond ONLY with a single number that corresponds to the option you choose. Do not include any additional text, punctuation or explanation.

My answer is
",1
fake_1471,1,2,5,1,70,1,2,"Today is November 5, 2024. Racially, I am white. Ideologically, I am liberal. Politically, I am an independent who leans Republican. I attend church. I am 70 years old. I am a man. I am somewhat interested in politics.. Question: Do you think the federal government should be doing more about the opioid drug addiction issue, should be doing less, or is it currently doing the right amount?

Answer choices:
1. Should be doing more 2. Should be doing less 3. Is doing the right amount

When answering, respond ONLY with a single number that corresponds to the option you choose. Do not include any additional text, punctuation or explanation.

My answer is
",1
fake_1472,1,4,3,2,64,2,2,"Today is November 5, 2024. Racially, I am white. Ideologically, I am moderate. Politically, I am an independent who leans Democratic. I do not attend church. I am 64 years old. I am a woman. I am somewhat interested in politics.. Question: Do you think the federal government should be doing more about the opioid drug addiction issue, should be doing less, or is it currently doing the right amount?

Answer choices:
1. Should be doing more 2. Should be doing less 3. Is doing the right amount

When answering, respond ONLY with a single number that corresponds to the option you choose. Do not include any additional text, punctuation or explanation.

My answer is
",1
fake_1473,1,6,7,1,61,2,2,"Today is November 5, 2024. Racially, I am white. Ideologically, I am conservative. Politically, I am a strong Republican. I attend church. I am 61 years old. I am a woman. I am somewhat interested in politics.. Question: Do you think the federal government should be doing more about the opioid drug addiction issue, should be doing less, or is it currently doing the right amount?

Answer choices:
1. Should be doing more 2. Should be doing less 3. Is doing the right amount

When answering, respond ONLY with a single number that corresponds to the option you choose. Do not include any additional text, punctuation or explanation.

My answer is
",1
fake_1474,3,7,7,1,47,1,4,"Today is November 5, 2024. Racially, I am hispanic. Ideologically, I am extremely conservative. Politically, I am a strong Republican. I attend church. I am 47 years old. I am a man. I am not at all interested in politics.. Question: Do you think the federal government should be doing more about the opioid drug addiction issue, should be doing less, or is it currently doing the right amount?

Answer choices:
1. Should be doing more 2. Should be doing less 3. Is doing the right amount

When answering, respond ONLY with a single number that corresponds to the option you choose. Do not include any additional text, punctuation or explanation.

My answer is
",1
fake_1475,1,3,5,2,65,1,1,"Today is November 5, 2024. Racially, I am white. Ideologically, I am slightly liberal. Politically, I am an independent who leans Republican. I do not attend church. I am 65 years old. I am a man. I am very interested in politics.. Question: Do you think the federal government should be doing more about the opioid drug addiction issue, should be doing less, or is it currently doing the right amount?

Answer choices:
1. Should be doing more 2. Should be doing less 3. Is doing the right amount

When answering, respond ONLY with a single number that corresponds to the option you choose. Do not include any additional text, punctuation or explanation.

My answer is
",1
fake_1476,1,4,1,2,38,1,3,"Today is November 5, 2024. Racially, I am white. Ideologically, I am moderate. Politically, I am a strong democrat. I do not attend church. I am 38 years old. I am a man. I am not very interested in politics.. Question: Do you think the federal government should be doing more about the opioid drug addiction issue, should be doing less, or is it currently doing the right amount?

Answer choices:
1. Should be doing more 2. Should be doing less 3. Is doing the right amount

When answering, respond ONLY with a single number that corresponds to the option you choose. Do not include any additional text, punctuation or explanation.

My answer is
",1
fake_1477,1,4,1,1,70,1,2,"Today is November 5, 2024. Racially, I am white. Ideologically, I am moderate. Politically, I am a strong democrat. I attend church. I am 70 years old. I am a man. I am somewhat interested in politics.. Question: Do you think the federal government should be doing more about the opioid drug addiction issue, should be doing less, or is it currently doing the right amount?

Answer choices:
1. Should be doing more 2. Should be doing less 3. Is doing the right amount

When answering, respond ONLY with a single number that corresponds to the option you choose. Do not include any additional text, punctuation or explanation.

My answer is
",1
fake_1478,3,6,5,1,76,1,4,"Today is November 5, 2024. Racially, I am hispanic. Ideologically, I am conservative. Politically, I am an independent who leans Republican. I attend church. I am 76 years old. I am a man. I am not at all interested in politics.. Question: Do you think the federal government should be doing more about the opioid drug addiction issue, should be doing less, or is it currently doing the right amount?

Answer choices:
1. Should be doing more 2. Should be doing less 3. Is doing the right amount

When answering, respond ONLY with a single number that corresponds to the option you choose. Do not include any additional text, punctuation or explanation.

My answer is
",1
fake_1479,1,4,1,1,55,1,2,"Today is November 5, 2024. Racially, I am white. Ideologically, I am moderate. Politically, I am a strong democrat. I attend church. I am 55 years old. I am a man. I am somewhat interested in politics.. Question: Do you think the federal government should be doing more about the opioid drug addiction issue, should be doing less, or is it currently doing the right amount?

Answer choices:
1. Should be doing more 2. Should be doing less 3. Is doing the right amount

When answering, respond ONLY with a single number that corresponds to the option you choose. Do not include any additional text, punctuation or explanation.

My answer is
",1
fake_1480,1,99,7,2,45,2,2,"Today is November 5, 2024. Racially, I am white. Politically, I am a strong Republican. I do not attend church. I am 45 years old. I am a woman. I am somewhat interested in politics.. Question: Do you think the federal government should be doing more about the opioid drug addiction issue, should be doing less, or is it currently doing the right amount?

Answer choices:
1. Should be doing more 2. Should be doing less 3. Is doing the right amount

When answering, respond ONLY with a single number that corresponds to the option you choose. Do not include any additional text, punctuation or explanation.

My answer is
",1
fake_1481,1,6,6,1,70,2,1,"Today is November 5, 2024. Racially, I am white. Ideologically, I am conservative. Politically, I am a weak Republican. I attend church. I am 70 years old. I am a woman. I am very interested in politics.. Question: Do you think the federal government should be doing more about the opioid drug addiction issue, should be doing less, or is it currently doing the right amount?

Answer choices:
1. Should be doing more 2. Should be doing less 3. Is doing the right amount

When answering, respond ONLY with a single number that corresponds to the option you choose. Do not include any additional text, punctuation or explanation.

My answer is
",1
fake_1482,1,99,1,-1,80,1,3,"Today is November 5, 2024. Racially, I am white. Politically, I am a strong democrat. I am 80 years old. I am a man. I am not very interested in politics.. Question: Do you think the federal government should be doing more about the opioid drug addiction issue, should be doing less, or is it currently doing the right amount?

Answer choices:
1. Should be doing more 2. Should be doing less 3. Is doing the right amount

When answering, respond ONLY with a single number that corresponds to the option you choose. Do not include any additional text, punctuation or explanation.

My answer is
",1
fake_1483,1,99,5,2,54,2,2,"Today is November 5, 2024. Racially, I am white. Politically, I am an independent who leans Republican. I do not attend church. I am 54 years old. I am a woman. I am somewhat interested in politics.. Question: Do you think the federal government should be doing more about the opioid drug addiction issue, should be doing less, or is it currently doing the right amount?

Answer choices:
1. Should be doing more 2. Should be doing less 3. Is doing the right amount

When answering, respond ONLY with a single number that corresponds to the option you choose. Do not include any additional text, punctuation or explanation.

My answer is
",1
fake_1484,2,99,-9,1,42,2,-5,"Today is November 5, 2024. Racially, I am black. I attend church. I am 42 years old. I am a woman.. Question: Do you think the federal government should be doing more about the opioid drug addiction issue, should be doing less, or is it currently doing the right amount?

Answer choices:
1. Should be doing more 2. Should be doing less 3. Is doing the right amount

When answering, respond ONLY with a single number that corresponds to the option you choose. Do not include any additional text, punctuation or explanation.

My answer is
",1
fake_1485,1,2,3,1,53,2,3,"Today is November 5, 2024. Racially, I am white. Ideologically, I am liberal. Politically, I am an independent who leans Democratic. I attend church. I am 53 years old. I am a woman. I am not very interested in politics.. Question: Do you think the federal government should be doing more about the opioid drug addiction issue, should be doing less, or is it currently doing the right amount?

Answer choices:
1. Should be doing more 2. Should be doing less 3. Is doing the right amount

When answering, respond ONLY with a single number that corresponds to the option you choose. Do not include any additional text, punctuation or explanation.

My answer is
",1
fake_1486,1,4,1,2,74,1,4,"Today is November 5, 2024. Racially, I am white. Ideologically, I am moderate. Politically, I am a strong democrat. I do not attend church. I am 74 years old. I am a man. I am not at all interested in politics.. Question: Do you think the federal government should be doing more about the opioid drug addiction issue, should be doing less, or is it currently doing the right amount?

Answer choices:
1. Should be doing more 2. Should be doing less 3. Is doing the right amount

When answering, respond ONLY with a single number that corresponds to the option you choose. Do not include any additional text, punctuation or explanation.

My answer is
",1
fake_1487,2,4,6,1,75,1,3,"Today is November 5, 2024. Racially, I am black. Ideologically, I am moderate. Politically, I am a weak Republican. I attend church. I am 75 years old. I am a man. I am not very interested in politics.. Question: Do you think the federal government should be doing more about the opioid drug addiction issue, should be doing less, or is it currently doing the right amount?

Answer choices:
1. Should be doing more 2. Should be doing less 3. Is doing the right amount

When answering, respond ONLY with a single number that corresponds to the option you choose. Do not include any additional text, punctuation or explanation.

My answer is
",1
fake_1488,1,99,3,2,34,1,1,"Today is November 5, 2024. Racially, I am white. Politically, I am an independent who leans Democratic. I do not attend church. I am 34 years old. I am a man. I am very interested in politics.. Question: Do you think the federal government should be doing more about the opioid drug addiction issue, should be doing less, or is it currently doing the right amount?

Answer choices:
1. Should be doing more 2. Should be doing less 3. Is doing the right amount

When answering, respond ONLY with a single number that corresponds to the option you choose. Do not include any additional text, punctuation or explanation.

My answer is
",1
fake_1489,1,3,3,2,65,1,2,"Today is November 5, 2024. Racially, I am white. Ideologically, I am slightly liberal. Politically, I am an independent who leans Democratic. I do not attend church. I am 65 years old. I am a man. I am somewhat interested in politics.. Question: Do you think the federal government should be doing more about the opioid drug addiction issue, should be doing less, or is it currently doing the right amount?

Answer choices:
1. Should be doing more 2. Should be doing less 3. Is doing the right amount

When answering, respond ONLY with a single number that corresponds to the option you choose. Do not include any additional text, punctuation or explanation.

My answer is
",1
fake_1490,1,6,7,1,30,2,2,"Today is November 5, 2024. Racially, I am white. Ideologically, I am conservative. Politically, I am a strong Republican. I attend church. I am 30 years old. I am a woman. I am somewhat interested in politics.. Question: Do you think the federal government should be doing more about the opioid drug addiction issue, should be doing less, or is it currently doing the right amount?

Answer choices:
1. Should be doing more 2. Should be doing less 3. Is doing the right amount

When answering, respond ONLY with a single number that corresponds to the option you choose. Do not include any additional text, punctuation or explanation.

My answer is
",1
fake_1491,3,4,5,1,35,2,1,"Today is November 5, 2024. Racially, I am hispanic. Ideologically, I am moderate. Politically, I am an independent who leans Republican. I attend church. I am 35 years old. I am a woman. I am very interested in politics.. Question: Do you think the federal government should be doing more about the opioid drug addiction issue, should be doing less, or is it currently doing the right amount?

Answer choices:
1. Should be doing more 2. Should be doing less 3. Is doing the right amount

When answering, respond ONLY with a single number that corresponds to the option you choose. Do not include any additional text, punctuation or explanation.

My answer is
",1
fake_1492,1,4,5,2,32,2,2,"Today is November 5, 2024. Racially, I am white. Ideologically, I am moderate. Politically, I am an independent who leans Republican. I do not attend church. I am 32 years old. I am a woman. I am somewhat interested in politics.. Question: Do you think the federal government should be doing more about the opioid drug addiction issue, should be doing less, or is it currently doing the right amount?

Answer choices:
1. Should be doing more 2. Should be doing less 3. Is doing the right amount

When answering, respond ONLY with a single number that corresponds to the option you choose. Do not include any additional text, punctuation or explanation.

My answer is
",1
fake_1493,1,4,6,1,67,1,1,"Today is November 5, 2024. Racially, I am white. Ideologically, I am moderate. Politically, I am a weak Republican. I attend church. I am 67 years old. I am a man. I am very interested in politics.. Question: Do you think the federal government should be doing more about the opioid drug addiction issue, should be doing less, or is it currently doing the right amount?

Answer choices:
1. Should be doing more 2. Should be doing less 3. Is doing the right amount

When answering, respond ONLY with a single number that corresponds to the option you choose. Do not include any additional text, punctuation or explanation.

My answer is
",1
fake_1494,1,99,1,1,46,2,2,"Today is November 5, 2024. Racially, I am white. Politically, I am a strong democrat. I attend church. I am 46 years old. I am a woman. I am somewhat interested in politics.. Question: Do you think the federal government should be doing more about the opioid drug addiction issue, should be doing less, or is it currently doing the right amount?

Answer choices:
1. Should be doing more 2. Should be doing less 3. Is doing the right amount

When answering, respond ONLY with a single number that corresponds to the option you choose. Do not include any additional text, punctuation or explanation.

My answer is
",1
fake_1495,1,2,6,1,60,1,2,"Today is November 5, 2024. Racially, I am white. Ideologically, I am liberal. Politically, I am a weak Republican. I attend church. I am 60 years old. I am a man. I am somewhat interested in politics.. Question: Do you think the federal government should be doing more about the opioid drug addiction issue, should be doing less, or is it currently doing the right amount?

Answer choices:
1. Should be doing more 2. Should be doing less 3. Is doing the right amount

When answering, respond ONLY with a single number that corresponds to the option you choose. Do not include any additional text, punctuation or explanation.

My answer is
",1
fake_1496,3,7,3,2,37,1,2,"Today is November 5, 2024. Racially, I am hispanic. Ideologically, I am extremely conservative. Politically, I am an independent who leans Democratic. I do not attend church. I am 37 years old. I am a man. I am somewhat interested in politics.. Question: Do you think the federal government should be doing more about the opioid drug addiction issue, should be doing less, or is it currently doing the right amount?

Answer choices:
1. Should be doing more 2. Should be doing less 3. Is doing the right amount

When answering, respond ONLY with a single number that corresponds to the option you choose. Do not include any additional text, punctuation or explanation.

My answer is
",1
fake_1497,1,6,2,1,28,2,3,"Today is November 5, 2024. Racially, I am white. Ideologically, I am conservative. Politically, I am a weak Democrat. I attend church. I am 28 years old. I am a woman. I am not very interested in politics.. Question: Do you think the federal government should be doing more about the opioid drug addiction issue, should be doing less, or is it currently doing the right amount?

Answer choices:
1. Should be doing more 2. Should be doing less 3. Is doing the right amount

When answering, respond ONLY with a single number that corresponds to the option you choose. Do not include any additional text, punctuation or explanation.

My answer is
",1
fake_1498,1,99,6,2,67,1,2,"Today is November 5, 2024. Racially, I am white. Politically, I am a weak Republican. I do not attend church. I am 67 years old. I am a man. I am somewhat interested in politics.. Question: Do you think the federal government should be doing more about the opioid drug addiction issue, should be doing less, or is it currently doing the right amount?

Answer choices:
1. Should be doing more 2. Should be doing less 3. Is doing the right amount

When answering, respond ONLY with a single number that corresponds to the option you choose. Do not include any additional text, punctuation or explanation.

My answer is
",1
fake_1499,1,3,3,2,63,1,-6,"Today is November 5, 2024. Racially, I am white. Ideologically, I am slightly liberal. Politically, I am an independent who leans Democratic. I do not attend church. I am 63 years old. I am a man.. Question: Do you think the federal government should be doing more about the opioid drug addiction issue, should be doing less, or is it currently doing the right amount?

Answer choices:
1. Should be doing more 2. Should be doing less 3. Is doing the right amount

When answering, respond ONLY with a single number that corresponds to the option you choose. Do not include any additional text, punctuation or explanation.

My answer is
",1
fake_1500,1,6,1,1,61,1,3,"Today is November 5, 2024. Racially, I am white. Ideologically, I am conservative. Politically, I am a strong democrat. I attend church. I am 61 years old. I am a man. I am not very interested in politics.. Question: Do you think the federal government should be doing more about the opioid drug addiction issue, should be doing less, or is it currently doing the right amount?

Answer choices:
1. Should be doing more 2. Should be doing less 3. Is doing the right amount

When answering, respond ONLY with a single number that corresponds to the option you choose. Do not include any additional text, punctuation or explanation.

My answer is
",1
fake_1501,1,5,1,1,72,2,2,"Today is November 5, 2024. Racially, I am white. Ideologically, I am slightly conservative. Politically, I am a strong democrat. I attend church. I am 72 years old. I am a woman. I am somewhat interested in politics.. Question: Do you think the federal government should be doing more about the opioid drug addiction issue, should be doing less, or is it currently doing the right amount?

Answer choices:
1. Should be doing more 2. Should be doing less 3. Is doing the right amount

When answering, respond ONLY with a single number that corresponds to the option you choose. Do not include any additional text, punctuation or explanation.

My answer is
",1
fake_1502,2,99,7,2,27,1,4,"Today is November 5, 2024. Racially, I am black. Politically, I am a strong Republican. I do not attend church. I am 27 years old. I am a man. I am not at all interested in politics.. Question: Do you think the federal government should be doing more about the opioid drug addiction issue, should be doing less, or is it currently doing the right amount?

Answer choices:
1. Should be doing more 2. Should be doing less 3. Is doing the right amount

When answering, respond ONLY with a single number that corresponds to the option you choose. Do not include any additional text, punctuation or explanation.

My answer is
",3
fake_1503,1,4,7,1,43,2,2,"Today is November 5, 2024. Racially, I am white. Ideologically, I am moderate. Politically, I am a strong Republican. I attend church. I am 43 years old. I am a woman. I am somewhat interested in politics.. Question: Do you think the federal government should be doing more about the opioid drug addiction issue, should be doing less, or is it currently doing the right amount?

Answer choices:
1. Should be doing more 2. Should be doing less 3. Is doing the right amount

When answering, respond ONLY with a single number that corresponds to the option you choose. Do not include any additional text, punctuation or explanation.

My answer is
",1
fake_1504,1,7,5,1,54,1,1,"Today is November 5, 2024. Racially, I am white. Ideologically, I am extremely conservative. Politically, I am an independent who leans Republican. I attend church. I am 54 years old. I am a man. I am very interested in politics.. Question: Do you think the federal government should be doing more about the opioid drug addiction issue, should be doing less, or is it currently doing the right amount?

Answer choices:
1. Should be doing more 2. Should be doing less 3. Is doing the right amount

When answering, respond ONLY with a single number that corresponds to the option you choose. Do not include any additional text, punctuation or explanation.

My answer is
",1
fake_1505,1,4,6,1,62,1,2,"Today is November 5, 2024. Racially, I am white. Ideologically, I am moderate. Politically, I am a weak Republican. I attend church. I am 62 years old. I am a man. I am somewhat interested in politics.. Question: Do you think the federal government should be doing more about the opioid drug addiction issue, should be doing less, or is it currently doing the right amount?

Answer choices:
1. Should be doing more 2. Should be doing less 3. Is doing the right amount

When answering, respond ONLY with a single number that corresponds to the option you choose. Do not include any additional text, punctuation or explanation.

My answer is
",1
fake_1506,1,1,5,2,60,1,1,"Today is November 5, 2024. Racially, I am white. Ideologically, I am extremely liberal. Politically, I am an independent who leans Republican. I do not attend church. I am 60 years old. I am a man. I am very interested in politics.. Question: Do you think the federal government should be doing more about the opioid drug addiction issue, should be doing less, or is it currently doing the right amount?

Answer choices:
1. Should be doing more 2. Should be doing less 3. Is doing the right amount

When answering, respond ONLY with a single number that corresponds to the option you choose. Do not include any additional text, punctuation or explanation.

My answer is
",1
fake_1507,1,99,5,1,30,2,3,"Today is November 5, 2024. Racially, I am white. Politically, I am an independent who leans Republican. I attend church. I am 30 years old. I am a woman. I am not very interested in politics.. Question: Do you think the federal government should be doing more about the opioid drug addiction issue, should be doing less, or is it currently doing the right amount?

Answer choices:
1. Should be doing more 2. Should be doing less 3. Is doing the right amount

When answering, respond ONLY with a single number that corresponds to the option you choose. Do not include any additional text, punctuation or explanation.

My answer is
",1
fake_1508,1,6,3,2,52,1,1,"Today is November 5, 2024. Racially, I am white. Ideologically, I am conservative. Politically, I am an independent who leans Democratic. I do not attend church. I am 52 years old. I am a man. I am very interested in politics.. Question: Do you think the federal government should be doing more about the opioid drug addiction issue, should be doing less, or is it currently doing the right amount?

Answer choices:
1. Should be doing more 2. Should be doing less 3. Is doing the right amount

When answering, respond ONLY with a single number that corresponds to the option you choose. Do not include any additional text, punctuation or explanation.

My answer is
",1
fake_1509,3,5,1,2,62,1,2,"Today is November 5, 2024. Racially, I am hispanic. Ideologically, I am slightly conservative. Politically, I am a strong democrat. I do not attend church. I am 62 years old. I am a man. I am somewhat interested in politics.. Question: Do you think the federal government should be doing more about the opioid drug addiction issue, should be doing less, or is it currently doing the right amount?

Answer choices:
1. Should be doing more 2. Should be doing less 3. Is doing the right amount

When answering, respond ONLY with a single number that corresponds to the option you choose. Do not include any additional text, punctuation or explanation.

My answer is
",1
fake_1510,1,5,1,-9,41,1,2,"Today is November 5, 2024. Racially, I am white. Ideologically, I am slightly conservative. Politically, I am a strong democrat. I am 41 years old. I am a man. I am somewhat interested in politics.. Question: Do you think the federal government should be doing more about the opioid drug addiction issue, should be doing less, or is it currently doing the right amount?

Answer choices:
1. Should be doing more 2. Should be doing less 3. Is doing the right amount

When answering, respond ONLY with a single number that corresponds to the option you choose. Do not include any additional text, punctuation or explanation.

My answer is
",1
fake_1511,1,2,2,2,32,1,-6,"Today is November 5, 2024. Racially, I am white. Ideologically, I am liberal. Politically, I am a weak Democrat. I do not attend church. I am 32 years old. I am a man.. Question: Do you think the federal government should be doing more about the opioid drug addiction issue, should be doing less, or is it currently doing the right amount?

Answer choices:
1. Should be doing more 2. Should be doing less 3. Is doing the right amount

When answering, respond ONLY with a single number that corresponds to the option you choose. Do not include any additional text, punctuation or explanation.

My answer is
",1
fake_1512,1,4,3,1,73,1,-6,"Today is November 5, 2024. Racially, I am white. Ideologically, I am moderate. Politically, I am an independent who leans Democratic. I attend church. I am 73 years old. I am a man.. Question: Do you think the federal government should be doing more about the opioid drug addiction issue, should be doing less, or is it currently doing the right amount?

Answer choices:
1. Should be doing more 2. Should be doing less 3. Is doing the right amount

When answering, respond ONLY with a single number that corresponds to the option you choose. Do not include any additional text, punctuation or explanation.

My answer is
",1
fake_1513,1,6,4,2,20,2,3,"Today is November 5, 2024. Racially, I am white. Ideologically, I am conservative. Politically, I am an independent. I do not attend church. I am 20 years old. I am a woman. I am not very interested in politics.. Question: Do you think the federal government should be doing more about the opioid drug addiction issue, should be doing less, or is it currently doing the right amount?

Answer choices:
1. Should be doing more 2. Should be doing less 3. Is doing the right amount

When answering, respond ONLY with a single number that corresponds to the option you choose. Do not include any additional text, punctuation or explanation.

My answer is
",1
fake_1514,3,3,1,1,76,1,3,"Today is November 5, 2024. Racially, I am hispanic. Ideologically, I am slightly liberal. Politically, I am a strong democrat. I attend church. I am 76 years old. I am a man. I am not very interested in politics.. Question: Do you think the federal government should be doing more about the opioid drug addiction issue, should be doing less, or is it currently doing the right amount?

Answer choices:
1. Should be doing more 2. Should be doing less 3. Is doing the right amount

When answering, respond ONLY with a single number that corresponds to the option you choose. Do not include any additional text, punctuation or explanation.

My answer is
",1
fake_1515,2,5,6,1,31,1,-6,"Today is November 5, 2024. Racially, I am black. Ideologically, I am slightly conservative. Politically, I am a weak Republican. I attend church. I am 31 years old. I am a man.. Question: Do you think the federal government should be doing more about the opioid drug addiction issue, should be doing less, or is it currently doing the right amount?

Answer choices:
1. Should be doing more 2. Should be doing less 3. Is doing the right amount

When answering, respond ONLY with a single number that corresponds to the option you choose. Do not include any additional text, punctuation or explanation.

My answer is
",1
fake_1516,1,4,5,2,39,2,-6,"Today is November 5, 2024. Racially, I am white. Ideologically, I am moderate. Politically, I am an independent who leans Republican. I do not attend church. I am 39 years old. I am a woman.. Question: Do you think the federal government should be doing more about the opioid drug addiction issue, should be doing less, or is it currently doing the right amount?

Answer choices:
1. Should be doing more 2. Should be doing less 3. Is doing the right amount

When answering, respond ONLY with a single number that corresponds to the option you choose. Do not include any additional text, punctuation or explanation.

My answer is
",1
fake_1517,1,5,1,1,50,2,2,"Today is November 5, 2024. Racially, I am white. Ideologically, I am slightly conservative. Politically, I am a strong democrat. I attend church. I am 50 years old. I am a woman. I am somewhat interested in politics.. Question: Do you think the federal government should be doing more about the opioid drug addiction issue, should be doing less, or is it currently doing the right amount?

Answer choices:
1. Should be doing more 2. Should be doing less 3. Is doing the right amount

When answering, respond ONLY with a single number that corresponds to the option you choose. Do not include any additional text, punctuation or explanation.

My answer is
",1
fake_1518,1,6,1,2,23,1,3,"Today is November 5, 2024. Racially, I am white. Ideologically, I am conservative. Politically, I am a strong democrat. I do not attend church. I am 23 years old. I am a man. I am not very interested in politics.. Question: Do you think the federal government should be doing more about the opioid drug addiction issue, should be doing less, or is it currently doing the right amount?

Answer choices:
1. Should be doing more 2. Should be doing less 3. Is doing the right amount

When answering, respond ONLY with a single number that corresponds to the option you choose. Do not include any additional text, punctuation or explanation.

My answer is
",1
fake_1519,1,6,3,1,34,1,2,"Today is November 5, 2024. Racially, I am white. Ideologically, I am conservative. Politically, I am an independent who leans Democratic. I attend church. I am 34 years old. I am a man. I am somewhat interested in politics.. Question: Do you think the federal government should be doing more about the opioid drug addiction issue, should be doing less, or is it currently doing the right amount?

Answer choices:
1. Should be doing more 2. Should be doing less 3. Is doing the right amount

When answering, respond ONLY with a single number that corresponds to the option you choose. Do not include any additional text, punctuation or explanation.

My answer is
",1
fake_1520,1,6,5,-1,26,1,1,"Today is November 5, 2024. Racially, I am white. Ideologically, I am conservative. Politically, I am an independent who leans Republican. I am 26 years old. I am a man. I am very interested in politics.. Question: Do you think the federal government should be doing more about the opioid drug addiction issue, should be doing less, or is it currently doing the right amount?

Answer choices:
1. Should be doing more 2. Should be doing less 3. Is doing the right amount

When answering, respond ONLY with a single number that corresponds to the option you choose. Do not include any additional text, punctuation or explanation.

My answer is
",1
fake_1521,-9,6,1,1,54,2,2,"Today is November 5, 2024. Ideologically, I am conservative. Politically, I am a strong democrat. I attend church. I am 54 years old. I am a woman. I am somewhat interested in politics.. Question: Do you think the federal government should be doing more about the opioid drug addiction issue, should be doing less, or is it currently doing the right amount?

Answer choices:
1. Should be doing more 2. Should be doing less 3. Is doing the right amount

When answering, respond ONLY with a single number that corresponds to the option you choose. Do not include any additional text, punctuation or explanation.

My answer is
",1
fake_1522,3,4,3,1,62,1,1,"Today is November 5, 2024. Racially, I am hispanic. Ideologically, I am moderate. Politically, I am an independent who leans Democratic. I attend church. I am 62 years old. I am a man. I am very interested in politics.. Question: Do you think the federal government should be doing more about the opioid drug addiction issue, should be doing less, or is it currently doing the right amount?

Answer choices:
1. Should be doing more 2. Should be doing less 3. Is doing the right amount

When answering, respond ONLY with a single number that corresponds to the option you choose. Do not include any additional text, punctuation or explanation.

My answer is
",1
fake_1523,1,7,5,2,66,2,1,"Today is November 5, 2024. Racially, I am white. Ideologically, I am extremely conservative. Politically, I am an independent who leans Republican. I do not attend church. I am 66 years old. I am a woman. I am very interested in politics.. Question: Do you think the federal government should be doing more about the opioid drug addiction issue, should be doing less, or is it currently doing the right amount?

Answer choices:
1. Should be doing more 2. Should be doing less 3. Is doing the right amount

When answering, respond ONLY with a single number that corresponds to the option you choose. Do not include any additional text, punctuation or explanation.

My answer is
",1
fake_1524,1,7,1,1,-2,1,3,"Today is November 5, 2024. Racially, I am white. Ideologically, I am extremely conservative. Politically, I am a strong democrat. I attend church. I am a man. I am not very interested in politics.. Question: Do you think the federal government should be doing more about the opioid drug addiction issue, should be doing less, or is it currently doing the right amount?

Answer choices:
1. Should be doing more 2. Should be doing less 3. Is doing the right amount

When answering, respond ONLY with a single number that corresponds to the option you choose. Do not include any additional text, punctuation or explanation.

My answer is
",1
fake_1525,3,4,7,1,59,1,2,"Today is November 5, 2024. Racially, I am hispanic. Ideologically, I am moderate. Politically, I am a strong Republican. I attend church. I am 59 years old. I am a man. I am somewhat interested in politics.. Question: Do you think the federal government should be doing more about the opioid drug addiction issue, should be doing less, or is it currently doing the right amount?

Answer choices:
1. Should be doing more 2. Should be doing less 3. Is doing the right amount

When answering, respond ONLY with a single number that corresponds to the option you choose. Do not include any additional text, punctuation or explanation.

My answer is
",1
fake_1526,1,2,1,1,56,1,2,"Today is November 5, 2024. Racially, I am white. Ideologically, I am liberal. Politically, I am a strong democrat. I attend church. I am 56 years old. I am a man. I am somewhat interested in politics.. Question: Do you think the federal government should be doing more about the opioid drug addiction issue, should be doing less, or is it currently doing the right amount?

Answer choices:
1. Should be doing more 2. Should be doing less 3. Is doing the right amount

When answering, respond ONLY with a single number that corresponds to the option you choose. Do not include any additional text, punctuation or explanation.

My answer is
",1
fake_1527,1,4,5,2,80,1,2,"Today is November 5, 2024. Racially, I am white. Ideologically, I am moderate. Politically, I am an independent who leans Republican. I do not attend church. I am 80 years old. I am a man. I am somewhat interested in politics.. Question: Do you think the federal government should be doing more about the opioid drug addiction issue, should be doing less, or is it currently doing the right amount?

Answer choices:
1. Should be doing more 2. Should be doing less 3. Is doing the right amount

When answering, respond ONLY with a single number that corresponds to the option you choose. Do not include any additional text, punctuation or explanation.

My answer is
",1
fake_1528,3,2,6,2,79,1,1,"Today is November 5, 2024. Racially, I am hispanic. Ideologically, I am liberal. Politically, I am a weak Republican. I do not attend church. I am 79 years old. I am a man. I am very interested in politics.. Question: Do you think the federal government should be doing more about the opioid drug addiction issue, should be doing less, or is it currently doing the right amount?

Answer choices:
1. Should be doing more 2. Should be doing less 3. Is doing the right amount

When answering, respond ONLY with a single number that corresponds to the option you choose. Do not include any additional text, punctuation or explanation.

My answer is
",1
fake_1529,3,2,1,1,71,2,4,"Today is November 5, 2024. Racially, I am hispanic. Ideologically, I am liberal. Politically, I am a strong democrat. I attend church. I am 71 years old. I am a woman. I am not at all interested in politics.. Question: Do you think the federal government should be doing more about the opioid drug addiction issue, should be doing less, or is it currently doing the right amount?

Answer choices:
1. Should be doing more 2. Should be doing less 3. Is doing the right amount

When answering, respond ONLY with a single number that corresponds to the option you choose. Do not include any additional text, punctuation or explanation.

My answer is
",1
fake_1530,1,5,7,1,79,1,3,"Today is November 5, 2024. Racially, I am white. Ideologically, I am slightly conservative. Politically, I am a strong Republican. I attend church. I am 79 years old. I am a man. I am not very interested in politics.. Question: Do you think the federal government should be doing more about the opioid drug addiction issue, should be doing less, or is it currently doing the right amount?

Answer choices:
1. Should be doing more 2. Should be doing less 3. Is doing the right amount

When answering, respond ONLY with a single number that corresponds to the option you choose. Do not include any additional text, punctuation or explanation.

My answer is
",1
fake_1531,1,4,2,1,65,1,3,"Today is November 5, 2024. Racially, I am white. Ideologically, I am moderate. Politically, I am a weak Democrat. I attend church. I am 65 years old. I am a man. I am not very interested in politics.. Question: Do you think the federal government should be doing more about the opioid drug addiction issue, should be doing less, or is it currently doing the right amount?

Answer choices:
1. Should be doing more 2. Should be doing less 3. Is doing the right amount

When answering, respond ONLY with a single number that corresponds to the option you choose. Do not include any additional text, punctuation or explanation.

My answer is
",1
fake_1532,-9,2,1,2,60,2,2,"Today is November 5, 2024. Ideologically, I am liberal. Politically, I am a strong democrat. I do not attend church. I am 60 years old. I am a woman. I am somewhat interested in politics.. Question: Do you think the federal government should be doing more about the opioid drug addiction issue, should be doing less, or is it currently doing the right amount?

Answer choices:
1. Should be doing more 2. Should be doing less 3. Is doing the right amount

When answering, respond ONLY with a single number that corresponds to the option you choose. Do not include any additional text, punctuation or explanation.

My answer is
",1
fake_1533,1,5,3,1,64,1,2,"Today is November 5, 2024. Racially, I am white. Ideologically, I am slightly conservative. Politically, I am an independent who leans Democratic. I attend church. I am 64 years old. I am a man. I am somewhat interested in politics.. Question: Do you think the federal government should be doing more about the opioid drug addiction issue, should be doing less, or is it currently doing the right amount?

Answer choices:
1. Should be doing more 2. Should be doing less 3. Is doing the right amount

When answering, respond ONLY with a single number that corresponds to the option you choose. Do not include any additional text, punctuation or explanation.

My answer is
",1
fake_1534,1,6,7,1,32,1,3,"Today is November 5, 2024. Racially, I am white. Ideologically, I am conservative. Politically, I am a strong Republican. I attend church. I am 32 years old. I am a man. I am not very interested in politics.. Question: Do you think the federal government should be doing more about the opioid drug addiction issue, should be doing less, or is it currently doing the right amount?

Answer choices:
1. Should be doing more 2. Should be doing less 3. Is doing the right amount

When answering, respond ONLY with a single number that corresponds to the option you choose. Do not include any additional text, punctuation or explanation.

My answer is
",1
fake_1535,1,6,1,2,75,2,3,"Today is November 5, 2024. Racially, I am white. Ideologically, I am conservative. Politically, I am a strong democrat. I do not attend church. I am 75 years old. I am a woman. I am not very interested in politics.. Question: Do you think the federal government should be doing more about the opioid drug addiction issue, should be doing less, or is it currently doing the right amount?

Answer choices:
1. Should be doing more 2. Should be doing less 3. Is doing the right amount

When answering, respond ONLY with a single number that corresponds to the option you choose. Do not include any additional text, punctuation or explanation.

My answer is
",1
fake_1536,1,5,7,2,68,1,3,"Today is November 5, 2024. Racially, I am white. Ideologically, I am slightly conservative. Politically, I am a strong Republican. I do not attend church. I am 68 years old. I am a man. I am not very interested in politics.. Question: Do you think the federal government should be doing more about the opioid drug addiction issue, should be doing less, or is it currently doing the right amount?

Answer choices:
1. Should be doing more 2. Should be doing less 3. Is doing the right amount

When answering, respond ONLY with a single number that corresponds to the option you choose. Do not include any additional text, punctuation or explanation.

My answer is
",1
fake_1537,1,4,1,1,73,1,3,"Today is November 5, 2024. Racially, I am white. Ideologically, I am moderate. Politically, I am a strong democrat. I attend church. I am 73 years old. I am a man. I am not very interested in politics.. Question: Do you think the federal government should be doing more about the opioid drug addiction issue, should be doing less, or is it currently doing the right amount?

Answer choices:
1. Should be doing more 2. Should be doing less 3. Is doing the right amount

When answering, respond ONLY with a single number that corresponds to the option you choose. Do not include any additional text, punctuation or explanation.

My answer is
",1
fake_1538,1,-9,1,1,80,1,2,"Today is November 5, 2024. Racially, I am white. Politically, I am a strong democrat. I attend church. I am 80 years old. I am a man. I am somewhat interested in politics.. Question: Do you think the federal government should be doing more about the opioid drug addiction issue, should be doing less, or is it currently doing the right amount?

Answer choices:
1. Should be doing more 2. Should be doing less 3. Is doing the right amount

When answering, respond ONLY with a single number that corresponds to the option you choose. Do not include any additional text, punctuation or explanation.

My answer is
",1
fake_1539,3,4,5,1,80,2,-6,"Today is November 5, 2024. Racially, I am hispanic. Ideologically, I am moderate. Politically, I am an independent who leans Republican. I attend church. I am 80 years old. I am a woman.. Question: Do you think the federal government should be doing more about the opioid drug addiction issue, should be doing less, or is it currently doing the right amount?

Answer choices:
1. Should be doing more 2. Should be doing less 3. Is doing the right amount

When answering, respond ONLY with a single number that corresponds to the option you choose. Do not include any additional text, punctuation or explanation.

My answer is
",1
fake_1540,1,5,7,2,33,1,2,"Today is November 5, 2024. Racially, I am white. Ideologically, I am slightly conservative. Politically, I am a strong Republican. I do not attend church. I am 33 years old. I am a man. I am somewhat interested in politics.. Question: Do you think the federal government should be doing more about the opioid drug addiction issue, should be doing less, or is it currently doing the right amount?

Answer choices:
1. Should be doing more 2. Should be doing less 3. Is doing the right amount

When answering, respond ONLY with a single number that corresponds to the option you choose. Do not include any additional text, punctuation or explanation.

My answer is
",2
fake_1541,1,5,7,1,42,2,-6,"Today is November 5, 2024. Racially, I am white. Ideologically, I am slightly conservative. Politically, I am a strong Republican. I attend church. I am 42 years old. I am a woman.. Question: Do you think the federal government should be doing more about the opioid drug addiction issue, should be doing less, or is it currently doing the right amount?

Answer choices:
1. Should be doing more 2. Should be doing less 3. Is doing the right amount

When answering, respond ONLY with a single number that corresponds to the option you choose. Do not include any additional text, punctuation or explanation.

My answer is
",1
fake_1542,1,6,7,-1,44,1,2,"Today is November 5, 2024. Racially, I am white. Ideologically, I am conservative. Politically, I am a strong Republican. I am 44 years old. I am a man. I am somewhat interested in politics.. Question: Do you think the federal government should be doing more about the opioid drug addiction issue, should be doing less, or is it currently doing the right amount?

Answer choices:
1. Should be doing more 2. Should be doing less 3. Is doing the right amount

When answering, respond ONLY with a single number that corresponds to the option you choose. Do not include any additional text, punctuation or explanation.

My answer is
",1
fake_1543,1,4,6,1,32,1,2,"Today is November 5, 2024. Racially, I am white. Ideologically, I am moderate. Politically, I am a weak Republican. I attend church. I am 32 years old. I am a man. I am somewhat interested in politics.. Question: Do you think the federal government should be doing more about the opioid drug addiction issue, should be doing less, or is it currently doing the right amount?

Answer choices:
1. Should be doing more 2. Should be doing less 3. Is doing the right amount

When answering, respond ONLY with a single number that corresponds to the option you choose. Do not include any additional text, punctuation or explanation.

My answer is
",1
fake_1544,6,7,5,-1,73,1,1,"Today is November 5, 2024. Ideologically, I am extremely conservative. Politically, I am an independent who leans Republican. I am 73 years old. I am a man. I am very interested in politics.. Question: Do you think the federal government should be doing more about the opioid drug addiction issue, should be doing less, or is it currently doing the right amount?

Answer choices:
1. Should be doing more 2. Should be doing less 3. Is doing the right amount

When answering, respond ONLY with a single number that corresponds to the option you choose. Do not include any additional text, punctuation or explanation.

My answer is
",1
fake_1545,2,3,1,1,52,2,3,"Today is November 5, 2024. Racially, I am black. Ideologically, I am slightly liberal. Politically, I am a strong democrat. I attend church. I am 52 years old. I am a woman. I am not very interested in politics.. Question: Do you think the federal government should be doing more about the opioid drug addiction issue, should be doing less, or is it currently doing the right amount?

Answer choices:
1. Should be doing more 2. Should be doing less 3. Is doing the right amount

When answering, respond ONLY with a single number that corresponds to the option you choose. Do not include any additional text, punctuation or explanation.

My answer is
",1
fake_1546,1,4,4,2,69,2,-6,"Today is November 5, 2024. Racially, I am white. Ideologically, I am moderate. Politically, I am an independent. I do not attend church. I am 69 years old. I am a woman.. Question: Do you think the federal government should be doing more about the opioid drug addiction issue, should be doing less, or is it currently doing the right amount?

Answer choices:
1. Should be doing more 2. Should be doing less 3. Is doing the right amount

When answering, respond ONLY with a single number that corresponds to the option you choose. Do not include any additional text, punctuation or explanation.

My answer is
",1
fake_1547,1,7,2,1,76,1,2,"Today is November 5, 2024. Racially, I am white. Ideologically, I am extremely conservative. Politically, I am a weak Democrat. I attend church. I am 76 years old. I am a man. I am somewhat interested in politics.. Question: Do you think the federal government should be doing more about the opioid drug addiction issue, should be doing less, or is it currently doing the right amount?

Answer choices:
1. Should be doing more 2. Should be doing less 3. Is doing the right amount

When answering, respond ONLY with a single number that corresponds to the option you choose. Do not include any additional text, punctuation or explanation.

My answer is
",1
fake_1548,2,4,5,1,43,1,2,"Today is November 5, 2024. Racially, I am black. Ideologically, I am moderate. Politically, I am an independent who leans Republican. I attend church. I am 43 years old. I am a man. I am somewhat interested in politics.. Question: Do you think the federal government should be doing more about the opioid drug addiction issue, should be doing less, or is it currently doing the right amount?

Answer choices:
1. Should be doing more 2. Should be doing less 3. Is doing the right amount

When answering, respond ONLY with a single number that corresponds to the option you choose. Do not include any additional text, punctuation or explanation.

My answer is
",1
fake_1549,2,6,5,2,72,2,2,"Today is November 5, 2024. Racially, I am black. Ideologically, I am conservative. Politically, I am an independent who leans Republican. I do not attend church. I am 72 years old. I am a woman. I am somewhat interested in politics.. Question: Do you think the federal government should be doing more about the opioid drug addiction issue, should be doing less, or is it currently doing the right amount?

Answer choices:
1. Should be doing more 2. Should be doing less 3. Is doing the right amount

When answering, respond ONLY with a single number that corresponds to the option you choose. Do not include any additional text, punctuation or explanation.

My answer is
",1
fake_1550,1,5,5,2,77,2,4,"Today is November 5, 2024. Racially, I am white. Ideologically, I am slightly conservative. Politically, I am an independent who leans Republican. I do not attend church. I am 77 years old. I am a woman. I am not at all interested in politics.. Question: Do you think the federal government should be doing more about the opioid drug addiction issue, should be doing less, or is it currently doing the right amount?

Answer choices:
1. Should be doing more 2. Should be doing less 3. Is doing the right amount

When answering, respond ONLY with a single number that corresponds to the option you choose. Do not include any additional text, punctuation or explanation.

My answer is
",1
fake_1551,3,4,3,2,48,1,2,"Today is November 5, 2024. Racially, I am hispanic. Ideologically, I am moderate. Politically, I am an independent who leans Democratic. I do not attend church. I am 48 years old. I am a man. I am somewhat interested in politics.. Question: Do you think the federal government should be doing more about the opioid drug addiction issue, should be doing less, or is it currently doing the right amount?

Answer choices:
1. Should be doing more 2. Should be doing less 3. Is doing the right amount

When answering, respond ONLY with a single number that corresponds to the option you choose. Do not include any additional text, punctuation or explanation.

My answer is
",1
fake_1552,1,99,1,2,19,1,3,"Today is November 5, 2024. Racially, I am white. Politically, I am a strong democrat. I do not attend church. I am 19 years old. I am a man. I am not very interested in politics.. Question: Do you think the federal government should be doing more about the opioid drug addiction issue, should be doing less, or is it currently doing the right amount?

Answer choices:
1. Should be doing more 2. Should be doing less 3. Is doing the right amount

When answering, respond ONLY with a single number that corresponds to the option you choose. Do not include any additional text, punctuation or explanation.

My answer is
",1
fake_1553,3,3,3,2,80,1,2,"Today is November 5, 2024. Racially, I am hispanic. Ideologically, I am slightly liberal. Politically, I am an independent who leans Democratic. I do not attend church. I am 80 years old. I am a man. I am somewhat interested in politics.. Question: Do you think the federal government should be doing more about the opioid drug addiction issue, should be doing less, or is it currently doing the right amount?

Answer choices:
1. Should be doing more 2. Should be doing less 3. Is doing the right amount

When answering, respond ONLY with a single number that corresponds to the option you choose. Do not include any additional text, punctuation or explanation.

My answer is
",1
fake_1554,1,6,6,2,38,2,2,"Today is November 5, 2024. Racially, I am white. Ideologically, I am conservative. Politically, I am a weak Republican. I do not attend church. I am 38 years old. I am a woman. I am somewhat interested in politics.. Question: Do you think the federal government should be doing more about the opioid drug addiction issue, should be doing less, or is it currently doing the right amount?

Answer choices:
1. Should be doing more 2. Should be doing less 3. Is doing the right amount

When answering, respond ONLY with a single number that corresponds to the option you choose. Do not include any additional text, punctuation or explanation.

My answer is
",1
fake_1555,1,2,7,-1,67,1,3,"Today is November 5, 2024. Racially, I am white. Ideologically, I am liberal. Politically, I am a strong Republican. I am 67 years old. I am a man. I am not very interested in politics.. Question: Do you think the federal government should be doing more about the opioid drug addiction issue, should be doing less, or is it currently doing the right amount?

Answer choices:
1. Should be doing more 2. Should be doing less 3. Is doing the right amount

When answering, respond ONLY with a single number that corresponds to the option you choose. Do not include any additional text, punctuation or explanation.

My answer is
",1
fake_1556,1,1,2,1,-2,2,1,"Today is November 5, 2024. Racially, I am white. Ideologically, I am extremely liberal. Politically, I am a weak Democrat. I attend church. I am a woman. I am very interested in politics.. Question: Do you think the federal government should be doing more about the opioid drug addiction issue, should be doing less, or is it currently doing the right amount?

Answer choices:
1. Should be doing more 2. Should be doing less 3. Is doing the right amount

When answering, respond ONLY with a single number that corresponds to the option you choose. Do not include any additional text, punctuation or explanation.

My answer is
",1
fake_1557,1,2,7,1,36,1,3,"Today is November 5, 2024. Racially, I am white. Ideologically, I am liberal. Politically, I am a strong Republican. I attend church. I am 36 years old. I am a man. I am not very interested in politics.. Question: Do you think the federal government should be doing more about the opioid drug addiction issue, should be doing less, or is it currently doing the right amount?

Answer choices:
1. Should be doing more 2. Should be doing less 3. Is doing the right amount

When answering, respond ONLY with a single number that corresponds to the option you choose. Do not include any additional text, punctuation or explanation.

My answer is
",1
fake_1558,1,7,3,2,42,2,2,"Today is November 5, 2024. Racially, I am white. Ideologically, I am extremely conservative. Politically, I am an independent who leans Democratic. I do not attend church. I am 42 years old. I am a woman. I am somewhat interested in politics.. Question: Do you think the federal government should be doing more about the opioid drug addiction issue, should be doing less, or is it currently doing the right amount?

Answer choices:
1. Should be doing more 2. Should be doing less 3. Is doing the right amount

When answering, respond ONLY with a single number that corresponds to the option you choose. Do not include any additional text, punctuation or explanation.

My answer is
",1
fake_1559,1,2,6,1,45,2,2,"Today is November 5, 2024. Racially, I am white. Ideologically, I am liberal. Politically, I am a weak Republican. I attend church. I am 45 years old. I am a woman. I am somewhat interested in politics.. Question: Do you think the federal government should be doing more about the opioid drug addiction issue, should be doing less, or is it currently doing the right amount?

Answer choices:
1. Should be doing more 2. Should be doing less 3. Is doing the right amount

When answering, respond ONLY with a single number that corresponds to the option you choose. Do not include any additional text, punctuation or explanation.

My answer is
",1
fake_1560,1,3,3,1,34,2,2,"Today is November 5, 2024. Racially, I am white. Ideologically, I am slightly liberal. Politically, I am an independent who leans Democratic. I attend church. I am 34 years old. I am a woman. I am somewhat interested in politics.. Question: Do you think the federal government should be doing more about the opioid drug addiction issue, should be doing less, or is it currently doing the right amount?

Answer choices:
1. Should be doing more 2. Should be doing less 3. Is doing the right amount

When answering, respond ONLY with a single number that corresponds to the option you choose. Do not include any additional text, punctuation or explanation.

My answer is
",1
fake_1561,1,7,1,1,75,1,1,"Today is November 5, 2024. Racially, I am white. Ideologically, I am extremely conservative. Politically, I am a strong democrat. I attend church. I am 75 years old. I am a man. I am very interested in politics.. Question: Do you think the federal government should be doing more about the opioid drug addiction issue, should be doing less, or is it currently doing the right amount?

Answer choices:
1. Should be doing more 2. Should be doing less 3. Is doing the right amount

When answering, respond ONLY with a single number that corresponds to the option you choose. Do not include any additional text, punctuation or explanation.

My answer is
",1
fake_1562,4,2,1,1,34,1,3,"Today is November 5, 2024. Racially, I am asian. Ideologically, I am liberal. Politically, I am a strong democrat. I attend church. I am 34 years old. I am a man. I am not very interested in politics.. Question: Do you think the federal government should be doing more about the opioid drug addiction issue, should be doing less, or is it currently doing the right amount?

Answer choices:
1. Should be doing more 2. Should be doing less 3. Is doing the right amount

When answering, respond ONLY with a single number that corresponds to the option you choose. Do not include any additional text, punctuation or explanation.

My answer is
",1
fake_1563,3,6,4,2,80,2,2,"Today is November 5, 2024. Racially, I am hispanic. Ideologically, I am conservative. Politically, I am an independent. I do not attend church. I am 80 years old. I am a woman. I am somewhat interested in politics.. Question: Do you think the federal government should be doing more about the opioid drug addiction issue, should be doing less, or is it currently doing the right amount?

Answer choices:
1. Should be doing more 2. Should be doing less 3. Is doing the right amount

When answering, respond ONLY with a single number that corresponds to the option you choose. Do not include any additional text, punctuation or explanation.

My answer is
",1
fake_1564,2,99,2,1,39,1,1,"Today is November 5, 2024. Racially, I am black. Politically, I am a weak Democrat. I attend church. I am 39 years old. I am a man. I am very interested in politics.. Question: Do you think the federal government should be doing more about the opioid drug addiction issue, should be doing less, or is it currently doing the right amount?

Answer choices:
1. Should be doing more 2. Should be doing less 3. Is doing the right amount

When answering, respond ONLY with a single number that corresponds to the option you choose. Do not include any additional text, punctuation or explanation.

My answer is
",1
fake_1565,1,4,1,1,56,1,1,"Today is November 5, 2024. Racially, I am white. Ideologically, I am moderate. Politically, I am a strong democrat. I attend church. I am 56 years old. I am a man. I am very interested in politics.. Question: Do you think the federal government should be doing more about the opioid drug addiction issue, should be doing less, or is it currently doing the right amount?

Answer choices:
1. Should be doing more 2. Should be doing less 3. Is doing the right amount

When answering, respond ONLY with a single number that corresponds to the option you choose. Do not include any additional text, punctuation or explanation.

My answer is
",1
fake_1566,1,4,3,-9,63,2,4,"Today is November 5, 2024. Racially, I am white. Ideologically, I am moderate. Politically, I am an independent who leans Democratic. I am 63 years old. I am a woman. I am not at all interested in politics.. Question: Do you think the federal government should be doing more about the opioid drug addiction issue, should be doing less, or is it currently doing the right amount?

Answer choices:
1. Should be doing more 2. Should be doing less 3. Is doing the right amount

When answering, respond ONLY with a single number that corresponds to the option you choose. Do not include any additional text, punctuation or explanation.

My answer is
",1
fake_1567,1,4,6,2,28,2,-5,"Today is November 5, 2024. Racially, I am white. Ideologically, I am moderate. Politically, I am a weak Republican. I do not attend church. I am 28 years old. I am a woman.. Question: Do you think the federal government should be doing more about the opioid drug addiction issue, should be doing less, or is it currently doing the right amount?

Answer choices:
1. Should be doing more 2. Should be doing less 3. Is doing the right amount

When answering, respond ONLY with a single number that corresponds to the option you choose. Do not include any additional text, punctuation or explanation.

My answer is
",1
fake_1568,1,5,1,2,30,1,1,"Today is November 5, 2024. Racially, I am white. Ideologically, I am slightly conservative. Politically, I am a strong democrat. I do not attend church. I am 30 years old. I am a man. I am very interested in politics.. Question: Do you think the federal government should be doing more about the opioid drug addiction issue, should be doing less, or is it currently doing the right amount?

Answer choices:
1. Should be doing more 2. Should be doing less 3. Is doing the right amount

When answering, respond ONLY with a single number that corresponds to the option you choose. Do not include any additional text, punctuation or explanation.

My answer is
",1
fake_1569,6,5,2,1,42,1,3,"Today is November 5, 2024. Ideologically, I am slightly conservative. Politically, I am a weak Democrat. I attend church. I am 42 years old. I am a man. I am not very interested in politics.. Question: Do you think the federal government should be doing more about the opioid drug addiction issue, should be doing less, or is it currently doing the right amount?

Answer choices:
1. Should be doing more 2. Should be doing less 3. Is doing the right amount

When answering, respond ONLY with a single number that corresponds to the option you choose. Do not include any additional text, punctuation or explanation.

My answer is
",1
fake_1570,2,5,3,2,66,1,1,"Today is November 5, 2024. Racially, I am black. Ideologically, I am slightly conservative. Politically, I am an independent who leans Democratic. I do not attend church. I am 66 years old. I am a man. I am very interested in politics.. Question: Do you think the federal government should be doing more about the opioid drug addiction issue, should be doing less, or is it currently doing the right amount?

Answer choices:
1. Should be doing more 2. Should be doing less 3. Is doing the right amount

When answering, respond ONLY with a single number that corresponds to the option you choose. Do not include any additional text, punctuation or explanation.

My answer is
",1
fake_1571,1,3,7,1,71,1,2,"Today is November 5, 2024. Racially, I am white. Ideologically, I am slightly liberal. Politically, I am a strong Republican. I attend church. I am 71 years old. I am a man. I am somewhat interested in politics.. Question: Do you think the federal government should be doing more about the opioid drug addiction issue, should be doing less, or is it currently doing the right amount?

Answer choices:
1. Should be doing more 2. Should be doing less 3. Is doing the right amount

When answering, respond ONLY with a single number that corresponds to the option you choose. Do not include any additional text, punctuation or explanation.

My answer is
",1
fake_1572,2,99,7,2,-2,1,3,"Today is November 5, 2024. Racially, I am black. Politically, I am a strong Republican. I do not attend church. I am a man. I am not very interested in politics.. Question: Do you think the federal government should be doing more about the opioid drug addiction issue, should be doing less, or is it currently doing the right amount?

Answer choices:
1. Should be doing more 2. Should be doing less 3. Is doing the right amount

When answering, respond ONLY with a single number that corresponds to the option you choose. Do not include any additional text, punctuation or explanation.

My answer is
",1
fake_1573,1,5,1,2,-2,1,4,"Today is November 5, 2024. Racially, I am white. Ideologically, I am slightly conservative. Politically, I am a strong democrat. I do not attend church. I am a man. I am not at all interested in politics.. Question: Do you think the federal government should be doing more about the opioid drug addiction issue, should be doing less, or is it currently doing the right amount?

Answer choices:
1. Should be doing more 2. Should be doing less 3. Is doing the right amount

When answering, respond ONLY with a single number that corresponds to the option you choose. Do not include any additional text, punctuation or explanation.

My answer is
",1
fake_1574,1,4,5,1,61,1,1,"Today is November 5, 2024. Racially, I am white. Ideologically, I am moderate. Politically, I am an independent who leans Republican. I attend church. I am 61 years old. I am a man. I am very interested in politics.. Question: Do you think the federal government should be doing more about the opioid drug addiction issue, should be doing less, or is it currently doing the right amount?

Answer choices:
1. Should be doing more 2. Should be doing less 3. Is doing the right amount

When answering, respond ONLY with a single number that corresponds to the option you choose. Do not include any additional text, punctuation or explanation.

My answer is
",1
fake_1575,1,2,7,2,30,2,4,"Today is November 5, 2024. Racially, I am white. Ideologically, I am liberal. Politically, I am a strong Republican. I do not attend church. I am 30 years old. I am a woman. I am not at all interested in politics.. Question: Do you think the federal government should be doing more about the opioid drug addiction issue, should be doing less, or is it currently doing the right amount?

Answer choices:
1. Should be doing more 2. Should be doing less 3. Is doing the right amount

When answering, respond ONLY with a single number that corresponds to the option you choose. Do not include any additional text, punctuation or explanation.

My answer is
",1
fake_1576,2,99,5,-1,37,2,1,"Today is November 5, 2024. Racially, I am black. Politically, I am an independent who leans Republican. I am 37 years old. I am a woman. I am very interested in politics.. Question: Do you think the federal government should be doing more about the opioid drug addiction issue, should be doing less, or is it currently doing the right amount?

Answer choices:
1. Should be doing more 2. Should be doing less 3. Is doing the right amount

When answering, respond ONLY with a single number that corresponds to the option you choose. Do not include any additional text, punctuation or explanation.

My answer is
",1
fake_1577,2,3,1,2,38,2,3,"Today is November 5, 2024. Racially, I am black. Ideologically, I am slightly liberal. Politically, I am a strong democrat. I do not attend church. I am 38 years old. I am a woman. I am not very interested in politics.. Question: Do you think the federal government should be doing more about the opioid drug addiction issue, should be doing less, or is it currently doing the right amount?

Answer choices:
1. Should be doing more 2. Should be doing less 3. Is doing the right amount

When answering, respond ONLY with a single number that corresponds to the option you choose. Do not include any additional text, punctuation or explanation.

My answer is
",1
fake_1578,1,99,6,2,62,2,1,"Today is November 5, 2024. Racially, I am white. Politically, I am a weak Republican. I do not attend church. I am 62 years old. I am a woman. I am very interested in politics.. Question: Do you think the federal government should be doing more about the opioid drug addiction issue, should be doing less, or is it currently doing the right amount?

Answer choices:
1. Should be doing more 2. Should be doing less 3. Is doing the right amount

When answering, respond ONLY with a single number that corresponds to the option you choose. Do not include any additional text, punctuation or explanation.

My answer is
",1
fake_1579,1,1,7,1,23,1,2,"Today is November 5, 2024. Racially, I am white. Ideologically, I am extremely liberal. Politically, I am a strong Republican. I attend church. I am 23 years old. I am a man. I am somewhat interested in politics.. Question: Do you think the federal government should be doing more about the opioid drug addiction issue, should be doing less, or is it currently doing the right amount?

Answer choices:
1. Should be doing more 2. Should be doing less 3. Is doing the right amount

When answering, respond ONLY with a single number that corresponds to the option you choose. Do not include any additional text, punctuation or explanation.

My answer is
",1
fake_1580,1,2,6,2,26,2,-6,"Today is November 5, 2024. Racially, I am white. Ideologically, I am liberal. Politically, I am a weak Republican. I do not attend church. I am 26 years old. I am a woman.. Question: Do you think the federal government should be doing more about the opioid drug addiction issue, should be doing less, or is it currently doing the right amount?

Answer choices:
1. Should be doing more 2. Should be doing less 3. Is doing the right amount

When answering, respond ONLY with a single number that corresponds to the option you choose. Do not include any additional text, punctuation or explanation.

My answer is
",1
fake_1581,1,99,4,1,61,1,3,"Today is November 5, 2024. Racially, I am white. Politically, I am an independent. I attend church. I am 61 years old. I am a man. I am not very interested in politics.. Question: Do you think the federal government should be doing more about the opioid drug addiction issue, should be doing less, or is it currently doing the right amount?

Answer choices:
1. Should be doing more 2. Should be doing less 3. Is doing the right amount

When answering, respond ONLY with a single number that corresponds to the option you choose. Do not include any additional text, punctuation or explanation.

My answer is
",1
fake_1582,1,7,6,2,54,1,3,"Today is November 5, 2024. Racially, I am white. Ideologically, I am extremely conservative. Politically, I am a weak Republican. I do not attend church. I am 54 years old. I am a man. I am not very interested in politics.. Question: Do you think the federal government should be doing more about the opioid drug addiction issue, should be doing less, or is it currently doing the right amount?

Answer choices:
1. Should be doing more 2. Should be doing less 3. Is doing the right amount

When answering, respond ONLY with a single number that corresponds to the option you choose. Do not include any additional text, punctuation or explanation.

My answer is
",1
fake_1583,1,4,6,2,32,2,2,"Today is November 5, 2024. Racially, I am white. Ideologically, I am moderate. Politically, I am a weak Republican. I do not attend church. I am 32 years old. I am a woman. I am somewhat interested in politics.. Question: Do you think the federal government should be doing more about the opioid drug addiction issue, should be doing less, or is it currently doing the right amount?

Answer choices:
1. Should be doing more 2. Should be doing less 3. Is doing the right amount

When answering, respond ONLY with a single number that corresponds to the option you choose. Do not include any additional text, punctuation or explanation.

My answer is
",1
fake_1584,1,2,4,1,67,1,-6,"Today is November 5, 2024. Racially, I am white. Ideologically, I am liberal. Politically, I am an independent. I attend church. I am 67 years old. I am a man.. Question: Do you think the federal government should be doing more about the opioid drug addiction issue, should be doing less, or is it currently doing the right amount?

Answer choices:
1. Should be doing more 2. Should be doing less 3. Is doing the right amount

When answering, respond ONLY with a single number that corresponds to the option you choose. Do not include any additional text, punctuation or explanation.

My answer is
",1
fake_1585,3,2,6,2,42,2,3,"Today is November 5, 2024. Racially, I am hispanic. Ideologically, I am liberal. Politically, I am a weak Republican. I do not attend church. I am 42 years old. I am a woman. I am not very interested in politics.. Question: Do you think the federal government should be doing more about the opioid drug addiction issue, should be doing less, or is it currently doing the right amount?

Answer choices:
1. Should be doing more 2. Should be doing less 3. Is doing the right amount

When answering, respond ONLY with a single number that corresponds to the option you choose. Do not include any additional text, punctuation or explanation.

My answer is
",1
fake_1586,1,2,7,1,76,2,-6,"Today is November 5, 2024. Racially, I am white. Ideologically, I am liberal. Politically, I am a strong Republican. I attend church. I am 76 years old. I am a woman.. Question: Do you think the federal government should be doing more about the opioid drug addiction issue, should be doing less, or is it currently doing the right amount?

Answer choices:
1. Should be doing more 2. Should be doing less 3. Is doing the right amount

When answering, respond ONLY with a single number that corresponds to the option you choose. Do not include any additional text, punctuation or explanation.

My answer is
",1
fake_1587,2,6,1,-1,31,2,2,"Today is November 5, 2024. Racially, I am black. Ideologically, I am conservative. Politically, I am a strong democrat. I am 31 years old. I am a woman. I am somewhat interested in politics.. Question: Do you think the federal government should be doing more about the opioid drug addiction issue, should be doing less, or is it currently doing the right amount?

Answer choices:
1. Should be doing more 2. Should be doing less 3. Is doing the right amount

When answering, respond ONLY with a single number that corresponds to the option you choose. Do not include any additional text, punctuation or explanation.

My answer is
",1
fake_1588,1,5,1,1,50,2,3,"Today is November 5, 2024. Racially, I am white. Ideologically, I am slightly conservative. Politically, I am a strong democrat. I attend church. I am 50 years old. I am a woman. I am not very interested in politics.. Question: Do you think the federal government should be doing more about the opioid drug addiction issue, should be doing less, or is it currently doing the right amount?

Answer choices:
1. Should be doing more 2. Should be doing less 3. Is doing the right amount

When answering, respond ONLY with a single number that corresponds to the option you choose. Do not include any additional text, punctuation or explanation.

My answer is
",1
fake_1589,1,2,1,2,26,1,4,"Today is November 5, 2024. Racially, I am white. Ideologically, I am liberal. Politically, I am a strong democrat. I do not attend church. I am 26 years old. I am a man. I am not at all interested in politics.. Question: Do you think the federal government should be doing more about the opioid drug addiction issue, should be doing less, or is it currently doing the right amount?

Answer choices:
1. Should be doing more 2. Should be doing less 3. Is doing the right amount

When answering, respond ONLY with a single number that corresponds to the option you choose. Do not include any additional text, punctuation or explanation.

My answer is
",1
fake_1590,3,4,3,1,56,2,-9,"Today is November 5, 2024. Racially, I am hispanic. Ideologically, I am moderate. Politically, I am an independent who leans Democratic. I attend church. I am 56 years old. I am a woman.. Question: Do you think the federal government should be doing more about the opioid drug addiction issue, should be doing less, or is it currently doing the right amount?

Answer choices:
1. Should be doing more 2. Should be doing less 3. Is doing the right amount

When answering, respond ONLY with a single number that corresponds to the option you choose. Do not include any additional text, punctuation or explanation.

My answer is
",1
fake_1591,2,4,6,1,48,1,2,"Today is November 5, 2024. Racially, I am black. Ideologically, I am moderate. Politically, I am a weak Republican. I attend church. I am 48 years old. I am a man. I am somewhat interested in politics.. Question: Do you think the federal government should be doing more about the opioid drug addiction issue, should be doing less, or is it currently doing the right amount?

Answer choices:
1. Should be doing more 2. Should be doing less 3. Is doing the right amount

When answering, respond ONLY with a single number that corresponds to the option you choose. Do not include any additional text, punctuation or explanation.

My answer is
",1
fake_1592,1,2,3,2,41,1,2,"Today is November 5, 2024. Racially, I am white. Ideologically, I am liberal. Politically, I am an independent who leans Democratic. I do not attend church. I am 41 years old. I am a man. I am somewhat interested in politics.. Question: Do you think the federal government should be doing more about the opioid drug addiction issue, should be doing less, or is it currently doing the right amount?

Answer choices:
1. Should be doing more 2. Should be doing less 3. Is doing the right amount

When answering, respond ONLY with a single number that corresponds to the option you choose. Do not include any additional text, punctuation or explanation.

My answer is
",1
fake_1593,6,-9,7,-1,41,2,2,"Today is November 5, 2024. Politically, I am a strong Republican. I am 41 years old. I am a woman. I am somewhat interested in politics.. Question: Do you think the federal government should be doing more about the opioid drug addiction issue, should be doing less, or is it currently doing the right amount?

Answer choices:
1. Should be doing more 2. Should be doing less 3. Is doing the right amount

When answering, respond ONLY with a single number that corresponds to the option you choose. Do not include any additional text, punctuation or explanation.

My answer is
",1
fake_1594,1,99,3,2,44,2,2,"Today is November 5, 2024. Racially, I am white. Politically, I am an independent who leans Democratic. I do not attend church. I am 44 years old. I am a woman. I am somewhat interested in politics.. Question: Do you think the federal government should be doing more about the opioid drug addiction issue, should be doing less, or is it currently doing the right amount?

Answer choices:
1. Should be doing more 2. Should be doing less 3. Is doing the right amount

When answering, respond ONLY with a single number that corresponds to the option you choose. Do not include any additional text, punctuation or explanation.

My answer is
",1
fake_1595,1,4,6,1,56,1,3,"Today is November 5, 2024. Racially, I am white. Ideologically, I am moderate. Politically, I am a weak Republican. I attend church. I am 56 years old. I am a man. I am not very interested in politics.. Question: Do you think the federal government should be doing more about the opioid drug addiction issue, should be doing less, or is it currently doing the right amount?

Answer choices:
1. Should be doing more 2. Should be doing less 3. Is doing the right amount

When answering, respond ONLY with a single number that corresponds to the option you choose. Do not include any additional text, punctuation or explanation.

My answer is
",1
fake_1596,1,99,3,2,62,2,2,"Today is November 5, 2024. Racially, I am white. Politically, I am an independent who leans Democratic. I do not attend church. I am 62 years old. I am a woman. I am somewhat interested in politics.. Question: Do you think the federal government should be doing more about the opioid drug addiction issue, should be doing less, or is it currently doing the right amount?

Answer choices:
1. Should be doing more 2. Should be doing less 3. Is doing the right amount

When answering, respond ONLY with a single number that corresponds to the option you choose. Do not include any additional text, punctuation or explanation.

My answer is
",1
fake_1597,1,99,3,2,39,1,1,"Today is November 5, 2024. Racially, I am white. Politically, I am an independent who leans Democratic. I do not attend church. I am 39 years old. I am a man. I am very interested in politics.. Question: Do you think the federal government should be doing more about the opioid drug addiction issue, should be doing less, or is it currently doing the right amount?

Answer choices:
1. Should be doing more 2. Should be doing less 3. Is doing the right amount

When answering, respond ONLY with a single number that corresponds to the option you choose. Do not include any additional text, punctuation or explanation.

My answer is
",1
fake_1598,2,99,6,1,32,2,2,"Today is November 5, 2024. Racially, I am black. Politically, I am a weak Republican. I attend church. I am 32 years old. I am a woman. I am somewhat interested in politics.. Question: Do you think the federal government should be doing more about the opioid drug addiction issue, should be doing less, or is it currently doing the right amount?

Answer choices:
1. Should be doing more 2. Should be doing less 3. Is doing the right amount

When answering, respond ONLY with a single number that corresponds to the option you choose. Do not include any additional text, punctuation or explanation.

My answer is
",1
fake_1599,3,4,2,1,80,1,3,"Today is November 5, 2024. Racially, I am hispanic. Ideologically, I am moderate. Politically, I am a weak Democrat. I attend church. I am 80 years old. I am a man. I am not very interested in politics.. Question: Do you think the federal government should be doing more about the opioid drug addiction issue, should be doing less, or is it currently doing the right amount?

Answer choices:
1. Should be doing more 2. Should be doing less 3. Is doing the right amount

When answering, respond ONLY with a single number that corresponds to the option you choose. Do not include any additional text, punctuation or explanation.

My answer is
",1
fake_1600,1,99,7,1,65,1,3,"Today is November 5, 2024. Racially, I am white. Politically, I am a strong Republican. I attend church. I am 65 years old. I am a man. I am not very interested in politics.. Question: Do you think the federal government should be doing more about the opioid drug addiction issue, should be doing less, or is it currently doing the right amount?

Answer choices:
1. Should be doing more 2. Should be doing less 3. Is doing the right amount

When answering, respond ONLY with a single number that corresponds to the option you choose. Do not include any additional text, punctuation or explanation.

My answer is
",1
fake_1601,4,4,1,1,38,1,1,"Today is November 5, 2024. Racially, I am asian. Ideologically, I am moderate. Politically, I am a strong democrat. I attend church. I am 38 years old. I am a man. I am very interested in politics.. Question: Do you think the federal government should be doing more about the opioid drug addiction issue, should be doing less, or is it currently doing the right amount?

Answer choices:
1. Should be doing more 2. Should be doing less 3. Is doing the right amount

When answering, respond ONLY with a single number that corresponds to the option you choose. Do not include any additional text, punctuation or explanation.

My answer is
",1
fake_1602,1,3,7,2,80,2,1,"Today is November 5, 2024. Racially, I am white. Ideologically, I am slightly liberal. Politically, I am a strong Republican. I do not attend church. I am 80 years old. I am a woman. I am very interested in politics.. Question: Do you think the federal government should be doing more about the opioid drug addiction issue, should be doing less, or is it currently doing the right amount?

Answer choices:
1. Should be doing more 2. Should be doing less 3. Is doing the right amount

When answering, respond ONLY with a single number that corresponds to the option you choose. Do not include any additional text, punctuation or explanation.

My answer is
",1
fake_1603,4,-9,3,1,65,2,3,"Today is November 5, 2024. Racially, I am asian. Politically, I am an independent who leans Democratic. I attend church. I am 65 years old. I am a woman. I am not very interested in politics.. Question: Do you think the federal government should be doing more about the opioid drug addiction issue, should be doing less, or is it currently doing the right amount?

Answer choices:
1. Should be doing more 2. Should be doing less 3. Is doing the right amount

When answering, respond ONLY with a single number that corresponds to the option you choose. Do not include any additional text, punctuation or explanation.

My answer is
",1
fake_1604,1,4,2,2,66,2,1,"Today is November 5, 2024. Racially, I am white. Ideologically, I am moderate. Politically, I am a weak Democrat. I do not attend church. I am 66 years old. I am a woman. I am very interested in politics.. Question: Do you think the federal government should be doing more about the opioid drug addiction issue, should be doing less, or is it currently doing the right amount?

Answer choices:
1. Should be doing more 2. Should be doing less 3. Is doing the right amount

When answering, respond ONLY with a single number that corresponds to the option you choose. Do not include any additional text, punctuation or explanation.

My answer is
",1
fake_1605,1,6,7,2,49,2,3,"Today is November 5, 2024. Racially, I am white. Ideologically, I am conservative. Politically, I am a strong Republican. I do not attend church. I am 49 years old. I am a woman. I am not very interested in politics.. Question: Do you think the federal government should be doing more about the opioid drug addiction issue, should be doing less, or is it currently doing the right amount?

Answer choices:
1. Should be doing more 2. Should be doing less 3. Is doing the right amount

When answering, respond ONLY with a single number that corresponds to the option you choose. Do not include any additional text, punctuation or explanation.

My answer is
",1
fake_1606,1,99,4,1,48,2,1,"Today is November 5, 2024. Racially, I am white. Politically, I am an independent. I attend church. I am 48 years old. I am a woman. I am very interested in politics.. Question: Do you think the federal government should be doing more about the opioid drug addiction issue, should be doing less, or is it currently doing the right amount?

Answer choices:
1. Should be doing more 2. Should be doing less 3. Is doing the right amount

When answering, respond ONLY with a single number that corresponds to the option you choose. Do not include any additional text, punctuation or explanation.

My answer is
",1
fake_1607,1,4,5,1,63,2,2,"Today is November 5, 2024. Racially, I am white. Ideologically, I am moderate. Politically, I am an independent who leans Republican. I attend church. I am 63 years old. I am a woman. I am somewhat interested in politics.. Question: Do you think the federal government should be doing more about the opioid drug addiction issue, should be doing less, or is it currently doing the right amount?

Answer choices:
1. Should be doing more 2. Should be doing less 3. Is doing the right amount

When answering, respond ONLY with a single number that corresponds to the option you choose. Do not include any additional text, punctuation or explanation.

My answer is
",1
fake_1608,1,4,6,2,77,-9,2,"Today is November 5, 2024. Racially, I am white. Ideologically, I am moderate. Politically, I am a weak Republican. I do not attend church. I am 77 years old. I am somewhat interested in politics.. Question: Do you think the federal government should be doing more about the opioid drug addiction issue, should be doing less, or is it currently doing the right amount?

Answer choices:
1. Should be doing more 2. Should be doing less 3. Is doing the right amount

When answering, respond ONLY with a single number that corresponds to the option you choose. Do not include any additional text, punctuation or explanation.

My answer is
",1
fake_1609,1,4,6,1,80,2,2,"Today is November 5, 2024. Racially, I am white. Ideologically, I am moderate. Politically, I am a weak Republican. I attend church. I am 80 years old. I am a woman. I am somewhat interested in politics.. Question: Do you think the federal government should be doing more about the opioid drug addiction issue, should be doing less, or is it currently doing the right amount?

Answer choices:
1. Should be doing more 2. Should be doing less 3. Is doing the right amount

When answering, respond ONLY with a single number that corresponds to the option you choose. Do not include any additional text, punctuation or explanation.

My answer is
",1
fake_1610,3,2,7,1,38,2,3,"Today is November 5, 2024. Racially, I am hispanic. Ideologically, I am liberal. Politically, I am a strong Republican. I attend church. I am 38 years old. I am a woman. I am not very interested in politics.. Question: Do you think the federal government should be doing more about the opioid drug addiction issue, should be doing less, or is it currently doing the right amount?

Answer choices:
1. Should be doing more 2. Should be doing less 3. Is doing the right amount

When answering, respond ONLY with a single number that corresponds to the option you choose. Do not include any additional text, punctuation or explanation.

My answer is
",1
fake_1611,3,3,7,2,38,1,2,"Today is November 5, 2024. Racially, I am hispanic. Ideologically, I am slightly liberal. Politically, I am a strong Republican. I do not attend church. I am 38 years old. I am a man. I am somewhat interested in politics.. Question: Do you think the federal government should be doing more about the opioid drug addiction issue, should be doing less, or is it currently doing the right amount?

Answer choices:
1. Should be doing more 2. Should be doing less 3. Is doing the right amount

When answering, respond ONLY with a single number that corresponds to the option you choose. Do not include any additional text, punctuation or explanation.

My answer is
",1
fake_1612,3,4,1,2,80,1,-6,"Today is November 5, 2024. Racially, I am hispanic. Ideologically, I am moderate. Politically, I am a strong democrat. I do not attend church. I am 80 years old. I am a man.. Question: Do you think the federal government should be doing more about the opioid drug addiction issue, should be doing less, or is it currently doing the right amount?

Answer choices:
1. Should be doing more 2. Should be doing less 3. Is doing the right amount

When answering, respond ONLY with a single number that corresponds to the option you choose. Do not include any additional text, punctuation or explanation.

My answer is
",1
fake_1613,1,2,7,1,30,1,3,"Today is November 5, 2024. Racially, I am white. Ideologically, I am liberal. Politically, I am a strong Republican. I attend church. I am 30 years old. I am a man. I am not very interested in politics.. Question: Do you think the federal government should be doing more about the opioid drug addiction issue, should be doing less, or is it currently doing the right amount?

Answer choices:
1. Should be doing more 2. Should be doing less 3. Is doing the right amount

When answering, respond ONLY with a single number that corresponds to the option you choose. Do not include any additional text, punctuation or explanation.

My answer is
",1
fake_1614,1,-9,6,2,28,2,2,"Today is November 5, 2024. Racially, I am white. Politically, I am a weak Republican. I do not attend church. I am 28 years old. I am a woman. I am somewhat interested in politics.. Question: Do you think the federal government should be doing more about the opioid drug addiction issue, should be doing less, or is it currently doing the right amount?

Answer choices:
1. Should be doing more 2. Should be doing less 3. Is doing the right amount

When answering, respond ONLY with a single number that corresponds to the option you choose. Do not include any additional text, punctuation or explanation.

My answer is
",1
fake_1615,2,3,5,2,66,2,1,"Today is November 5, 2024. Racially, I am black. Ideologically, I am slightly liberal. Politically, I am an independent who leans Republican. I do not attend church. I am 66 years old. I am a woman. I am very interested in politics.. Question: Do you think the federal government should be doing more about the opioid drug addiction issue, should be doing less, or is it currently doing the right amount?

Answer choices:
1. Should be doing more 2. Should be doing less 3. Is doing the right amount

When answering, respond ONLY with a single number that corresponds to the option you choose. Do not include any additional text, punctuation or explanation.

My answer is
",1
fake_1616,3,3,6,2,67,2,-6,"Today is November 5, 2024. Racially, I am hispanic. Ideologically, I am slightly liberal. Politically, I am a weak Republican. I do not attend church. I am 67 years old. I am a woman.. Question: Do you think the federal government should be doing more about the opioid drug addiction issue, should be doing less, or is it currently doing the right amount?

Answer choices:
1. Should be doing more 2. Should be doing less 3. Is doing the right amount

When answering, respond ONLY with a single number that corresponds to the option you choose. Do not include any additional text, punctuation or explanation.

My answer is
",1
fake_1617,1,6,2,1,75,1,2,"Today is November 5, 2024. Racially, I am white. Ideologically, I am conservative. Politically, I am a weak Democrat. I attend church. I am 75 years old. I am a man. I am somewhat interested in politics.. Question: Do you think the federal government should be doing more about the opioid drug addiction issue, should be doing less, or is it currently doing the right amount?

Answer choices:
1. Should be doing more 2. Should be doing less 3. Is doing the right amount

When answering, respond ONLY with a single number that corresponds to the option you choose. Do not include any additional text, punctuation or explanation.

My answer is
",1
fake_1618,3,6,2,1,-2,2,2,"Today is November 5, 2024. Racially, I am hispanic. Ideologically, I am conservative. Politically, I am a weak Democrat. I attend church. I am a woman. I am somewhat interested in politics.. Question: Do you think the federal government should be doing more about the opioid drug addiction issue, should be doing less, or is it currently doing the right amount?

Answer choices:
1. Should be doing more 2. Should be doing less 3. Is doing the right amount

When answering, respond ONLY with a single number that corresponds to the option you choose. Do not include any additional text, punctuation or explanation.

My answer is
",1
fake_1619,1,99,1,2,66,1,3,"Today is November 5, 2024. Racially, I am white. Politically, I am a strong democrat. I do not attend church. I am 66 years old. I am a man. I am not very interested in politics.. Question: Do you think the federal government should be doing more about the opioid drug addiction issue, should be doing less, or is it currently doing the right amount?

Answer choices:
1. Should be doing more 2. Should be doing less 3. Is doing the right amount

When answering, respond ONLY with a single number that corresponds to the option you choose. Do not include any additional text, punctuation or explanation.

My answer is
",1
fake_1620,5,4,3,1,68,1,2,"Today is November 5, 2024. Racially, I am native American. Ideologically, I am moderate. Politically, I am an independent who leans Democratic. I attend church. I am 68 years old. I am a man. I am somewhat interested in politics.. Question: Do you think the federal government should be doing more about the opioid drug addiction issue, should be doing less, or is it currently doing the right amount?

Answer choices:
1. Should be doing more 2. Should be doing less 3. Is doing the right amount

When answering, respond ONLY with a single number that corresponds to the option you choose. Do not include any additional text, punctuation or explanation.

My answer is
",1
fake_1621,4,1,7,2,80,2,2,"Today is November 5, 2024. Racially, I am asian. Ideologically, I am extremely liberal. Politically, I am a strong Republican. I do not attend church. I am 80 years old. I am a woman. I am somewhat interested in politics.. Question: Do you think the federal government should be doing more about the opioid drug addiction issue, should be doing less, or is it currently doing the right amount?

Answer choices:
1. Should be doing more 2. Should be doing less 3. Is doing the right amount

When answering, respond ONLY with a single number that corresponds to the option you choose. Do not include any additional text, punctuation or explanation.

My answer is
",1
fake_1622,1,6,1,1,34,1,1,"Today is November 5, 2024. Racially, I am white. Ideologically, I am conservative. Politically, I am a strong democrat. I attend church. I am 34 years old. I am a man. I am very interested in politics.. Question: Do you think the federal government should be doing more about the opioid drug addiction issue, should be doing less, or is it currently doing the right amount?

Answer choices:
1. Should be doing more 2. Should be doing less 3. Is doing the right amount

When answering, respond ONLY with a single number that corresponds to the option you choose. Do not include any additional text, punctuation or explanation.

My answer is
",1
fake_1623,1,2,5,1,69,1,2,"Today is November 5, 2024. Racially, I am white. Ideologically, I am liberal. Politically, I am an independent who leans Republican. I attend church. I am 69 years old. I am a man. I am somewhat interested in politics.. Question: Do you think the federal government should be doing more about the opioid drug addiction issue, should be doing less, or is it currently doing the right amount?

Answer choices:
1. Should be doing more 2. Should be doing less 3. Is doing the right amount

When answering, respond ONLY with a single number that corresponds to the option you choose. Do not include any additional text, punctuation or explanation.

My answer is
",1
fake_1624,1,1,5,2,65,1,2,"Today is November 5, 2024. Racially, I am white. Ideologically, I am extremely liberal. Politically, I am an independent who leans Republican. I do not attend church. I am 65 years old. I am a man. I am somewhat interested in politics.. Question: Do you think the federal government should be doing more about the opioid drug addiction issue, should be doing less, or is it currently doing the right amount?

Answer choices:
1. Should be doing more 2. Should be doing less 3. Is doing the right amount

When answering, respond ONLY with a single number that corresponds to the option you choose. Do not include any additional text, punctuation or explanation.

My answer is
",1
fake_1625,1,5,6,2,34,1,3,"Today is November 5, 2024. Racially, I am white. Ideologically, I am slightly conservative. Politically, I am a weak Republican. I do not attend church. I am 34 years old. I am a man. I am not very interested in politics.. Question: Do you think the federal government should be doing more about the opioid drug addiction issue, should be doing less, or is it currently doing the right amount?

Answer choices:
1. Should be doing more 2. Should be doing less 3. Is doing the right amount

When answering, respond ONLY with a single number that corresponds to the option you choose. Do not include any additional text, punctuation or explanation.

My answer is
",1
fake_1626,1,2,7,2,56,1,1,"Today is November 5, 2024. Racially, I am white. Ideologically, I am liberal. Politically, I am a strong Republican. I do not attend church. I am 56 years old. I am a man. I am very interested in politics.. Question: Do you think the federal government should be doing more about the opioid drug addiction issue, should be doing less, or is it currently doing the right amount?

Answer choices:
1. Should be doing more 2. Should be doing less 3. Is doing the right amount

When answering, respond ONLY with a single number that corresponds to the option you choose. Do not include any additional text, punctuation or explanation.

My answer is
",1
fake_1627,3,6,3,2,69,1,2,"Today is November 5, 2024. Racially, I am hispanic. Ideologically, I am conservative. Politically, I am an independent who leans Democratic. I do not attend church. I am 69 years old. I am a man. I am somewhat interested in politics.. Question: Do you think the federal government should be doing more about the opioid drug addiction issue, should be doing less, or is it currently doing the right amount?

Answer choices:
1. Should be doing more 2. Should be doing less 3. Is doing the right amount

When answering, respond ONLY with a single number that corresponds to the option you choose. Do not include any additional text, punctuation or explanation.

My answer is
",1
fake_1628,1,99,2,1,72,2,2,"Today is November 5, 2024. Racially, I am white. Politically, I am a weak Democrat. I attend church. I am 72 years old. I am a woman. I am somewhat interested in politics.. Question: Do you think the federal government should be doing more about the opioid drug addiction issue, should be doing less, or is it currently doing the right amount?

Answer choices:
1. Should be doing more 2. Should be doing less 3. Is doing the right amount

When answering, respond ONLY with a single number that corresponds to the option you choose. Do not include any additional text, punctuation or explanation.

My answer is
",1
fake_1629,1,2,5,2,79,2,2,"Today is November 5, 2024. Racially, I am white. Ideologically, I am liberal. Politically, I am an independent who leans Republican. I do not attend church. I am 79 years old. I am a woman. I am somewhat interested in politics.. Question: Do you think the federal government should be doing more about the opioid drug addiction issue, should be doing less, or is it currently doing the right amount?

Answer choices:
1. Should be doing more 2. Should be doing less 3. Is doing the right amount

When answering, respond ONLY with a single number that corresponds to the option you choose. Do not include any additional text, punctuation or explanation.

My answer is
",1
fake_1630,1,99,7,1,49,2,-6,"Today is November 5, 2024. Racially, I am white. Politically, I am a strong Republican. I attend church. I am 49 years old. I am a woman.. Question: Do you think the federal government should be doing more about the opioid drug addiction issue, should be doing less, or is it currently doing the right amount?

Answer choices:
1. Should be doing more 2. Should be doing less 3. Is doing the right amount

When answering, respond ONLY with a single number that corresponds to the option you choose. Do not include any additional text, punctuation or explanation.

My answer is
",1
fake_1631,1,1,7,2,39,1,3,"Today is November 5, 2024. Racially, I am white. Ideologically, I am extremely liberal. Politically, I am a strong Republican. I do not attend church. I am 39 years old. I am a man. I am not very interested in politics.. Question: Do you think the federal government should be doing more about the opioid drug addiction issue, should be doing less, or is it currently doing the right amount?

Answer choices:
1. Should be doing more 2. Should be doing less 3. Is doing the right amount

When answering, respond ONLY with a single number that corresponds to the option you choose. Do not include any additional text, punctuation or explanation.

My answer is
",1
fake_1632,1,5,1,1,36,1,2,"Today is November 5, 2024. Racially, I am white. Ideologically, I am slightly conservative. Politically, I am a strong democrat. I attend church. I am 36 years old. I am a man. I am somewhat interested in politics.. Question: Do you think the federal government should be doing more about the opioid drug addiction issue, should be doing less, or is it currently doing the right amount?

Answer choices:
1. Should be doing more 2. Should be doing less 3. Is doing the right amount

When answering, respond ONLY with a single number that corresponds to the option you choose. Do not include any additional text, punctuation or explanation.

My answer is
",1
fake_1633,3,5,1,1,70,2,2,"Today is November 5, 2024. Racially, I am hispanic. Ideologically, I am slightly conservative. Politically, I am a strong democrat. I attend church. I am 70 years old. I am a woman. I am somewhat interested in politics.. Question: Do you think the federal government should be doing more about the opioid drug addiction issue, should be doing less, or is it currently doing the right amount?

Answer choices:
1. Should be doing more 2. Should be doing less 3. Is doing the right amount

When answering, respond ONLY with a single number that corresponds to the option you choose. Do not include any additional text, punctuation or explanation.

My answer is
",1
fake_1634,2,2,6,-1,67,2,3,"Today is November 5, 2024. Racially, I am black. Ideologically, I am liberal. Politically, I am a weak Republican. I am 67 years old. I am a woman. I am not very interested in politics.. Question: Do you think the federal government should be doing more about the opioid drug addiction issue, should be doing less, or is it currently doing the right amount?

Answer choices:
1. Should be doing more 2. Should be doing less 3. Is doing the right amount

When answering, respond ONLY with a single number that corresponds to the option you choose. Do not include any additional text, punctuation or explanation.

My answer is
",1
fake_1635,1,99,5,2,33,2,3,"Today is November 5, 2024. Racially, I am white. Politically, I am an independent who leans Republican. I do not attend church. I am 33 years old. I am a woman. I am not very interested in politics.. Question: Do you think the federal government should be doing more about the opioid drug addiction issue, should be doing less, or is it currently doing the right amount?

Answer choices:
1. Should be doing more 2. Should be doing less 3. Is doing the right amount

When answering, respond ONLY with a single number that corresponds to the option you choose. Do not include any additional text, punctuation or explanation.

My answer is
",1
fake_1636,1,99,5,2,28,-9,3,"Today is November 5, 2024. Racially, I am white. Politically, I am an independent who leans Republican. I do not attend church. I am 28 years old. I am not very interested in politics.. Question: Do you think the federal government should be doing more about the opioid drug addiction issue, should be doing less, or is it currently doing the right amount?

Answer choices:
1. Should be doing more 2. Should be doing less 3. Is doing the right amount

When answering, respond ONLY with a single number that corresponds to the option you choose. Do not include any additional text, punctuation or explanation.

My answer is
",1
fake_1637,4,99,3,1,59,1,4,"Today is November 5, 2024. Racially, I am asian. Politically, I am an independent who leans Democratic. I attend church. I am 59 years old. I am a man. I am not at all interested in politics.. Question: Do you think the federal government should be doing more about the opioid drug addiction issue, should be doing less, or is it currently doing the right amount?

Answer choices:
1. Should be doing more 2. Should be doing less 3. Is doing the right amount

When answering, respond ONLY with a single number that corresponds to the option you choose. Do not include any additional text, punctuation or explanation.

My answer is
",1
fake_1638,2,2,1,2,51,1,2,"Today is November 5, 2024. Racially, I am black. Ideologically, I am liberal. Politically, I am a strong democrat. I do not attend church. I am 51 years old. I am a man. I am somewhat interested in politics.. Question: Do you think the federal government should be doing more about the opioid drug addiction issue, should be doing less, or is it currently doing the right amount?

Answer choices:
1. Should be doing more 2. Should be doing less 3. Is doing the right amount

When answering, respond ONLY with a single number that corresponds to the option you choose. Do not include any additional text, punctuation or explanation.

My answer is
",1
fake_1639,1,3,3,2,30,2,-6,"Today is November 5, 2024. Racially, I am white. Ideologically, I am slightly liberal. Politically, I am an independent who leans Democratic. I do not attend church. I am 30 years old. I am a woman.. Question: Do you think the federal government should be doing more about the opioid drug addiction issue, should be doing less, or is it currently doing the right amount?

Answer choices:
1. Should be doing more 2. Should be doing less 3. Is doing the right amount

When answering, respond ONLY with a single number that corresponds to the option you choose. Do not include any additional text, punctuation or explanation.

My answer is
",1
fake_1640,1,2,1,1,19,2,2,"Today is November 5, 2024. Racially, I am white. Ideologically, I am liberal. Politically, I am a strong democrat. I attend church. I am 19 years old. I am a woman. I am somewhat interested in politics.. Question: Do you think the federal government should be doing more about the opioid drug addiction issue, should be doing less, or is it currently doing the right amount?

Answer choices:
1. Should be doing more 2. Should be doing less 3. Is doing the right amount

When answering, respond ONLY with a single number that corresponds to the option you choose. Do not include any additional text, punctuation or explanation.

My answer is
",1
fake_1641,1,3,6,2,34,1,2,"Today is November 5, 2024. Racially, I am white. Ideologically, I am slightly liberal. Politically, I am a weak Republican. I do not attend church. I am 34 years old. I am a man. I am somewhat interested in politics.. Question: Do you think the federal government should be doing more about the opioid drug addiction issue, should be doing less, or is it currently doing the right amount?

Answer choices:
1. Should be doing more 2. Should be doing less 3. Is doing the right amount

When answering, respond ONLY with a single number that corresponds to the option you choose. Do not include any additional text, punctuation or explanation.

My answer is
",1
fake_1642,1,7,2,1,28,1,2,"Today is November 5, 2024. Racially, I am white. Ideologically, I am extremely conservative. Politically, I am a weak Democrat. I attend church. I am 28 years old. I am a man. I am somewhat interested in politics.. Question: Do you think the federal government should be doing more about the opioid drug addiction issue, should be doing less, or is it currently doing the right amount?

Answer choices:
1. Should be doing more 2. Should be doing less 3. Is doing the right amount

When answering, respond ONLY with a single number that corresponds to the option you choose. Do not include any additional text, punctuation or explanation.

My answer is
",1
fake_1643,1,2,3,2,54,2,1,"Today is November 5, 2024. Racially, I am white. Ideologically, I am liberal. Politically, I am an independent who leans Democratic. I do not attend church. I am 54 years old. I am a woman. I am very interested in politics.. Question: Do you think the federal government should be doing more about the opioid drug addiction issue, should be doing less, or is it currently doing the right amount?

Answer choices:
1. Should be doing more 2. Should be doing less 3. Is doing the right amount

When answering, respond ONLY with a single number that corresponds to the option you choose. Do not include any additional text, punctuation or explanation.

My answer is
",1
fake_1644,3,7,3,1,42,1,1,"Today is November 5, 2024. Racially, I am hispanic. Ideologically, I am extremely conservative. Politically, I am an independent who leans Democratic. I attend church. I am 42 years old. I am a man. I am very interested in politics.. Question: Do you think the federal government should be doing more about the opioid drug addiction issue, should be doing less, or is it currently doing the right amount?

Answer choices:
1. Should be doing more 2. Should be doing less 3. Is doing the right amount

When answering, respond ONLY with a single number that corresponds to the option you choose. Do not include any additional text, punctuation or explanation.

My answer is
",1
fake_1645,6,99,7,1,45,1,2,"Today is November 5, 2024. Politically, I am a strong Republican. I attend church. I am 45 years old. I am a man. I am somewhat interested in politics.. Question: Do you think the federal government should be doing more about the opioid drug addiction issue, should be doing less, or is it currently doing the right amount?

Answer choices:
1. Should be doing more 2. Should be doing less 3. Is doing the right amount

When answering, respond ONLY with a single number that corresponds to the option you choose. Do not include any additional text, punctuation or explanation.

My answer is
",1
fake_1646,1,1,6,2,69,2,1,"Today is November 5, 2024. Racially, I am white. Ideologically, I am extremely liberal. Politically, I am a weak Republican. I do not attend church. I am 69 years old. I am a woman. I am very interested in politics.. Question: Do you think the federal government should be doing more about the opioid drug addiction issue, should be doing less, or is it currently doing the right amount?

Answer choices:
1. Should be doing more 2. Should be doing less 3. Is doing the right amount

When answering, respond ONLY with a single number that corresponds to the option you choose. Do not include any additional text, punctuation or explanation.

My answer is
",1
fake_1647,1,7,7,2,67,1,-6,"Today is November 5, 2024. Racially, I am white. Ideologically, I am extremely conservative. Politically, I am a strong Republican. I do not attend church. I am 67 years old. I am a man.. Question: Do you think the federal government should be doing more about the opioid drug addiction issue, should be doing less, or is it currently doing the right amount?

Answer choices:
1. Should be doing more 2. Should be doing less 3. Is doing the right amount

When answering, respond ONLY with a single number that corresponds to the option you choose. Do not include any additional text, punctuation or explanation.

My answer is
",2
fake_1648,1,3,5,2,20,2,-6,"Today is November 5, 2024. Racially, I am white. Ideologically, I am slightly liberal. Politically, I am an independent who leans Republican. I do not attend church. I am 20 years old. I am a woman.. Question: Do you think the federal government should be doing more about the opioid drug addiction issue, should be doing less, or is it currently doing the right amount?

Answer choices:
1. Should be doing more 2. Should be doing less 3. Is doing the right amount

When answering, respond ONLY with a single number that corresponds to the option you choose. Do not include any additional text, punctuation or explanation.

My answer is
",1
fake_1649,1,4,6,1,71,2,2,"Today is November 5, 2024. Racially, I am white. Ideologically, I am moderate. Politically, I am a weak Republican. I attend church. I am 71 years old. I am a woman. I am somewhat interested in politics.. Question: Do you think the federal government should be doing more about the opioid drug addiction issue, should be doing less, or is it currently doing the right amount?

Answer choices:
1. Should be doing more 2. Should be doing less 3. Is doing the right amount

When answering, respond ONLY with a single number that corresponds to the option you choose. Do not include any additional text, punctuation or explanation.

My answer is
",1
fake_1650,1,3,7,1,45,1,2,"Today is November 5, 2024. Racially, I am white. Ideologically, I am slightly liberal. Politically, I am a strong Republican. I attend church. I am 45 years old. I am a man. I am somewhat interested in politics.. Question: Do you think the federal government should be doing more about the opioid drug addiction issue, should be doing less, or is it currently doing the right amount?

Answer choices:
1. Should be doing more 2. Should be doing less 3. Is doing the right amount

When answering, respond ONLY with a single number that corresponds to the option you choose. Do not include any additional text, punctuation or explanation.

My answer is
",1
fake_1651,1,3,7,2,39,2,-7,"Today is November 5, 2024. Racially, I am white. Ideologically, I am slightly liberal. Politically, I am a strong Republican. I do not attend church. I am 39 years old. I am a woman.. Question: Do you think the federal government should be doing more about the opioid drug addiction issue, should be doing less, or is it currently doing the right amount?

Answer choices:
1. Should be doing more 2. Should be doing less 3. Is doing the right amount

When answering, respond ONLY with a single number that corresponds to the option you choose. Do not include any additional text, punctuation or explanation.

My answer is
",1
fake_1652,1,6,3,1,50,2,3,"Today is November 5, 2024. Racially, I am white. Ideologically, I am conservative. Politically, I am an independent who leans Democratic. I attend church. I am 50 years old. I am a woman. I am not very interested in politics.. Question: Do you think the federal government should be doing more about the opioid drug addiction issue, should be doing less, or is it currently doing the right amount?

Answer choices:
1. Should be doing more 2. Should be doing less 3. Is doing the right amount

When answering, respond ONLY with a single number that corresponds to the option you choose. Do not include any additional text, punctuation or explanation.

My answer is
",1
fake_1653,1,5,1,2,66,2,-6,"Today is November 5, 2024. Racially, I am white. Ideologically, I am slightly conservative. Politically, I am a strong democrat. I do not attend church. I am 66 years old. I am a woman.. Question: Do you think the federal government should be doing more about the opioid drug addiction issue, should be doing less, or is it currently doing the right amount?

Answer choices:
1. Should be doing more 2. Should be doing less 3. Is doing the right amount

When answering, respond ONLY with a single number that corresponds to the option you choose. Do not include any additional text, punctuation or explanation.

My answer is
",1
fake_1654,1,99,4,1,44,1,1,"Today is November 5, 2024. Racially, I am white. Politically, I am an independent. I attend church. I am 44 years old. I am a man. I am very interested in politics.. Question: Do you think the federal government should be doing more about the opioid drug addiction issue, should be doing less, or is it currently doing the right amount?

Answer choices:
1. Should be doing more 2. Should be doing less 3. Is doing the right amount

When answering, respond ONLY with a single number that corresponds to the option you choose. Do not include any additional text, punctuation or explanation.

My answer is
",1
fake_1655,1,2,3,1,80,1,2,"Today is November 5, 2024. Racially, I am white. Ideologically, I am liberal. Politically, I am an independent who leans Democratic. I attend church. I am 80 years old. I am a man. I am somewhat interested in politics.. Question: Do you think the federal government should be doing more about the opioid drug addiction issue, should be doing less, or is it currently doing the right amount?

Answer choices:
1. Should be doing more 2. Should be doing less 3. Is doing the right amount

When answering, respond ONLY with a single number that corresponds to the option you choose. Do not include any additional text, punctuation or explanation.

My answer is
",1
fake_1656,1,7,5,2,80,2,3,"Today is November 5, 2024. Racially, I am white. Ideologically, I am extremely conservative. Politically, I am an independent who leans Republican. I do not attend church. I am 80 years old. I am a woman. I am not very interested in politics.. Question: Do you think the federal government should be doing more about the opioid drug addiction issue, should be doing less, or is it currently doing the right amount?

Answer choices:
1. Should be doing more 2. Should be doing less 3. Is doing the right amount

When answering, respond ONLY with a single number that corresponds to the option you choose. Do not include any additional text, punctuation or explanation.

My answer is
",1
fake_1657,1,1,7,2,54,1,2,"Today is November 5, 2024. Racially, I am white. Ideologically, I am extremely liberal. Politically, I am a strong Republican. I do not attend church. I am 54 years old. I am a man. I am somewhat interested in politics.. Question: Do you think the federal government should be doing more about the opioid drug addiction issue, should be doing less, or is it currently doing the right amount?

Answer choices:
1. Should be doing more 2. Should be doing less 3. Is doing the right amount

When answering, respond ONLY with a single number that corresponds to the option you choose. Do not include any additional text, punctuation or explanation.

My answer is
",1
fake_1658,3,2,3,2,49,2,3,"Today is November 5, 2024. Racially, I am hispanic. Ideologically, I am liberal. Politically, I am an independent who leans Democratic. I do not attend church. I am 49 years old. I am a woman. I am not very interested in politics.. Question: Do you think the federal government should be doing more about the opioid drug addiction issue, should be doing less, or is it currently doing the right amount?

Answer choices:
1. Should be doing more 2. Should be doing less 3. Is doing the right amount

When answering, respond ONLY with a single number that corresponds to the option you choose. Do not include any additional text, punctuation or explanation.

My answer is
",1
fake_1659,1,4,3,2,63,1,2,"Today is November 5, 2024. Racially, I am white. Ideologically, I am moderate. Politically, I am an independent who leans Democratic. I do not attend church. I am 63 years old. I am a man. I am somewhat interested in politics.. Question: Do you think the federal government should be doing more about the opioid drug addiction issue, should be doing less, or is it currently doing the right amount?

Answer choices:
1. Should be doing more 2. Should be doing less 3. Is doing the right amount

When answering, respond ONLY with a single number that corresponds to the option you choose. Do not include any additional text, punctuation or explanation.

My answer is
",1
fake_1660,1,4,5,2,33,1,2,"Today is November 5, 2024. Racially, I am white. Ideologically, I am moderate. Politically, I am an independent who leans Republican. I do not attend church. I am 33 years old. I am a man. I am somewhat interested in politics.. Question: Do you think the federal government should be doing more about the opioid drug addiction issue, should be doing less, or is it currently doing the right amount?

Answer choices:
1. Should be doing more 2. Should be doing less 3. Is doing the right amount

When answering, respond ONLY with a single number that corresponds to the option you choose. Do not include any additional text, punctuation or explanation.

My answer is
",1
fake_1661,6,2,6,2,80,2,4,"Today is November 5, 2024. Ideologically, I am liberal. Politically, I am a weak Republican. I do not attend church. I am 80 years old. I am a woman. I am not at all interested in politics.. Question: Do you think the federal government should be doing more about the opioid drug addiction issue, should be doing less, or is it currently doing the right amount?

Answer choices:
1. Should be doing more 2. Should be doing less 3. Is doing the right amount

When answering, respond ONLY with a single number that corresponds to the option you choose. Do not include any additional text, punctuation or explanation.

My answer is
",1
fake_1662,1,6,3,2,52,1,2,"Today is November 5, 2024. Racially, I am white. Ideologically, I am conservative. Politically, I am an independent who leans Democratic. I do not attend church. I am 52 years old. I am a man. I am somewhat interested in politics.. Question: Do you think the federal government should be doing more about the opioid drug addiction issue, should be doing less, or is it currently doing the right amount?

Answer choices:
1. Should be doing more 2. Should be doing less 3. Is doing the right amount

When answering, respond ONLY with a single number that corresponds to the option you choose. Do not include any additional text, punctuation or explanation.

My answer is
",1
fake_1663,1,5,5,2,53,2,2,"Today is November 5, 2024. Racially, I am white. Ideologically, I am slightly conservative. Politically, I am an independent who leans Republican. I do not attend church. I am 53 years old. I am a woman. I am somewhat interested in politics.. Question: Do you think the federal government should be doing more about the opioid drug addiction issue, should be doing less, or is it currently doing the right amount?

Answer choices:
1. Should be doing more 2. Should be doing less 3. Is doing the right amount

When answering, respond ONLY with a single number that corresponds to the option you choose. Do not include any additional text, punctuation or explanation.

My answer is
",1
fake_1664,1,3,7,2,49,2,2,"Today is November 5, 2024. Racially, I am white. Ideologically, I am slightly liberal. Politically, I am a strong Republican. I do not attend church. I am 49 years old. I am a woman. I am somewhat interested in politics.. Question: Do you think the federal government should be doing more about the opioid drug addiction issue, should be doing less, or is it currently doing the right amount?

Answer choices:
1. Should be doing more 2. Should be doing less 3. Is doing the right amount

When answering, respond ONLY with a single number that corresponds to the option you choose. Do not include any additional text, punctuation or explanation.

My answer is
",1
fake_1665,1,3,2,1,-2,2,1,"Today is November 5, 2024. Racially, I am white. Ideologically, I am slightly liberal. Politically, I am a weak Democrat. I attend church. I am a woman. I am very interested in politics.. Question: Do you think the federal government should be doing more about the opioid drug addiction issue, should be doing less, or is it currently doing the right amount?

Answer choices:
1. Should be doing more 2. Should be doing less 3. Is doing the right amount

When answering, respond ONLY with a single number that corresponds to the option you choose. Do not include any additional text, punctuation or explanation.

My answer is
",1
fake_1666,1,-9,5,2,73,1,2,"Today is November 5, 2024. Racially, I am white. Politically, I am an independent who leans Republican. I do not attend church. I am 73 years old. I am a man. I am somewhat interested in politics.. Question: Do you think the federal government should be doing more about the opioid drug addiction issue, should be doing less, or is it currently doing the right amount?

Answer choices:
1. Should be doing more 2. Should be doing less 3. Is doing the right amount

When answering, respond ONLY with a single number that corresponds to the option you choose. Do not include any additional text, punctuation or explanation.

My answer is
",1
fake_1667,1,5,5,1,47,1,3,"Today is November 5, 2024. Racially, I am white. Ideologically, I am slightly conservative. Politically, I am an independent who leans Republican. I attend church. I am 47 years old. I am a man. I am not very interested in politics.. Question: Do you think the federal government should be doing more about the opioid drug addiction issue, should be doing less, or is it currently doing the right amount?

Answer choices:
1. Should be doing more 2. Should be doing less 3. Is doing the right amount

When answering, respond ONLY with a single number that corresponds to the option you choose. Do not include any additional text, punctuation or explanation.

My answer is
",1
fake_1668,1,4,7,1,39,2,2,"Today is November 5, 2024. Racially, I am white. Ideologically, I am moderate. Politically, I am a strong Republican. I attend church. I am 39 years old. I am a woman. I am somewhat interested in politics.. Question: Do you think the federal government should be doing more about the opioid drug addiction issue, should be doing less, or is it currently doing the right amount?

Answer choices:
1. Should be doing more 2. Should be doing less 3. Is doing the right amount

When answering, respond ONLY with a single number that corresponds to the option you choose. Do not include any additional text, punctuation or explanation.

My answer is
",1
fake_1669,1,1,6,-1,71,2,-6,"Today is November 5, 2024. Racially, I am white. Ideologically, I am extremely liberal. Politically, I am a weak Republican. I am 71 years old. I am a woman.. Question: Do you think the federal government should be doing more about the opioid drug addiction issue, should be doing less, or is it currently doing the right amount?

Answer choices:
1. Should be doing more 2. Should be doing less 3. Is doing the right amount

When answering, respond ONLY with a single number that corresponds to the option you choose. Do not include any additional text, punctuation or explanation.

My answer is
",1
fake_1670,1,5,3,1,48,1,1,"Today is November 5, 2024. Racially, I am white. Ideologically, I am slightly conservative. Politically, I am an independent who leans Democratic. I attend church. I am 48 years old. I am a man. I am very interested in politics.. Question: Do you think the federal government should be doing more about the opioid drug addiction issue, should be doing less, or is it currently doing the right amount?

Answer choices:
1. Should be doing more 2. Should be doing less 3. Is doing the right amount

When answering, respond ONLY with a single number that corresponds to the option you choose. Do not include any additional text, punctuation or explanation.

My answer is
",1
fake_1671,1,7,4,1,33,2,2,"Today is November 5, 2024. Racially, I am white. Ideologically, I am extremely conservative. Politically, I am an independent. I attend church. I am 33 years old. I am a woman. I am somewhat interested in politics.. Question: Do you think the federal government should be doing more about the opioid drug addiction issue, should be doing less, or is it currently doing the right amount?

Answer choices:
1. Should be doing more 2. Should be doing less 3. Is doing the right amount

When answering, respond ONLY with a single number that corresponds to the option you choose. Do not include any additional text, punctuation or explanation.

My answer is
",1
fake_1672,4,2,7,-1,41,1,2,"Today is November 5, 2024. Racially, I am asian. Ideologically, I am liberal. Politically, I am a strong Republican. I am 41 years old. I am a man. I am somewhat interested in politics.. Question: Do you think the federal government should be doing more about the opioid drug addiction issue, should be doing less, or is it currently doing the right amount?

Answer choices:
1. Should be doing more 2. Should be doing less 3. Is doing the right amount

When answering, respond ONLY with a single number that corresponds to the option you choose. Do not include any additional text, punctuation or explanation.

My answer is
",1
fake_1673,1,5,6,2,66,2,2,"Today is November 5, 2024. Racially, I am white. Ideologically, I am slightly conservative. Politically, I am a weak Republican. I do not attend church. I am 66 years old. I am a woman. I am somewhat interested in politics.. Question: Do you think the federal government should be doing more about the opioid drug addiction issue, should be doing less, or is it currently doing the right amount?

Answer choices:
1. Should be doing more 2. Should be doing less 3. Is doing the right amount

When answering, respond ONLY with a single number that corresponds to the option you choose. Do not include any additional text, punctuation or explanation.

My answer is
",1
fake_1674,3,1,1,1,71,2,2,"Today is November 5, 2024. Racially, I am hispanic. Ideologically, I am extremely liberal. Politically, I am a strong democrat. I attend church. I am 71 years old. I am a woman. I am somewhat interested in politics.. Question: Do you think the federal government should be doing more about the opioid drug addiction issue, should be doing less, or is it currently doing the right amount?

Answer choices:
1. Should be doing more 2. Should be doing less 3. Is doing the right amount

When answering, respond ONLY with a single number that corresponds to the option you choose. Do not include any additional text, punctuation or explanation.

My answer is
",1
fake_1675,-9,4,6,2,57,1,3,"Today is November 5, 2024. Ideologically, I am moderate. Politically, I am a weak Republican. I do not attend church. I am 57 years old. I am a man. I am not very interested in politics.. Question: Do you think the federal government should be doing more about the opioid drug addiction issue, should be doing less, or is it currently doing the right amount?

Answer choices:
1. Should be doing more 2. Should be doing less 3. Is doing the right amount

When answering, respond ONLY with a single number that corresponds to the option you choose. Do not include any additional text, punctuation or explanation.

My answer is
",1
fake_1676,3,3,3,2,27,2,1,"Today is November 5, 2024. Racially, I am hispanic. Ideologically, I am slightly liberal. Politically, I am an independent who leans Democratic. I do not attend church. I am 27 years old. I am a woman. I am very interested in politics.. Question: Do you think the federal government should be doing more about the opioid drug addiction issue, should be doing less, or is it currently doing the right amount?

Answer choices:
1. Should be doing more 2. Should be doing less 3. Is doing the right amount

When answering, respond ONLY with a single number that corresponds to the option you choose. Do not include any additional text, punctuation or explanation.

My answer is
",1
fake_1677,1,7,1,2,47,1,4,"Today is November 5, 2024. Racially, I am white. Ideologically, I am extremely conservative. Politically, I am a strong democrat. I do not attend church. I am 47 years old. I am a man. I am not at all interested in politics.. Question: Do you think the federal government should be doing more about the opioid drug addiction issue, should be doing less, or is it currently doing the right amount?

Answer choices:
1. Should be doing more 2. Should be doing less 3. Is doing the right amount

When answering, respond ONLY with a single number that corresponds to the option you choose. Do not include any additional text, punctuation or explanation.

My answer is
",1
fake_1678,3,2,3,2,33,1,-6,"Today is November 5, 2024. Racially, I am hispanic. Ideologically, I am liberal. Politically, I am an independent who leans Democratic. I do not attend church. I am 33 years old. I am a man.. Question: Do you think the federal government should be doing more about the opioid drug addiction issue, should be doing less, or is it currently doing the right amount?

Answer choices:
1. Should be doing more 2. Should be doing less 3. Is doing the right amount

When answering, respond ONLY with a single number that corresponds to the option you choose. Do not include any additional text, punctuation or explanation.

My answer is
",1
fake_1679,1,6,7,2,-2,2,2,"Today is November 5, 2024. Racially, I am white. Ideologically, I am conservative. Politically, I am a strong Republican. I do not attend church. I am a woman. I am somewhat interested in politics.. Question: Do you think the federal government should be doing more about the opioid drug addiction issue, should be doing less, or is it currently doing the right amount?

Answer choices:
1. Should be doing more 2. Should be doing less 3. Is doing the right amount

When answering, respond ONLY with a single number that corresponds to the option you choose. Do not include any additional text, punctuation or explanation.

My answer is
",1
fake_1680,1,2,1,1,44,1,2,"Today is November 5, 2024. Racially, I am white. Ideologically, I am liberal. Politically, I am a strong democrat. I attend church. I am 44 years old. I am a man. I am somewhat interested in politics.. Question: Do you think the federal government should be doing more about the opioid drug addiction issue, should be doing less, or is it currently doing the right amount?

Answer choices:
1. Should be doing more 2. Should be doing less 3. Is doing the right amount

When answering, respond ONLY with a single number that corresponds to the option you choose. Do not include any additional text, punctuation or explanation.

My answer is
",1
fake_1681,1,6,6,1,61,2,2,"Today is November 5, 2024. Racially, I am white. Ideologically, I am conservative. Politically, I am a weak Republican. I attend church. I am 61 years old. I am a woman. I am somewhat interested in politics.. Question: Do you think the federal government should be doing more about the opioid drug addiction issue, should be doing less, or is it currently doing the right amount?

Answer choices:
1. Should be doing more 2. Should be doing less 3. Is doing the right amount

When answering, respond ONLY with a single number that corresponds to the option you choose. Do not include any additional text, punctuation or explanation.

My answer is
",1
fake_1682,1,5,3,1,73,2,2,"Today is November 5, 2024. Racially, I am white. Ideologically, I am slightly conservative. Politically, I am an independent who leans Democratic. I attend church. I am 73 years old. I am a woman. I am somewhat interested in politics.. Question: Do you think the federal government should be doing more about the opioid drug addiction issue, should be doing less, or is it currently doing the right amount?

Answer choices:
1. Should be doing more 2. Should be doing less 3. Is doing the right amount

When answering, respond ONLY with a single number that corresponds to the option you choose. Do not include any additional text, punctuation or explanation.

My answer is
",1
fake_1683,1,4,4,1,67,1,2,"Today is November 5, 2024. Racially, I am white. Ideologically, I am moderate. Politically, I am an independent. I attend church. I am 67 years old. I am a man. I am somewhat interested in politics.. Question: Do you think the federal government should be doing more about the opioid drug addiction issue, should be doing less, or is it currently doing the right amount?

Answer choices:
1. Should be doing more 2. Should be doing less 3. Is doing the right amount

When answering, respond ONLY with a single number that corresponds to the option you choose. Do not include any additional text, punctuation or explanation.

My answer is
",1
fake_1684,1,6,7,2,45,2,2,"Today is November 5, 2024. Racially, I am white. Ideologically, I am conservative. Politically, I am a strong Republican. I do not attend church. I am 45 years old. I am a woman. I am somewhat interested in politics.. Question: Do you think the federal government should be doing more about the opioid drug addiction issue, should be doing less, or is it currently doing the right amount?

Answer choices:
1. Should be doing more 2. Should be doing less 3. Is doing the right amount

When answering, respond ONLY with a single number that corresponds to the option you choose. Do not include any additional text, punctuation or explanation.

My answer is
",1
fake_1685,1,1,-9,2,80,2,2,"Today is November 5, 2024. Racially, I am white. Ideologically, I am extremely liberal. I do not attend church. I am 80 years old. I am a woman. I am somewhat interested in politics.. Question: Do you think the federal government should be doing more about the opioid drug addiction issue, should be doing less, or is it currently doing the right amount?

Answer choices:
1. Should be doing more 2. Should be doing less 3. Is doing the right amount

When answering, respond ONLY with a single number that corresponds to the option you choose. Do not include any additional text, punctuation or explanation.

My answer is
",1
fake_1686,4,4,2,2,76,1,-6,"Today is November 5, 2024. Racially, I am asian. Ideologically, I am moderate. Politically, I am a weak Democrat. I do not attend church. I am 76 years old. I am a man.. Question: Do you think the federal government should be doing more about the opioid drug addiction issue, should be doing less, or is it currently doing the right amount?

Answer choices:
1. Should be doing more 2. Should be doing less 3. Is doing the right amount

When answering, respond ONLY with a single number that corresponds to the option you choose. Do not include any additional text, punctuation or explanation.

My answer is
",1
fake_1687,4,3,5,1,72,1,-6,"Today is November 5, 2024. Racially, I am asian. Ideologically, I am slightly liberal. Politically, I am an independent who leans Republican. I attend church. I am 72 years old. I am a man.. Question: Do you think the federal government should be doing more about the opioid drug addiction issue, should be doing less, or is it currently doing the right amount?

Answer choices:
1. Should be doing more 2. Should be doing less 3. Is doing the right amount

When answering, respond ONLY with a single number that corresponds to the option you choose. Do not include any additional text, punctuation or explanation.

My answer is
",1
fake_1688,1,99,1,2,64,2,3,"Today is November 5, 2024. Racially, I am white. Politically, I am a strong democrat. I do not attend church. I am 64 years old. I am a woman. I am not very interested in politics.. Question: Do you think the federal government should be doing more about the opioid drug addiction issue, should be doing less, or is it currently doing the right amount?

Answer choices:
1. Should be doing more 2. Should be doing less 3. Is doing the right amount

When answering, respond ONLY with a single number that corresponds to the option you choose. Do not include any additional text, punctuation or explanation.

My answer is
",1
fake_1689,1,4,7,2,63,2,4,"Today is November 5, 2024. Racially, I am white. Ideologically, I am moderate. Politically, I am a strong Republican. I do not attend church. I am 63 years old. I am a woman. I am not at all interested in politics.. Question: Do you think the federal government should be doing more about the opioid drug addiction issue, should be doing less, or is it currently doing the right amount?

Answer choices:
1. Should be doing more 2. Should be doing less 3. Is doing the right amount

When answering, respond ONLY with a single number that corresponds to the option you choose. Do not include any additional text, punctuation or explanation.

My answer is
",1
fake_1690,6,6,5,1,44,2,3,"Today is November 5, 2024. Ideologically, I am conservative. Politically, I am an independent who leans Republican. I attend church. I am 44 years old. I am a woman. I am not very interested in politics.. Question: Do you think the federal government should be doing more about the opioid drug addiction issue, should be doing less, or is it currently doing the right amount?

Answer choices:
1. Should be doing more 2. Should be doing less 3. Is doing the right amount

When answering, respond ONLY with a single number that corresponds to the option you choose. Do not include any additional text, punctuation or explanation.

My answer is
",1
fake_1691,3,6,6,1,65,1,2,"Today is November 5, 2024. Racially, I am hispanic. Ideologically, I am conservative. Politically, I am a weak Republican. I attend church. I am 65 years old. I am a man. I am somewhat interested in politics.. Question: Do you think the federal government should be doing more about the opioid drug addiction issue, should be doing less, or is it currently doing the right amount?

Answer choices:
1. Should be doing more 2. Should be doing less 3. Is doing the right amount

When answering, respond ONLY with a single number that corresponds to the option you choose. Do not include any additional text, punctuation or explanation.

My answer is
",1
fake_1692,1,99,6,2,42,2,3,"Today is November 5, 2024. Racially, I am white. Politically, I am a weak Republican. I do not attend church. I am 42 years old. I am a woman. I am not very interested in politics.. Question: Do you think the federal government should be doing more about the opioid drug addiction issue, should be doing less, or is it currently doing the right amount?

Answer choices:
1. Should be doing more 2. Should be doing less 3. Is doing the right amount

When answering, respond ONLY with a single number that corresponds to the option you choose. Do not include any additional text, punctuation or explanation.

My answer is
",1
fake_1693,2,7,5,1,34,2,-6,"Today is November 5, 2024. Racially, I am black. Ideologically, I am extremely conservative. Politically, I am an independent who leans Republican. I attend church. I am 34 years old. I am a woman.. Question: Do you think the federal government should be doing more about the opioid drug addiction issue, should be doing less, or is it currently doing the right amount?

Answer choices:
1. Should be doing more 2. Should be doing less 3. Is doing the right amount

When answering, respond ONLY with a single number that corresponds to the option you choose. Do not include any additional text, punctuation or explanation.

My answer is
",1
fake_1694,1,1,7,-1,30,1,1,"Today is November 5, 2024. Racially, I am white. Ideologically, I am extremely liberal. Politically, I am a strong Republican. I am 30 years old. I am a man. I am very interested in politics.. Question: Do you think the federal government should be doing more about the opioid drug addiction issue, should be doing less, or is it currently doing the right amount?

Answer choices:
1. Should be doing more 2. Should be doing less 3. Is doing the right amount

When answering, respond ONLY with a single number that corresponds to the option you choose. Do not include any additional text, punctuation or explanation.

My answer is
",1
fake_1695,1,7,5,2,39,1,2,"Today is November 5, 2024. Racially, I am white. Ideologically, I am extremely conservative. Politically, I am an independent who leans Republican. I do not attend church. I am 39 years old. I am a man. I am somewhat interested in politics.. Question: Do you think the federal government should be doing more about the opioid drug addiction issue, should be doing less, or is it currently doing the right amount?

Answer choices:
1. Should be doing more 2. Should be doing less 3. Is doing the right amount

When answering, respond ONLY with a single number that corresponds to the option you choose. Do not include any additional text, punctuation or explanation.

My answer is
",1
fake_1696,2,3,6,1,21,1,2,"Today is November 5, 2024. Racially, I am black. Ideologically, I am slightly liberal. Politically, I am a weak Republican. I attend church. I am 21 years old. I am a man. I am somewhat interested in politics.. Question: Do you think the federal government should be doing more about the opioid drug addiction issue, should be doing less, or is it currently doing the right amount?

Answer choices:
1. Should be doing more 2. Should be doing less 3. Is doing the right amount

When answering, respond ONLY with a single number that corresponds to the option you choose. Do not include any additional text, punctuation or explanation.

My answer is
",1
fake_1697,1,6,1,1,45,1,3,"Today is November 5, 2024. Racially, I am white. Ideologically, I am conservative. Politically, I am a strong democrat. I attend church. I am 45 years old. I am a man. I am not very interested in politics.. Question: Do you think the federal government should be doing more about the opioid drug addiction issue, should be doing less, or is it currently doing the right amount?

Answer choices:
1. Should be doing more 2. Should be doing less 3. Is doing the right amount

When answering, respond ONLY with a single number that corresponds to the option you choose. Do not include any additional text, punctuation or explanation.

My answer is
",1
fake_1698,1,4,1,1,61,1,4,"Today is November 5, 2024. Racially, I am white. Ideologically, I am moderate. Politically, I am a strong democrat. I attend church. I am 61 years old. I am a man. I am not at all interested in politics.. Question: Do you think the federal government should be doing more about the opioid drug addiction issue, should be doing less, or is it currently doing the right amount?

Answer choices:
1. Should be doing more 2. Should be doing less 3. Is doing the right amount

When answering, respond ONLY with a single number that corresponds to the option you choose. Do not include any additional text, punctuation or explanation.

My answer is
",1
fake_1699,1,4,7,1,27,2,-6,"Today is November 5, 2024. Racially, I am white. Ideologically, I am moderate. Politically, I am a strong Republican. I attend church. I am 27 years old. I am a woman.. Question: Do you think the federal government should be doing more about the opioid drug addiction issue, should be doing less, or is it currently doing the right amount?

Answer choices:
1. Should be doing more 2. Should be doing less 3. Is doing the right amount

When answering, respond ONLY with a single number that corresponds to the option you choose. Do not include any additional text, punctuation or explanation.

My answer is
",1
fake_1700,1,1,3,1,40,1,3,"Today is November 5, 2024. Racially, I am white. Ideologically, I am extremely liberal. Politically, I am an independent who leans Democratic. I attend church. I am 40 years old. I am a man. I am not very interested in politics.. Question: Do you think the federal government should be doing more about the opioid drug addiction issue, should be doing less, or is it currently doing the right amount?

Answer choices:
1. Should be doing more 2. Should be doing less 3. Is doing the right amount

When answering, respond ONLY with a single number that corresponds to the option you choose. Do not include any additional text, punctuation or explanation.

My answer is
",1
fake_1701,1,2,2,1,64,2,4,"Today is November 5, 2024. Racially, I am white. Ideologically, I am liberal. Politically, I am a weak Democrat. I attend church. I am 64 years old. I am a woman. I am not at all interested in politics.. Question: Do you think the federal government should be doing more about the opioid drug addiction issue, should be doing less, or is it currently doing the right amount?

Answer choices:
1. Should be doing more 2. Should be doing less 3. Is doing the right amount

When answering, respond ONLY with a single number that corresponds to the option you choose. Do not include any additional text, punctuation or explanation.

My answer is
",1
fake_1702,1,99,7,2,-2,1,3,"Today is November 5, 2024. Racially, I am white. Politically, I am a strong Republican. I do not attend church. I am a man. I am not very interested in politics.. Question: Do you think the federal government should be doing more about the opioid drug addiction issue, should be doing less, or is it currently doing the right amount?

Answer choices:
1. Should be doing more 2. Should be doing less 3. Is doing the right amount

When answering, respond ONLY with a single number that corresponds to the option you choose. Do not include any additional text, punctuation or explanation.

My answer is
",1
fake_1703,1,3,6,1,60,2,2,"Today is November 5, 2024. Racially, I am white. Ideologically, I am slightly liberal. Politically, I am a weak Republican. I attend church. I am 60 years old. I am a woman. I am somewhat interested in politics.. Question: Do you think the federal government should be doing more about the opioid drug addiction issue, should be doing less, or is it currently doing the right amount?

Answer choices:
1. Should be doing more 2. Should be doing less 3. Is doing the right amount

When answering, respond ONLY with a single number that corresponds to the option you choose. Do not include any additional text, punctuation or explanation.

My answer is
",1
fake_1704,1,3,1,1,41,2,-6,"Today is November 5, 2024. Racially, I am white. Ideologically, I am slightly liberal. Politically, I am a strong democrat. I attend church. I am 41 years old. I am a woman.. Question: Do you think the federal government should be doing more about the opioid drug addiction issue, should be doing less, or is it currently doing the right amount?

Answer choices:
1. Should be doing more 2. Should be doing less 3. Is doing the right amount

When answering, respond ONLY with a single number that corresponds to the option you choose. Do not include any additional text, punctuation or explanation.

My answer is
",1
fake_1705,1,6,5,1,65,2,2,"Today is November 5, 2024. Racially, I am white. Ideologically, I am conservative. Politically, I am an independent who leans Republican. I attend church. I am 65 years old. I am a woman. I am somewhat interested in politics.. Question: Do you think the federal government should be doing more about the opioid drug addiction issue, should be doing less, or is it currently doing the right amount?

Answer choices:
1. Should be doing more 2. Should be doing less 3. Is doing the right amount

When answering, respond ONLY with a single number that corresponds to the option you choose. Do not include any additional text, punctuation or explanation.

My answer is
",1
fake_1706,2,4,1,2,49,-9,3,"Today is November 5, 2024. Racially, I am black. Ideologically, I am moderate. Politically, I am a strong democrat. I do not attend church. I am 49 years old. I am not very interested in politics.. Question: Do you think the federal government should be doing more about the opioid drug addiction issue, should be doing less, or is it currently doing the right amount?

Answer choices:
1. Should be doing more 2. Should be doing less 3. Is doing the right amount

When answering, respond ONLY with a single number that corresponds to the option you choose. Do not include any additional text, punctuation or explanation.

My answer is
",1
fake_1707,1,6,2,1,-2,2,1,"Today is November 5, 2024. Racially, I am white. Ideologically, I am conservative. Politically, I am a weak Democrat. I attend church. I am a woman. I am very interested in politics.. Question: Do you think the federal government should be doing more about the opioid drug addiction issue, should be doing less, or is it currently doing the right amount?

Answer choices:
1. Should be doing more 2. Should be doing less 3. Is doing the right amount

When answering, respond ONLY with a single number that corresponds to the option you choose. Do not include any additional text, punctuation or explanation.

My answer is
",1
fake_1708,1,4,6,1,45,2,2,"Today is November 5, 2024. Racially, I am white. Ideologically, I am moderate. Politically, I am a weak Republican. I attend church. I am 45 years old. I am a woman. I am somewhat interested in politics.. Question: Do you think the federal government should be doing more about the opioid drug addiction issue, should be doing less, or is it currently doing the right amount?

Answer choices:
1. Should be doing more 2. Should be doing less 3. Is doing the right amount

When answering, respond ONLY with a single number that corresponds to the option you choose. Do not include any additional text, punctuation or explanation.

My answer is
",1
fake_1709,1,4,7,2,33,1,2,"Today is November 5, 2024. Racially, I am white. Ideologically, I am moderate. Politically, I am a strong Republican. I do not attend church. I am 33 years old. I am a man. I am somewhat interested in politics.. Question: Do you think the federal government should be doing more about the opioid drug addiction issue, should be doing less, or is it currently doing the right amount?

Answer choices:
1. Should be doing more 2. Should be doing less 3. Is doing the right amount

When answering, respond ONLY with a single number that corresponds to the option you choose. Do not include any additional text, punctuation or explanation.

My answer is
",1
fake_1710,1,6,1,2,-2,2,2,"Today is November 5, 2024. Racially, I am white. Ideologically, I am conservative. Politically, I am a strong democrat. I do not attend church. I am a woman. I am somewhat interested in politics.. Question: Do you think the federal government should be doing more about the opioid drug addiction issue, should be doing less, or is it currently doing the right amount?

Answer choices:
1. Should be doing more 2. Should be doing less 3. Is doing the right amount

When answering, respond ONLY with a single number that corresponds to the option you choose. Do not include any additional text, punctuation or explanation.

My answer is
",1
fake_1711,1,6,1,2,42,2,1,"Today is November 5, 2024. Racially, I am white. Ideologically, I am conservative. Politically, I am a strong democrat. I do not attend church. I am 42 years old. I am a woman. I am very interested in politics.. Question: Do you think the federal government should be doing more about the opioid drug addiction issue, should be doing less, or is it currently doing the right amount?

Answer choices:
1. Should be doing more 2. Should be doing less 3. Is doing the right amount

When answering, respond ONLY with a single number that corresponds to the option you choose. Do not include any additional text, punctuation or explanation.

My answer is
",1
fake_1712,1,4,3,2,76,2,2,"Today is November 5, 2024. Racially, I am white. Ideologically, I am moderate. Politically, I am an independent who leans Democratic. I do not attend church. I am 76 years old. I am a woman. I am somewhat interested in politics.. Question: Do you think the federal government should be doing more about the opioid drug addiction issue, should be doing less, or is it currently doing the right amount?

Answer choices:
1. Should be doing more 2. Should be doing less 3. Is doing the right amount

When answering, respond ONLY with a single number that corresponds to the option you choose. Do not include any additional text, punctuation or explanation.

My answer is
",1
fake_1713,1,4,6,1,-2,2,2,"Today is November 5, 2024. Racially, I am white. Ideologically, I am moderate. Politically, I am a weak Republican. I attend church. I am a woman. I am somewhat interested in politics.. Question: Do you think the federal government should be doing more about the opioid drug addiction issue, should be doing less, or is it currently doing the right amount?

Answer choices:
1. Should be doing more 2. Should be doing less 3. Is doing the right amount

When answering, respond ONLY with a single number that corresponds to the option you choose. Do not include any additional text, punctuation or explanation.

My answer is
",1
fake_1714,1,4,4,1,80,1,2,"Today is November 5, 2024. Racially, I am white. Ideologically, I am moderate. Politically, I am an independent. I attend church. I am 80 years old. I am a man. I am somewhat interested in politics.. Question: Do you think the federal government should be doing more about the opioid drug addiction issue, should be doing less, or is it currently doing the right amount?

Answer choices:
1. Should be doing more 2. Should be doing less 3. Is doing the right amount

When answering, respond ONLY with a single number that corresponds to the option you choose. Do not include any additional text, punctuation or explanation.

My answer is
",1
fake_1715,1,4,7,1,30,2,1,"Today is November 5, 2024. Racially, I am white. Ideologically, I am moderate. Politically, I am a strong Republican. I attend church. I am 30 years old. I am a woman. I am very interested in politics.. Question: Do you think the federal government should be doing more about the opioid drug addiction issue, should be doing less, or is it currently doing the right amount?

Answer choices:
1. Should be doing more 2. Should be doing less 3. Is doing the right amount

When answering, respond ONLY with a single number that corresponds to the option you choose. Do not include any additional text, punctuation or explanation.

My answer is
",1
fake_1716,3,4,5,1,48,1,2,"Today is November 5, 2024. Racially, I am hispanic. Ideologically, I am moderate. Politically, I am an independent who leans Republican. I attend church. I am 48 years old. I am a man. I am somewhat interested in politics.. Question: Do you think the federal government should be doing more about the opioid drug addiction issue, should be doing less, or is it currently doing the right amount?

Answer choices:
1. Should be doing more 2. Should be doing less 3. Is doing the right amount

When answering, respond ONLY with a single number that corresponds to the option you choose. Do not include any additional text, punctuation or explanation.

My answer is
",1
fake_1717,1,1,5,2,48,1,-6,"Today is November 5, 2024. Racially, I am white. Ideologically, I am extremely liberal. Politically, I am an independent who leans Republican. I do not attend church. I am 48 years old. I am a man.. Question: Do you think the federal government should be doing more about the opioid drug addiction issue, should be doing less, or is it currently doing the right amount?

Answer choices:
1. Should be doing more 2. Should be doing less 3. Is doing the right amount

When answering, respond ONLY with a single number that corresponds to the option you choose. Do not include any additional text, punctuation or explanation.

My answer is
",1
fake_1718,1,4,3,2,20,1,2,"Today is November 5, 2024. Racially, I am white. Ideologically, I am moderate. Politically, I am an independent who leans Democratic. I do not attend church. I am 20 years old. I am a man. I am somewhat interested in politics.. Question: Do you think the federal government should be doing more about the opioid drug addiction issue, should be doing less, or is it currently doing the right amount?

Answer choices:
1. Should be doing more 2. Should be doing less 3. Is doing the right amount

When answering, respond ONLY with a single number that corresponds to the option you choose. Do not include any additional text, punctuation or explanation.

My answer is
",1
fake_1719,1,4,2,2,32,1,3,"Today is November 5, 2024. Racially, I am white. Ideologically, I am moderate. Politically, I am a weak Democrat. I do not attend church. I am 32 years old. I am a man. I am not very interested in politics.. Question: Do you think the federal government should be doing more about the opioid drug addiction issue, should be doing less, or is it currently doing the right amount?

Answer choices:
1. Should be doing more 2. Should be doing less 3. Is doing the right amount

When answering, respond ONLY with a single number that corresponds to the option you choose. Do not include any additional text, punctuation or explanation.

My answer is
",1
fake_1720,4,4,1,1,48,2,1,"Today is November 5, 2024. Racially, I am asian. Ideologically, I am moderate. Politically, I am a strong democrat. I attend church. I am 48 years old. I am a woman. I am very interested in politics.. Question: Do you think the federal government should be doing more about the opioid drug addiction issue, should be doing less, or is it currently doing the right amount?

Answer choices:
1. Should be doing more 2. Should be doing less 3. Is doing the right amount

When answering, respond ONLY with a single number that corresponds to the option you choose. Do not include any additional text, punctuation or explanation.

My answer is
",1
fake_1721,1,4,1,1,64,2,3,"Today is November 5, 2024. Racially, I am white. Ideologically, I am moderate. Politically, I am a strong democrat. I attend church. I am 64 years old. I am a woman. I am not very interested in politics.. Question: Do you think the federal government should be doing more about the opioid drug addiction issue, should be doing less, or is it currently doing the right amount?

Answer choices:
1. Should be doing more 2. Should be doing less 3. Is doing the right amount

When answering, respond ONLY with a single number that corresponds to the option you choose. Do not include any additional text, punctuation or explanation.

My answer is
",1
fake_1722,1,2,4,1,39,2,-6,"Today is November 5, 2024. Racially, I am white. Ideologically, I am liberal. Politically, I am an independent. I attend church. I am 39 years old. I am a woman.. Question: Do you think the federal government should be doing more about the opioid drug addiction issue, should be doing less, or is it currently doing the right amount?

Answer choices:
1. Should be doing more 2. Should be doing less 3. Is doing the right amount

When answering, respond ONLY with a single number that corresponds to the option you choose. Do not include any additional text, punctuation or explanation.

My answer is
",1
fake_1723,1,2,1,2,62,-9,4,"Today is November 5, 2024. Racially, I am white. Ideologically, I am liberal. Politically, I am a strong democrat. I do not attend church. I am 62 years old. I am not at all interested in politics.. Question: Do you think the federal government should be doing more about the opioid drug addiction issue, should be doing less, or is it currently doing the right amount?

Answer choices:
1. Should be doing more 2. Should be doing less 3. Is doing the right amount

When answering, respond ONLY with a single number that corresponds to the option you choose. Do not include any additional text, punctuation or explanation.

My answer is
",1
fake_1724,1,6,1,1,73,2,4,"Today is November 5, 2024. Racially, I am white. Ideologically, I am conservative. Politically, I am a strong democrat. I attend church. I am 73 years old. I am a woman. I am not at all interested in politics.. Question: Do you think the federal government should be doing more about the opioid drug addiction issue, should be doing less, or is it currently doing the right amount?

Answer choices:
1. Should be doing more 2. Should be doing less 3. Is doing the right amount

When answering, respond ONLY with a single number that corresponds to the option you choose. Do not include any additional text, punctuation or explanation.

My answer is
",1
fake_1725,1,3,7,1,54,2,2,"Today is November 5, 2024. Racially, I am white. Ideologically, I am slightly liberal. Politically, I am a strong Republican. I attend church. I am 54 years old. I am a woman. I am somewhat interested in politics.. Question: Do you think the federal government should be doing more about the opioid drug addiction issue, should be doing less, or is it currently doing the right amount?

Answer choices:
1. Should be doing more 2. Should be doing less 3. Is doing the right amount

When answering, respond ONLY with a single number that corresponds to the option you choose. Do not include any additional text, punctuation or explanation.

My answer is
",1
fake_1726,1,2,2,2,69,1,2,"Today is November 5, 2024. Racially, I am white. Ideologically, I am liberal. Politically, I am a weak Democrat. I do not attend church. I am 69 years old. I am a man. I am somewhat interested in politics.. Question: Do you think the federal government should be doing more about the opioid drug addiction issue, should be doing less, or is it currently doing the right amount?

Answer choices:
1. Should be doing more 2. Should be doing less 3. Is doing the right amount

When answering, respond ONLY with a single number that corresponds to the option you choose. Do not include any additional text, punctuation or explanation.

My answer is
",1
fake_1727,2,99,5,1,51,1,2,"Today is November 5, 2024. Racially, I am black. Politically, I am an independent who leans Republican. I attend church. I am 51 years old. I am a man. I am somewhat interested in politics.. Question: Do you think the federal government should be doing more about the opioid drug addiction issue, should be doing less, or is it currently doing the right amount?

Answer choices:
1. Should be doing more 2. Should be doing less 3. Is doing the right amount

When answering, respond ONLY with a single number that corresponds to the option you choose. Do not include any additional text, punctuation or explanation.

My answer is
",1
fake_1728,3,2,5,-1,77,2,2,"Today is November 5, 2024. Racially, I am hispanic. Ideologically, I am liberal. Politically, I am an independent who leans Republican. I am 77 years old. I am a woman. I am somewhat interested in politics.. Question: Do you think the federal government should be doing more about the opioid drug addiction issue, should be doing less, or is it currently doing the right amount?

Answer choices:
1. Should be doing more 2. Should be doing less 3. Is doing the right amount

When answering, respond ONLY with a single number that corresponds to the option you choose. Do not include any additional text, punctuation or explanation.

My answer is
",1
fake_1729,5,4,3,1,49,2,2,"Today is November 5, 2024. Racially, I am native American. Ideologically, I am moderate. Politically, I am an independent who leans Democratic. I attend church. I am 49 years old. I am a woman. I am somewhat interested in politics.. Question: Do you think the federal government should be doing more about the opioid drug addiction issue, should be doing less, or is it currently doing the right amount?

Answer choices:
1. Should be doing more 2. Should be doing less 3. Is doing the right amount

When answering, respond ONLY with a single number that corresponds to the option you choose. Do not include any additional text, punctuation or explanation.

My answer is
",1
fake_1730,2,3,1,-1,57,1,1,"Today is November 5, 2024. Racially, I am black. Ideologically, I am slightly liberal. Politically, I am a strong democrat. I am 57 years old. I am a man. I am very interested in politics.. Question: Do you think the federal government should be doing more about the opioid drug addiction issue, should be doing less, or is it currently doing the right amount?

Answer choices:
1. Should be doing more 2. Should be doing less 3. Is doing the right amount

When answering, respond ONLY with a single number that corresponds to the option you choose. Do not include any additional text, punctuation or explanation.

My answer is
",1
fake_1731,1,3,1,-1,29,1,-6,"Today is November 5, 2024. Racially, I am white. Ideologically, I am slightly liberal. Politically, I am a strong democrat. I am 29 years old. I am a man.. Question: Do you think the federal government should be doing more about the opioid drug addiction issue, should be doing less, or is it currently doing the right amount?

Answer choices:
1. Should be doing more 2. Should be doing less 3. Is doing the right amount

When answering, respond ONLY with a single number that corresponds to the option you choose. Do not include any additional text, punctuation or explanation.

My answer is
",1
fake_1732,1,4,1,2,64,1,1,"Today is November 5, 2024. Racially, I am white. Ideologically, I am moderate. Politically, I am a strong democrat. I do not attend church. I am 64 years old. I am a man. I am very interested in politics.. Question: Do you think the federal government should be doing more about the opioid drug addiction issue, should be doing less, or is it currently doing the right amount?

Answer choices:
1. Should be doing more 2. Should be doing less 3. Is doing the right amount

When answering, respond ONLY with a single number that corresponds to the option you choose. Do not include any additional text, punctuation or explanation.

My answer is
",1
fake_1733,2,99,6,1,54,1,2,"Today is November 5, 2024. Racially, I am black. Politically, I am a weak Republican. I attend church. I am 54 years old. I am a man. I am somewhat interested in politics.. Question: Do you think the federal government should be doing more about the opioid drug addiction issue, should be doing less, or is it currently doing the right amount?

Answer choices:
1. Should be doing more 2. Should be doing less 3. Is doing the right amount

When answering, respond ONLY with a single number that corresponds to the option you choose. Do not include any additional text, punctuation or explanation.

My answer is
",1
fake_1734,1,4,3,1,48,1,-6,"Today is November 5, 2024. Racially, I am white. Ideologically, I am moderate. Politically, I am an independent who leans Democratic. I attend church. I am 48 years old. I am a man.. Question: Do you think the federal government should be doing more about the opioid drug addiction issue, should be doing less, or is it currently doing the right amount?

Answer choices:
1. Should be doing more 2. Should be doing less 3. Is doing the right amount

When answering, respond ONLY with a single number that corresponds to the option you choose. Do not include any additional text, punctuation or explanation.

My answer is
",1
fake_1735,4,6,1,1,39,1,-9,"Today is November 5, 2024. Racially, I am asian. Ideologically, I am conservative. Politically, I am a strong democrat. I attend church. I am 39 years old. I am a man.. Question: Do you think the federal government should be doing more about the opioid drug addiction issue, should be doing less, or is it currently doing the right amount?

Answer choices:
1. Should be doing more 2. Should be doing less 3. Is doing the right amount

When answering, respond ONLY with a single number that corresponds to the option you choose. Do not include any additional text, punctuation or explanation.

My answer is
",1
fake_1736,1,5,6,1,37,2,3,"Today is November 5, 2024. Racially, I am white. Ideologically, I am slightly conservative. Politically, I am a weak Republican. I attend church. I am 37 years old. I am a woman. I am not very interested in politics.. Question: Do you think the federal government should be doing more about the opioid drug addiction issue, should be doing less, or is it currently doing the right amount?

Answer choices:
1. Should be doing more 2. Should be doing less 3. Is doing the right amount

When answering, respond ONLY with a single number that corresponds to the option you choose. Do not include any additional text, punctuation or explanation.

My answer is
",1
fake_1737,1,5,4,1,57,1,3,"Today is November 5, 2024. Racially, I am white. Ideologically, I am slightly conservative. Politically, I am an independent. I attend church. I am 57 years old. I am a man. I am not very interested in politics.. Question: Do you think the federal government should be doing more about the opioid drug addiction issue, should be doing less, or is it currently doing the right amount?

Answer choices:
1. Should be doing more 2. Should be doing less 3. Is doing the right amount

When answering, respond ONLY with a single number that corresponds to the option you choose. Do not include any additional text, punctuation or explanation.

My answer is
",1
fake_1738,1,5,2,1,46,1,2,"Today is November 5, 2024. Racially, I am white. Ideologically, I am slightly conservative. Politically, I am a weak Democrat. I attend church. I am 46 years old. I am a man. I am somewhat interested in politics.. Question: Do you think the federal government should be doing more about the opioid drug addiction issue, should be doing less, or is it currently doing the right amount?

Answer choices:
1. Should be doing more 2. Should be doing less 3. Is doing the right amount

When answering, respond ONLY with a single number that corresponds to the option you choose. Do not include any additional text, punctuation or explanation.

My answer is
",1
fake_1739,3,4,6,2,27,1,2,"Today is November 5, 2024. Racially, I am hispanic. Ideologically, I am moderate. Politically, I am a weak Republican. I do not attend church. I am 27 years old. I am a man. I am somewhat interested in politics.. Question: Do you think the federal government should be doing more about the opioid drug addiction issue, should be doing less, or is it currently doing the right amount?

Answer choices:
1. Should be doing more 2. Should be doing less 3. Is doing the right amount

When answering, respond ONLY with a single number that corresponds to the option you choose. Do not include any additional text, punctuation or explanation.

My answer is
",1
fake_1740,3,5,1,1,67,2,2,"Today is November 5, 2024. Racially, I am hispanic. Ideologically, I am slightly conservative. Politically, I am a strong democrat. I attend church. I am 67 years old. I am a woman. I am somewhat interested in politics.. Question: Do you think the federal government should be doing more about the opioid drug addiction issue, should be doing less, or is it currently doing the right amount?

Answer choices:
1. Should be doing more 2. Should be doing less 3. Is doing the right amount

When answering, respond ONLY with a single number that corresponds to the option you choose. Do not include any additional text, punctuation or explanation.

My answer is
",1
fake_1741,3,4,7,1,39,2,2,"Today is November 5, 2024. Racially, I am hispanic. Ideologically, I am moderate. Politically, I am a strong Republican. I attend church. I am 39 years old. I am a woman. I am somewhat interested in politics.. Question: Do you think the federal government should be doing more about the opioid drug addiction issue, should be doing less, or is it currently doing the right amount?

Answer choices:
1. Should be doing more 2. Should be doing less 3. Is doing the right amount

When answering, respond ONLY with a single number that corresponds to the option you choose. Do not include any additional text, punctuation or explanation.

My answer is
",1
fake_1742,1,3,7,2,25,2,3,"Today is November 5, 2024. Racially, I am white. Ideologically, I am slightly liberal. Politically, I am a strong Republican. I do not attend church. I am 25 years old. I am a woman. I am not very interested in politics.. Question: Do you think the federal government should be doing more about the opioid drug addiction issue, should be doing less, or is it currently doing the right amount?

Answer choices:
1. Should be doing more 2. Should be doing less 3. Is doing the right amount

When answering, respond ONLY with a single number that corresponds to the option you choose. Do not include any additional text, punctuation or explanation.

My answer is
",1
fake_1743,1,6,7,1,61,2,2,"Today is November 5, 2024. Racially, I am white. Ideologically, I am conservative. Politically, I am a strong Republican. I attend church. I am 61 years old. I am a woman. I am somewhat interested in politics.. Question: Do you think the federal government should be doing more about the opioid drug addiction issue, should be doing less, or is it currently doing the right amount?

Answer choices:
1. Should be doing more 2. Should be doing less 3. Is doing the right amount

When answering, respond ONLY with a single number that corresponds to the option you choose. Do not include any additional text, punctuation or explanation.

My answer is
",1
fake_1744,1,99,4,-1,62,1,2,"Today is November 5, 2024. Racially, I am white. Politically, I am an independent. I am 62 years old. I am a man. I am somewhat interested in politics.. Question: Do you think the federal government should be doing more about the opioid drug addiction issue, should be doing less, or is it currently doing the right amount?

Answer choices:
1. Should be doing more 2. Should be doing less 3. Is doing the right amount

When answering, respond ONLY with a single number that corresponds to the option you choose. Do not include any additional text, punctuation or explanation.

My answer is
",1
fake_1745,1,4,4,2,58,2,-6,"Today is November 5, 2024. Racially, I am white. Ideologically, I am moderate. Politically, I am an independent. I do not attend church. I am 58 years old. I am a woman.. Question: Do you think the federal government should be doing more about the opioid drug addiction issue, should be doing less, or is it currently doing the right amount?

Answer choices:
1. Should be doing more 2. Should be doing less 3. Is doing the right amount

When answering, respond ONLY with a single number that corresponds to the option you choose. Do not include any additional text, punctuation or explanation.

My answer is
",1
fake_1746,1,4,6,-1,59,2,2,"Today is November 5, 2024. Racially, I am white. Ideologically, I am moderate. Politically, I am a weak Republican. I am 59 years old. I am a woman. I am somewhat interested in politics.. Question: Do you think the federal government should be doing more about the opioid drug addiction issue, should be doing less, or is it currently doing the right amount?

Answer choices:
1. Should be doing more 2. Should be doing less 3. Is doing the right amount

When answering, respond ONLY with a single number that corresponds to the option you choose. Do not include any additional text, punctuation or explanation.

My answer is
",1
fake_1747,1,6,4,1,48,1,-6,"Today is November 5, 2024. Racially, I am white. Ideologically, I am conservative. Politically, I am an independent. I attend church. I am 48 years old. I am a man.. Question: Do you think the federal government should be doing more about the opioid drug addiction issue, should be doing less, or is it currently doing the right amount?

Answer choices:
1. Should be doing more 2. Should be doing less 3. Is doing the right amount

When answering, respond ONLY with a single number that corresponds to the option you choose. Do not include any additional text, punctuation or explanation.

My answer is
",1
fake_1748,3,4,1,2,30,1,1,"Today is November 5, 2024. Racially, I am hispanic. Ideologically, I am moderate. Politically, I am a strong democrat. I do not attend church. I am 30 years old. I am a man. I am very interested in politics.. Question: Do you think the federal government should be doing more about the opioid drug addiction issue, should be doing less, or is it currently doing the right amount?

Answer choices:
1. Should be doing more 2. Should be doing less 3. Is doing the right amount

When answering, respond ONLY with a single number that corresponds to the option you choose. Do not include any additional text, punctuation or explanation.

My answer is
",1
fake_1749,1,2,1,1,65,2,1,"Today is November 5, 2024. Racially, I am white. Ideologically, I am liberal. Politically, I am a strong democrat. I attend church. I am 65 years old. I am a woman. I am very interested in politics.. Question: Do you think the federal government should be doing more about the opioid drug addiction issue, should be doing less, or is it currently doing the right amount?

Answer choices:
1. Should be doing more 2. Should be doing less 3. Is doing the right amount

When answering, respond ONLY with a single number that corresponds to the option you choose. Do not include any additional text, punctuation or explanation.

My answer is
",1
fake_1750,1,2,7,2,31,2,3,"Today is November 5, 2024. Racially, I am white. Ideologically, I am liberal. Politically, I am a strong Republican. I do not attend church. I am 31 years old. I am a woman. I am not very interested in politics.. Question: Do you think the federal government should be doing more about the opioid drug addiction issue, should be doing less, or is it currently doing the right amount?

Answer choices:
1. Should be doing more 2. Should be doing less 3. Is doing the right amount

When answering, respond ONLY with a single number that corresponds to the option you choose. Do not include any additional text, punctuation or explanation.

My answer is
",1
fake_1751,4,4,5,2,31,2,2,"Today is November 5, 2024. Racially, I am asian. Ideologically, I am moderate. Politically, I am an independent who leans Republican. I do not attend church. I am 31 years old. I am a woman. I am somewhat interested in politics.. Question: Do you think the federal government should be doing more about the opioid drug addiction issue, should be doing less, or is it currently doing the right amount?

Answer choices:
1. Should be doing more 2. Should be doing less 3. Is doing the right amount

When answering, respond ONLY with a single number that corresponds to the option you choose. Do not include any additional text, punctuation or explanation.

My answer is
",1
fake_1752,1,99,2,2,74,1,2,"Today is November 5, 2024. Racially, I am white. Politically, I am a weak Democrat. I do not attend church. I am 74 years old. I am a man. I am somewhat interested in politics.. Question: Do you think the federal government should be doing more about the opioid drug addiction issue, should be doing less, or is it currently doing the right amount?

Answer choices:
1. Should be doing more 2. Should be doing less 3. Is doing the right amount

When answering, respond ONLY with a single number that corresponds to the option you choose. Do not include any additional text, punctuation or explanation.

My answer is
",1
fake_1753,1,6,1,2,28,2,3,"Today is November 5, 2024. Racially, I am white. Ideologically, I am conservative. Politically, I am a strong democrat. I do not attend church. I am 28 years old. I am a woman. I am not very interested in politics.. Question: Do you think the federal government should be doing more about the opioid drug addiction issue, should be doing less, or is it currently doing the right amount?

Answer choices:
1. Should be doing more 2. Should be doing less 3. Is doing the right amount

When answering, respond ONLY with a single number that corresponds to the option you choose. Do not include any additional text, punctuation or explanation.

My answer is
",1
fake_1754,1,2,7,1,54,2,1,"Today is November 5, 2024. Racially, I am white. Ideologically, I am liberal. Politically, I am a strong Republican. I attend church. I am 54 years old. I am a woman. I am very interested in politics.. Question: Do you think the federal government should be doing more about the opioid drug addiction issue, should be doing less, or is it currently doing the right amount?

Answer choices:
1. Should be doing more 2. Should be doing less 3. Is doing the right amount

When answering, respond ONLY with a single number that corresponds to the option you choose. Do not include any additional text, punctuation or explanation.

My answer is
",1
fake_1755,1,4,1,1,80,2,3,"Today is November 5, 2024. Racially, I am white. Ideologically, I am moderate. Politically, I am a strong democrat. I attend church. I am 80 years old. I am a woman. I am not very interested in politics.. Question: Do you think the federal government should be doing more about the opioid drug addiction issue, should be doing less, or is it currently doing the right amount?

Answer choices:
1. Should be doing more 2. Should be doing less 3. Is doing the right amount

When answering, respond ONLY with a single number that corresponds to the option you choose. Do not include any additional text, punctuation or explanation.

My answer is
",1
fake_1756,1,4,2,2,21,1,3,"Today is November 5, 2024. Racially, I am white. Ideologically, I am moderate. Politically, I am a weak Democrat. I do not attend church. I am 21 years old. I am a man. I am not very interested in politics.. Question: Do you think the federal government should be doing more about the opioid drug addiction issue, should be doing less, or is it currently doing the right amount?

Answer choices:
1. Should be doing more 2. Should be doing less 3. Is doing the right amount

When answering, respond ONLY with a single number that corresponds to the option you choose. Do not include any additional text, punctuation or explanation.

My answer is
",1
fake_1757,1,2,7,1,68,2,2,"Today is November 5, 2024. Racially, I am white. Ideologically, I am liberal. Politically, I am a strong Republican. I attend church. I am 68 years old. I am a woman. I am somewhat interested in politics.. Question: Do you think the federal government should be doing more about the opioid drug addiction issue, should be doing less, or is it currently doing the right amount?

Answer choices:
1. Should be doing more 2. Should be doing less 3. Is doing the right amount

When answering, respond ONLY with a single number that corresponds to the option you choose. Do not include any additional text, punctuation or explanation.

My answer is
",1
fake_1758,1,99,3,1,76,2,3,"Today is November 5, 2024. Racially, I am white. Politically, I am an independent who leans Democratic. I attend church. I am 76 years old. I am a woman. I am not very interested in politics.. Question: Do you think the federal government should be doing more about the opioid drug addiction issue, should be doing less, or is it currently doing the right amount?

Answer choices:
1. Should be doing more 2. Should be doing less 3. Is doing the right amount

When answering, respond ONLY with a single number that corresponds to the option you choose. Do not include any additional text, punctuation or explanation.

My answer is
",1
fake_1759,1,5,5,2,62,2,2,"Today is November 5, 2024. Racially, I am white. Ideologically, I am slightly conservative. Politically, I am an independent who leans Republican. I do not attend church. I am 62 years old. I am a woman. I am somewhat interested in politics.. Question: Do you think the federal government should be doing more about the opioid drug addiction issue, should be doing less, or is it currently doing the right amount?

Answer choices:
1. Should be doing more 2. Should be doing less 3. Is doing the right amount

When answering, respond ONLY with a single number that corresponds to the option you choose. Do not include any additional text, punctuation or explanation.

My answer is
",1
fake_1760,1,4,1,1,24,2,-6,"Today is November 5, 2024. Racially, I am white. Ideologically, I am moderate. Politically, I am a strong democrat. I attend church. I am 24 years old. I am a woman.. Question: Do you think the federal government should be doing more about the opioid drug addiction issue, should be doing less, or is it currently doing the right amount?

Answer choices:
1. Should be doing more 2. Should be doing less 3. Is doing the right amount

When answering, respond ONLY with a single number that corresponds to the option you choose. Do not include any additional text, punctuation or explanation.

My answer is
",1
fake_1761,1,5,2,1,-2,1,-6,"Today is November 5, 2024. Racially, I am white. Ideologically, I am slightly conservative. Politically, I am a weak Democrat. I attend church. I am a man.. Question: Do you think the federal government should be doing more about the opioid drug addiction issue, should be doing less, or is it currently doing the right amount?

Answer choices:
1. Should be doing more 2. Should be doing less 3. Is doing the right amount

When answering, respond ONLY with a single number that corresponds to the option you choose. Do not include any additional text, punctuation or explanation.

My answer is
",1
fake_1762,1,99,5,2,45,2,2,"Today is November 5, 2024. Racially, I am white. Politically, I am an independent who leans Republican. I do not attend church. I am 45 years old. I am a woman. I am somewhat interested in politics.. Question: Do you think the federal government should be doing more about the opioid drug addiction issue, should be doing less, or is it currently doing the right amount?

Answer choices:
1. Should be doing more 2. Should be doing less 3. Is doing the right amount

When answering, respond ONLY with a single number that corresponds to the option you choose. Do not include any additional text, punctuation or explanation.

My answer is
",1
fake_1763,1,2,3,1,37,2,2,"Today is November 5, 2024. Racially, I am white. Ideologically, I am liberal. Politically, I am an independent who leans Democratic. I attend church. I am 37 years old. I am a woman. I am somewhat interested in politics.. Question: Do you think the federal government should be doing more about the opioid drug addiction issue, should be doing less, or is it currently doing the right amount?

Answer choices:
1. Should be doing more 2. Should be doing less 3. Is doing the right amount

When answering, respond ONLY with a single number that corresponds to the option you choose. Do not include any additional text, punctuation or explanation.

My answer is
",1
fake_1764,3,5,7,1,28,2,-6,"Today is November 5, 2024. Racially, I am hispanic. Ideologically, I am slightly conservative. Politically, I am a strong Republican. I attend church. I am 28 years old. I am a woman.. Question: Do you think the federal government should be doing more about the opioid drug addiction issue, should be doing less, or is it currently doing the right amount?

Answer choices:
1. Should be doing more 2. Should be doing less 3. Is doing the right amount

When answering, respond ONLY with a single number that corresponds to the option you choose. Do not include any additional text, punctuation or explanation.

My answer is
",1
fake_1765,1,3,1,-1,-2,2,3,"Today is November 5, 2024. Racially, I am white. Ideologically, I am slightly liberal. Politically, I am a strong democrat. I am a woman. I am not very interested in politics.. Question: Do you think the federal government should be doing more about the opioid drug addiction issue, should be doing less, or is it currently doing the right amount?

Answer choices:
1. Should be doing more 2. Should be doing less 3. Is doing the right amount

When answering, respond ONLY with a single number that corresponds to the option you choose. Do not include any additional text, punctuation or explanation.

My answer is
",1
fake_1766,1,99,6,1,71,2,1,"Today is November 5, 2024. Racially, I am white. Politically, I am a weak Republican. I attend church. I am 71 years old. I am a woman. I am very interested in politics.. Question: Do you think the federal government should be doing more about the opioid drug addiction issue, should be doing less, or is it currently doing the right amount?

Answer choices:
1. Should be doing more 2. Should be doing less 3. Is doing the right amount

When answering, respond ONLY with a single number that corresponds to the option you choose. Do not include any additional text, punctuation or explanation.

My answer is
",1
fake_1767,2,4,6,1,69,1,1,"Today is November 5, 2024. Racially, I am black. Ideologically, I am moderate. Politically, I am a weak Republican. I attend church. I am 69 years old. I am a man. I am very interested in politics.. Question: Do you think the federal government should be doing more about the opioid drug addiction issue, should be doing less, or is it currently doing the right amount?

Answer choices:
1. Should be doing more 2. Should be doing less 3. Is doing the right amount

When answering, respond ONLY with a single number that corresponds to the option you choose. Do not include any additional text, punctuation or explanation.

My answer is
",1
fake_1768,2,3,6,1,67,1,2,"Today is November 5, 2024. Racially, I am black. Ideologically, I am slightly liberal. Politically, I am a weak Republican. I attend church. I am 67 years old. I am a man. I am somewhat interested in politics.. Question: Do you think the federal government should be doing more about the opioid drug addiction issue, should be doing less, or is it currently doing the right amount?

Answer choices:
1. Should be doing more 2. Should be doing less 3. Is doing the right amount

When answering, respond ONLY with a single number that corresponds to the option you choose. Do not include any additional text, punctuation or explanation.

My answer is
",1
fake_1769,1,5,7,2,57,1,3,"Today is November 5, 2024. Racially, I am white. Ideologically, I am slightly conservative. Politically, I am a strong Republican. I do not attend church. I am 57 years old. I am a man. I am not very interested in politics.. Question: Do you think the federal government should be doing more about the opioid drug addiction issue, should be doing less, or is it currently doing the right amount?

Answer choices:
1. Should be doing more 2. Should be doing less 3. Is doing the right amount

When answering, respond ONLY with a single number that corresponds to the option you choose. Do not include any additional text, punctuation or explanation.

My answer is
",1
fake_1770,1,5,1,2,46,2,2,"Today is November 5, 2024. Racially, I am white. Ideologically, I am slightly conservative. Politically, I am a strong democrat. I do not attend church. I am 46 years old. I am a woman. I am somewhat interested in politics.. Question: Do you think the federal government should be doing more about the opioid drug addiction issue, should be doing less, or is it currently doing the right amount?

Answer choices:
1. Should be doing more 2. Should be doing less 3. Is doing the right amount

When answering, respond ONLY with a single number that corresponds to the option you choose. Do not include any additional text, punctuation or explanation.

My answer is
",1
fake_1771,4,6,1,1,80,2,1,"Today is November 5, 2024. Racially, I am asian. Ideologically, I am conservative. Politically, I am a strong democrat. I attend church. I am 80 years old. I am a woman. I am very interested in politics.. Question: Do you think the federal government should be doing more about the opioid drug addiction issue, should be doing less, or is it currently doing the right amount?

Answer choices:
1. Should be doing more 2. Should be doing less 3. Is doing the right amount

When answering, respond ONLY with a single number that corresponds to the option you choose. Do not include any additional text, punctuation or explanation.

My answer is
",1
fake_1772,1,6,6,1,61,2,2,"Today is November 5, 2024. Racially, I am white. Ideologically, I am conservative. Politically, I am a weak Republican. I attend church. I am 61 years old. I am a woman. I am somewhat interested in politics.. Question: Do you think the federal government should be doing more about the opioid drug addiction issue, should be doing less, or is it currently doing the right amount?

Answer choices:
1. Should be doing more 2. Should be doing less 3. Is doing the right amount

When answering, respond ONLY with a single number that corresponds to the option you choose. Do not include any additional text, punctuation or explanation.

My answer is
",1
fake_1773,2,6,1,1,74,1,1,"Today is November 5, 2024. Racially, I am black. Ideologically, I am conservative. Politically, I am a strong democrat. I attend church. I am 74 years old. I am a man. I am very interested in politics.. Question: Do you think the federal government should be doing more about the opioid drug addiction issue, should be doing less, or is it currently doing the right amount?

Answer choices:
1. Should be doing more 2. Should be doing less 3. Is doing the right amount

When answering, respond ONLY with a single number that corresponds to the option you choose. Do not include any additional text, punctuation or explanation.

My answer is
",1
fake_1774,1,6,5,2,35,1,-6,"Today is November 5, 2024. Racially, I am white. Ideologically, I am conservative. Politically, I am an independent who leans Republican. I do not attend church. I am 35 years old. I am a man.. Question: Do you think the federal government should be doing more about the opioid drug addiction issue, should be doing less, or is it currently doing the right amount?

Answer choices:
1. Should be doing more 2. Should be doing less 3. Is doing the right amount

When answering, respond ONLY with a single number that corresponds to the option you choose. Do not include any additional text, punctuation or explanation.

My answer is
",1
fake_1775,1,2,7,-1,70,1,1,"Today is November 5, 2024. Racially, I am white. Ideologically, I am liberal. Politically, I am a strong Republican. I am 70 years old. I am a man. I am very interested in politics.. Question: Do you think the federal government should be doing more about the opioid drug addiction issue, should be doing less, or is it currently doing the right amount?

Answer choices:
1. Should be doing more 2. Should be doing less 3. Is doing the right amount

When answering, respond ONLY with a single number that corresponds to the option you choose. Do not include any additional text, punctuation or explanation.

My answer is
",1
fake_1776,1,4,5,2,66,1,3,"Today is November 5, 2024. Racially, I am white. Ideologically, I am moderate. Politically, I am an independent who leans Republican. I do not attend church. I am 66 years old. I am a man. I am not very interested in politics.. Question: Do you think the federal government should be doing more about the opioid drug addiction issue, should be doing less, or is it currently doing the right amount?

Answer choices:
1. Should be doing more 2. Should be doing less 3. Is doing the right amount

When answering, respond ONLY with a single number that corresponds to the option you choose. Do not include any additional text, punctuation or explanation.

My answer is
",1
fake_1777,1,6,2,2,60,2,2,"Today is November 5, 2024. Racially, I am white. Ideologically, I am conservative. Politically, I am a weak Democrat. I do not attend church. I am 60 years old. I am a woman. I am somewhat interested in politics.. Question: Do you think the federal government should be doing more about the opioid drug addiction issue, should be doing less, or is it currently doing the right amount?

Answer choices:
1. Should be doing more 2. Should be doing less 3. Is doing the right amount

When answering, respond ONLY with a single number that corresponds to the option you choose. Do not include any additional text, punctuation or explanation.

My answer is
",1
fake_1778,1,4,7,-1,68,1,2,"Today is November 5, 2024. Racially, I am white. Ideologically, I am moderate. Politically, I am a strong Republican. I am 68 years old. I am a man. I am somewhat interested in politics.. Question: Do you think the federal government should be doing more about the opioid drug addiction issue, should be doing less, or is it currently doing the right amount?

Answer choices:
1. Should be doing more 2. Should be doing less 3. Is doing the right amount

When answering, respond ONLY with a single number that corresponds to the option you choose. Do not include any additional text, punctuation or explanation.

My answer is
",1
fake_1779,1,2,2,1,35,1,4,"Today is November 5, 2024. Racially, I am white. Ideologically, I am liberal. Politically, I am a weak Democrat. I attend church. I am 35 years old. I am a man. I am not at all interested in politics.. Question: Do you think the federal government should be doing more about the opioid drug addiction issue, should be doing less, or is it currently doing the right amount?

Answer choices:
1. Should be doing more 2. Should be doing less 3. Is doing the right amount

When answering, respond ONLY with a single number that corresponds to the option you choose. Do not include any additional text, punctuation or explanation.

My answer is
",1
fake_1780,1,1,1,2,80,1,1,"Today is November 5, 2024. Racially, I am white. Ideologically, I am extremely liberal. Politically, I am a strong democrat. I do not attend church. I am 80 years old. I am a man. I am very interested in politics.. Question: Do you think the federal government should be doing more about the opioid drug addiction issue, should be doing less, or is it currently doing the right amount?

Answer choices:
1. Should be doing more 2. Should be doing less 3. Is doing the right amount

When answering, respond ONLY with a single number that corresponds to the option you choose. Do not include any additional text, punctuation or explanation.

My answer is
",1
fake_1781,2,5,1,2,42,2,2,"Today is November 5, 2024. Racially, I am black. Ideologically, I am slightly conservative. Politically, I am a strong democrat. I do not attend church. I am 42 years old. I am a woman. I am somewhat interested in politics.. Question: Do you think the federal government should be doing more about the opioid drug addiction issue, should be doing less, or is it currently doing the right amount?

Answer choices:
1. Should be doing more 2. Should be doing less 3. Is doing the right amount

When answering, respond ONLY with a single number that corresponds to the option you choose. Do not include any additional text, punctuation or explanation.

My answer is
",1
fake_1782,1,2,1,1,37,1,1,"Today is November 5, 2024. Racially, I am white. Ideologically, I am liberal. Politically, I am a strong democrat. I attend church. I am 37 years old. I am a man. I am very interested in politics.. Question: Do you think the federal government should be doing more about the opioid drug addiction issue, should be doing less, or is it currently doing the right amount?

Answer choices:
1. Should be doing more 2. Should be doing less 3. Is doing the right amount

When answering, respond ONLY with a single number that corresponds to the option you choose. Do not include any additional text, punctuation or explanation.

My answer is
",1
fake_1783,1,4,7,2,44,2,2,"Today is November 5, 2024. Racially, I am white. Ideologically, I am moderate. Politically, I am a strong Republican. I do not attend church. I am 44 years old. I am a woman. I am somewhat interested in politics.. Question: Do you think the federal government should be doing more about the opioid drug addiction issue, should be doing less, or is it currently doing the right amount?

Answer choices:
1. Should be doing more 2. Should be doing less 3. Is doing the right amount

When answering, respond ONLY with a single number that corresponds to the option you choose. Do not include any additional text, punctuation or explanation.

My answer is
",1
fake_1784,1,6,2,2,47,2,1,"Today is November 5, 2024. Racially, I am white. Ideologically, I am conservative. Politically, I am a weak Democrat. I do not attend church. I am 47 years old. I am a woman. I am very interested in politics.. Question: Do you think the federal government should be doing more about the opioid drug addiction issue, should be doing less, or is it currently doing the right amount?

Answer choices:
1. Should be doing more 2. Should be doing less 3. Is doing the right amount

When answering, respond ONLY with a single number that corresponds to the option you choose. Do not include any additional text, punctuation or explanation.

My answer is
",1
fake_1785,6,99,3,1,54,2,1,"Today is November 5, 2024. Politically, I am an independent who leans Democratic. I attend church. I am 54 years old. I am a woman. I am very interested in politics.. Question: Do you think the federal government should be doing more about the opioid drug addiction issue, should be doing less, or is it currently doing the right amount?

Answer choices:
1. Should be doing more 2. Should be doing less 3. Is doing the right amount

When answering, respond ONLY with a single number that corresponds to the option you choose. Do not include any additional text, punctuation or explanation.

My answer is
",1
fake_1786,1,3,3,1,64,2,2,"Today is November 5, 2024. Racially, I am white. Ideologically, I am slightly liberal. Politically, I am an independent who leans Democratic. I attend church. I am 64 years old. I am a woman. I am somewhat interested in politics.. Question: Do you think the federal government should be doing more about the opioid drug addiction issue, should be doing less, or is it currently doing the right amount?

Answer choices:
1. Should be doing more 2. Should be doing less 3. Is doing the right amount

When answering, respond ONLY with a single number that corresponds to the option you choose. Do not include any additional text, punctuation or explanation.

My answer is
",1
fake_1787,1,5,1,2,75,1,4,"Today is November 5, 2024. Racially, I am white. Ideologically, I am slightly conservative. Politically, I am a strong democrat. I do not attend church. I am 75 years old. I am a man. I am not at all interested in politics.. Question: Do you think the federal government should be doing more about the opioid drug addiction issue, should be doing less, or is it currently doing the right amount?

Answer choices:
1. Should be doing more 2. Should be doing less 3. Is doing the right amount

When answering, respond ONLY with a single number that corresponds to the option you choose. Do not include any additional text, punctuation or explanation.

My answer is
",1
fake_1788,4,3,3,1,80,1,4,"Today is November 5, 2024. Racially, I am asian. Ideologically, I am slightly liberal. Politically, I am an independent who leans Democratic. I attend church. I am 80 years old. I am a man. I am not at all interested in politics.. Question: Do you think the federal government should be doing more about the opioid drug addiction issue, should be doing less, or is it currently doing the right amount?

Answer choices:
1. Should be doing more 2. Should be doing less 3. Is doing the right amount

When answering, respond ONLY with a single number that corresponds to the option you choose. Do not include any additional text, punctuation or explanation.

My answer is
",1
fake_1789,1,7,1,2,-2,2,4,"Today is November 5, 2024. Racially, I am white. Ideologically, I am extremely conservative. Politically, I am a strong democrat. I do not attend church. I am a woman. I am not at all interested in politics.. Question: Do you think the federal government should be doing more about the opioid drug addiction issue, should be doing less, or is it currently doing the right amount?

Answer choices:
1. Should be doing more 2. Should be doing less 3. Is doing the right amount

When answering, respond ONLY with a single number that corresponds to the option you choose. Do not include any additional text, punctuation or explanation.

My answer is
",1
fake_1790,1,99,6,2,37,2,3,"Today is November 5, 2024. Racially, I am white. Politically, I am a weak Republican. I do not attend church. I am 37 years old. I am a woman. I am not very interested in politics.. Question: Do you think the federal government should be doing more about the opioid drug addiction issue, should be doing less, or is it currently doing the right amount?

Answer choices:
1. Should be doing more 2. Should be doing less 3. Is doing the right amount

When answering, respond ONLY with a single number that corresponds to the option you choose. Do not include any additional text, punctuation or explanation.

My answer is
",1
fake_1791,3,4,2,1,65,2,2,"Today is November 5, 2024. Racially, I am hispanic. Ideologically, I am moderate. Politically, I am a weak Democrat. I attend church. I am 65 years old. I am a woman. I am somewhat interested in politics.. Question: Do you think the federal government should be doing more about the opioid drug addiction issue, should be doing less, or is it currently doing the right amount?

Answer choices:
1. Should be doing more 2. Should be doing less 3. Is doing the right amount

When answering, respond ONLY with a single number that corresponds to the option you choose. Do not include any additional text, punctuation or explanation.

My answer is
",1
fake_1792,1,2,7,1,76,2,2,"Today is November 5, 2024. Racially, I am white. Ideologically, I am liberal. Politically, I am a strong Republican. I attend church. I am 76 years old. I am a woman. I am somewhat interested in politics.. Question: Do you think the federal government should be doing more about the opioid drug addiction issue, should be doing less, or is it currently doing the right amount?

Answer choices:
1. Should be doing more 2. Should be doing less 3. Is doing the right amount

When answering, respond ONLY with a single number that corresponds to the option you choose. Do not include any additional text, punctuation or explanation.

My answer is
",1
fake_1793,1,99,4,1,37,2,1,"Today is November 5, 2024. Racially, I am white. Politically, I am an independent. I attend church. I am 37 years old. I am a woman. I am very interested in politics.. Question: Do you think the federal government should be doing more about the opioid drug addiction issue, should be doing less, or is it currently doing the right amount?

Answer choices:
1. Should be doing more 2. Should be doing less 3. Is doing the right amount

When answering, respond ONLY with a single number that corresponds to the option you choose. Do not include any additional text, punctuation or explanation.

My answer is
",1
fake_1794,1,3,7,2,72,1,2,"Today is November 5, 2024. Racially, I am white. Ideologically, I am slightly liberal. Politically, I am a strong Republican. I do not attend church. I am 72 years old. I am a man. I am somewhat interested in politics.. Question: Do you think the federal government should be doing more about the opioid drug addiction issue, should be doing less, or is it currently doing the right amount?

Answer choices:
1. Should be doing more 2. Should be doing less 3. Is doing the right amount

When answering, respond ONLY with a single number that corresponds to the option you choose. Do not include any additional text, punctuation or explanation.

My answer is
",1
fake_1795,3,99,1,1,27,1,1,"Today is November 5, 2024. Racially, I am hispanic. Politically, I am a strong democrat. I attend church. I am 27 years old. I am a man. I am very interested in politics.. Question: Do you think the federal government should be doing more about the opioid drug addiction issue, should be doing less, or is it currently doing the right amount?

Answer choices:
1. Should be doing more 2. Should be doing less 3. Is doing the right amount

When answering, respond ONLY with a single number that corresponds to the option you choose. Do not include any additional text, punctuation or explanation.

My answer is
",1
fake_1796,1,4,7,2,80,1,2,"Today is November 5, 2024. Racially, I am white. Ideologically, I am moderate. Politically, I am a strong Republican. I do not attend church. I am 80 years old. I am a man. I am somewhat interested in politics.. Question: Do you think the federal government should be doing more about the opioid drug addiction issue, should be doing less, or is it currently doing the right amount?

Answer choices:
1. Should be doing more 2. Should be doing less 3. Is doing the right amount

When answering, respond ONLY with a single number that corresponds to the option you choose. Do not include any additional text, punctuation or explanation.

My answer is
",1
fake_1797,1,5,7,2,35,2,2,"Today is November 5, 2024. Racially, I am white. Ideologically, I am slightly conservative. Politically, I am a strong Republican. I do not attend church. I am 35 years old. I am a woman. I am somewhat interested in politics.. Question: Do you think the federal government should be doing more about the opioid drug addiction issue, should be doing less, or is it currently doing the right amount?

Answer choices:
1. Should be doing more 2. Should be doing less 3. Is doing the right amount

When answering, respond ONLY with a single number that corresponds to the option you choose. Do not include any additional text, punctuation or explanation.

My answer is
",1
fake_1798,1,6,4,-1,37,2,2,"Today is November 5, 2024. Racially, I am white. Ideologically, I am conservative. Politically, I am an independent. I am 37 years old. I am a woman. I am somewhat interested in politics.. Question: Do you think the federal government should be doing more about the opioid drug addiction issue, should be doing less, or is it currently doing the right amount?

Answer choices:
1. Should be doing more 2. Should be doing less 3. Is doing the right amount

When answering, respond ONLY with a single number that corresponds to the option you choose. Do not include any additional text, punctuation or explanation.

My answer is
",1
fake_1799,1,4,7,2,43,1,-6,"Today is November 5, 2024. Racially, I am white. Ideologically, I am moderate. Politically, I am a strong Republican. I do not attend church. I am 43 years old. I am a man.. Question: Do you think the federal government should be doing more about the opioid drug addiction issue, should be doing less, or is it currently doing the right amount?

Answer choices:
1. Should be doing more 2. Should be doing less 3. Is doing the right amount

When answering, respond ONLY with a single number that corresponds to the option you choose. Do not include any additional text, punctuation or explanation.

My answer is
",1
fake_1800,2,6,3,2,66,1,2,"Today is November 5, 2024. Racially, I am black. Ideologically, I am conservative. Politically, I am an independent who leans Democratic. I do not attend church. I am 66 years old. I am a man. I am somewhat interested in politics.. Question: Do you think the federal government should be doing more about the opioid drug addiction issue, should be doing less, or is it currently doing the right amount?

Answer choices:
1. Should be doing more 2. Should be doing less 3. Is doing the right amount

When answering, respond ONLY with a single number that corresponds to the option you choose. Do not include any additional text, punctuation or explanation.

My answer is
",1
fake_1801,6,4,4,2,39,1,2,"Today is November 5, 2024. Ideologically, I am moderate. Politically, I am an independent. I do not attend church. I am 39 years old. I am a man. I am somewhat interested in politics.. Question: Do you think the federal government should be doing more about the opioid drug addiction issue, should be doing less, or is it currently doing the right amount?

Answer choices:
1. Should be doing more 2. Should be doing less 3. Is doing the right amount

When answering, respond ONLY with a single number that corresponds to the option you choose. Do not include any additional text, punctuation or explanation.

My answer is
",1
fake_1802,2,6,7,1,70,1,1,"Today is November 5, 2024. Racially, I am black. Ideologically, I am conservative. Politically, I am a strong Republican. I attend church. I am 70 years old. I am a man. I am very interested in politics.. Question: Do you think the federal government should be doing more about the opioid drug addiction issue, should be doing less, or is it currently doing the right amount?

Answer choices:
1. Should be doing more 2. Should be doing less 3. Is doing the right amount

When answering, respond ONLY with a single number that corresponds to the option you choose. Do not include any additional text, punctuation or explanation.

My answer is
",1
fake_1803,1,99,7,2,33,1,3,"Today is November 5, 2024. Racially, I am white. Politically, I am a strong Republican. I do not attend church. I am 33 years old. I am a man. I am not very interested in politics.. Question: Do you think the federal government should be doing more about the opioid drug addiction issue, should be doing less, or is it currently doing the right amount?

Answer choices:
1. Should be doing more 2. Should be doing less 3. Is doing the right amount

When answering, respond ONLY with a single number that corresponds to the option you choose. Do not include any additional text, punctuation or explanation.

My answer is
",1
fake_1804,1,2,1,2,75,1,1,"Today is November 5, 2024. Racially, I am white. Ideologically, I am liberal. Politically, I am a strong democrat. I do not attend church. I am 75 years old. I am a man. I am very interested in politics.. Question: Do you think the federal government should be doing more about the opioid drug addiction issue, should be doing less, or is it currently doing the right amount?

Answer choices:
1. Should be doing more 2. Should be doing less 3. Is doing the right amount

When answering, respond ONLY with a single number that corresponds to the option you choose. Do not include any additional text, punctuation or explanation.

My answer is
",1
fake_1805,-9,3,5,-1,-2,1,2,"Today is November 5, 2024. Ideologically, I am slightly liberal. Politically, I am an independent who leans Republican. I am a man. I am somewhat interested in politics.. Question: Do you think the federal government should be doing more about the opioid drug addiction issue, should be doing less, or is it currently doing the right amount?

Answer choices:
1. Should be doing more 2. Should be doing less 3. Is doing the right amount

When answering, respond ONLY with a single number that corresponds to the option you choose. Do not include any additional text, punctuation or explanation.

My answer is
",1
fake_1806,3,4,5,1,56,2,2,"Today is November 5, 2024. Racially, I am hispanic. Ideologically, I am moderate. Politically, I am an independent who leans Republican. I attend church. I am 56 years old. I am a woman. I am somewhat interested in politics.. Question: Do you think the federal government should be doing more about the opioid drug addiction issue, should be doing less, or is it currently doing the right amount?

Answer choices:
1. Should be doing more 2. Should be doing less 3. Is doing the right amount

When answering, respond ONLY with a single number that corresponds to the option you choose. Do not include any additional text, punctuation or explanation.

My answer is
",1
fake_1807,4,4,1,2,55,1,1,"Today is November 5, 2024. Racially, I am asian. Ideologically, I am moderate. Politically, I am a strong democrat. I do not attend church. I am 55 years old. I am a man. I am very interested in politics.. Question: Do you think the federal government should be doing more about the opioid drug addiction issue, should be doing less, or is it currently doing the right amount?

Answer choices:
1. Should be doing more 2. Should be doing less 3. Is doing the right amount

When answering, respond ONLY with a single number that corresponds to the option you choose. Do not include any additional text, punctuation or explanation.

My answer is
",1
fake_1808,4,6,6,1,74,2,2,"Today is November 5, 2024. Racially, I am asian. Ideologically, I am conservative. Politically, I am a weak Republican. I attend church. I am 74 years old. I am a woman. I am somewhat interested in politics.. Question: Do you think the federal government should be doing more about the opioid drug addiction issue, should be doing less, or is it currently doing the right amount?

Answer choices:
1. Should be doing more 2. Should be doing less 3. Is doing the right amount

When answering, respond ONLY with a single number that corresponds to the option you choose. Do not include any additional text, punctuation or explanation.

My answer is
",1
fake_1809,1,6,2,2,57,2,1,"Today is November 5, 2024. Racially, I am white. Ideologically, I am conservative. Politically, I am a weak Democrat. I do not attend church. I am 57 years old. I am a woman. I am very interested in politics.. Question: Do you think the federal government should be doing more about the opioid drug addiction issue, should be doing less, or is it currently doing the right amount?

Answer choices:
1. Should be doing more 2. Should be doing less 3. Is doing the right amount

When answering, respond ONLY with a single number that corresponds to the option you choose. Do not include any additional text, punctuation or explanation.

My answer is
",1
fake_1810,-9,5,2,1,66,2,2,"Today is November 5, 2024. Ideologically, I am slightly conservative. Politically, I am a weak Democrat. I attend church. I am 66 years old. I am a woman. I am somewhat interested in politics.. Question: Do you think the federal government should be doing more about the opioid drug addiction issue, should be doing less, or is it currently doing the right amount?

Answer choices:
1. Should be doing more 2. Should be doing less 3. Is doing the right amount

When answering, respond ONLY with a single number that corresponds to the option you choose. Do not include any additional text, punctuation or explanation.

My answer is
",1
fake_1811,1,4,4,-1,75,2,2,"Today is November 5, 2024. Racially, I am white. Ideologically, I am moderate. Politically, I am an independent. I am 75 years old. I am a woman. I am somewhat interested in politics.. Question: Do you think the federal government should be doing more about the opioid drug addiction issue, should be doing less, or is it currently doing the right amount?

Answer choices:
1. Should be doing more 2. Should be doing less 3. Is doing the right amount

When answering, respond ONLY with a single number that corresponds to the option you choose. Do not include any additional text, punctuation or explanation.

My answer is
",1
fake_1812,2,7,7,2,-2,2,4,"Today is November 5, 2024. Racially, I am black. Ideologically, I am extremely conservative. Politically, I am a strong Republican. I do not attend church. I am a woman. I am not at all interested in politics.. Question: Do you think the federal government should be doing more about the opioid drug addiction issue, should be doing less, or is it currently doing the right amount?

Answer choices:
1. Should be doing more 2. Should be doing less 3. Is doing the right amount

When answering, respond ONLY with a single number that corresponds to the option you choose. Do not include any additional text, punctuation or explanation.

My answer is
",1
fake_1813,1,5,1,1,25,1,2,"Today is November 5, 2024. Racially, I am white. Ideologically, I am slightly conservative. Politically, I am a strong democrat. I attend church. I am 25 years old. I am a man. I am somewhat interested in politics.. Question: Do you think the federal government should be doing more about the opioid drug addiction issue, should be doing less, or is it currently doing the right amount?

Answer choices:
1. Should be doing more 2. Should be doing less 3. Is doing the right amount

When answering, respond ONLY with a single number that corresponds to the option you choose. Do not include any additional text, punctuation or explanation.

My answer is
",1
fake_1814,1,6,5,2,42,1,-6,"Today is November 5, 2024. Racially, I am white. Ideologically, I am conservative. Politically, I am an independent who leans Republican. I do not attend church. I am 42 years old. I am a man.. Question: Do you think the federal government should be doing more about the opioid drug addiction issue, should be doing less, or is it currently doing the right amount?

Answer choices:
1. Should be doing more 2. Should be doing less 3. Is doing the right amount

When answering, respond ONLY with a single number that corresponds to the option you choose. Do not include any additional text, punctuation or explanation.

My answer is
",1
fake_1815,1,4,1,2,-2,1,4,"Today is November 5, 2024. Racially, I am white. Ideologically, I am moderate. Politically, I am a strong democrat. I do not attend church. I am a man. I am not at all interested in politics.. Question: Do you think the federal government should be doing more about the opioid drug addiction issue, should be doing less, or is it currently doing the right amount?

Answer choices:
1. Should be doing more 2. Should be doing less 3. Is doing the right amount

When answering, respond ONLY with a single number that corresponds to the option you choose. Do not include any additional text, punctuation or explanation.

My answer is
",1
fake_1816,1,4,7,2,37,1,3,"Today is November 5, 2024. Racially, I am white. Ideologically, I am moderate. Politically, I am a strong Republican. I do not attend church. I am 37 years old. I am a man. I am not very interested in politics.. Question: Do you think the federal government should be doing more about the opioid drug addiction issue, should be doing less, or is it currently doing the right amount?

Answer choices:
1. Should be doing more 2. Should be doing less 3. Is doing the right amount

When answering, respond ONLY with a single number that corresponds to the option you choose. Do not include any additional text, punctuation or explanation.

My answer is
",1
fake_1817,3,6,1,1,77,2,1,"Today is November 5, 2024. Racially, I am hispanic. Ideologically, I am conservative. Politically, I am a strong democrat. I attend church. I am 77 years old. I am a woman. I am very interested in politics.. Question: Do you think the federal government should be doing more about the opioid drug addiction issue, should be doing less, or is it currently doing the right amount?

Answer choices:
1. Should be doing more 2. Should be doing less 3. Is doing the right amount

When answering, respond ONLY with a single number that corresponds to the option you choose. Do not include any additional text, punctuation or explanation.

My answer is
",1
fake_1818,1,99,7,1,24,2,2,"Today is November 5, 2024. Racially, I am white. Politically, I am a strong Republican. I attend church. I am 24 years old. I am a woman. I am somewhat interested in politics.. Question: Do you think the federal government should be doing more about the opioid drug addiction issue, should be doing less, or is it currently doing the right amount?

Answer choices:
1. Should be doing more 2. Should be doing less 3. Is doing the right amount

When answering, respond ONLY with a single number that corresponds to the option you choose. Do not include any additional text, punctuation or explanation.

My answer is
",1
fake_1819,1,3,5,2,40,2,2,"Today is November 5, 2024. Racially, I am white. Ideologically, I am slightly liberal. Politically, I am an independent who leans Republican. I do not attend church. I am 40 years old. I am a woman. I am somewhat interested in politics.. Question: Do you think the federal government should be doing more about the opioid drug addiction issue, should be doing less, or is it currently doing the right amount?

Answer choices:
1. Should be doing more 2. Should be doing less 3. Is doing the right amount

When answering, respond ONLY with a single number that corresponds to the option you choose. Do not include any additional text, punctuation or explanation.

My answer is
",1
fake_1820,2,3,1,1,51,2,1,"Today is November 5, 2024. Racially, I am black. Ideologically, I am slightly liberal. Politically, I am a strong democrat. I attend church. I am 51 years old. I am a woman. I am very interested in politics.. Question: Do you think the federal government should be doing more about the opioid drug addiction issue, should be doing less, or is it currently doing the right amount?

Answer choices:
1. Should be doing more 2. Should be doing less 3. Is doing the right amount

When answering, respond ONLY with a single number that corresponds to the option you choose. Do not include any additional text, punctuation or explanation.

My answer is
",1
fake_1821,1,6,5,2,-2,2,1,"Today is November 5, 2024. Racially, I am white. Ideologically, I am conservative. Politically, I am an independent who leans Republican. I do not attend church. I am a woman. I am very interested in politics.. Question: Do you think the federal government should be doing more about the opioid drug addiction issue, should be doing less, or is it currently doing the right amount?

Answer choices:
1. Should be doing more 2. Should be doing less 3. Is doing the right amount

When answering, respond ONLY with a single number that corresponds to the option you choose. Do not include any additional text, punctuation or explanation.

My answer is
",1
fake_1822,1,7,5,2,44,2,2,"Today is November 5, 2024. Racially, I am white. Ideologically, I am extremely conservative. Politically, I am an independent who leans Republican. I do not attend church. I am 44 years old. I am a woman. I am somewhat interested in politics.. Question: Do you think the federal government should be doing more about the opioid drug addiction issue, should be doing less, or is it currently doing the right amount?

Answer choices:
1. Should be doing more 2. Should be doing less 3. Is doing the right amount

When answering, respond ONLY with a single number that corresponds to the option you choose. Do not include any additional text, punctuation or explanation.

My answer is
",1
fake_1823,1,2,6,2,40,2,3,"Today is November 5, 2024. Racially, I am white. Ideologically, I am liberal. Politically, I am a weak Republican. I do not attend church. I am 40 years old. I am a woman. I am not very interested in politics.. Question: Do you think the federal government should be doing more about the opioid drug addiction issue, should be doing less, or is it currently doing the right amount?

Answer choices:
1. Should be doing more 2. Should be doing less 3. Is doing the right amount

When answering, respond ONLY with a single number that corresponds to the option you choose. Do not include any additional text, punctuation or explanation.

My answer is
",1
fake_1824,1,4,2,1,66,1,2,"Today is November 5, 2024. Racially, I am white. Ideologically, I am moderate. Politically, I am a weak Democrat. I attend church. I am 66 years old. I am a man. I am somewhat interested in politics.. Question: Do you think the federal government should be doing more about the opioid drug addiction issue, should be doing less, or is it currently doing the right amount?

Answer choices:
1. Should be doing more 2. Should be doing less 3. Is doing the right amount

When answering, respond ONLY with a single number that corresponds to the option you choose. Do not include any additional text, punctuation or explanation.

My answer is
",1
fake_1825,3,4,4,2,25,2,2,"Today is November 5, 2024. Racially, I am hispanic. Ideologically, I am moderate. Politically, I am an independent. I do not attend church. I am 25 years old. I am a woman. I am somewhat interested in politics.. Question: Do you think the federal government should be doing more about the opioid drug addiction issue, should be doing less, or is it currently doing the right amount?

Answer choices:
1. Should be doing more 2. Should be doing less 3. Is doing the right amount

When answering, respond ONLY with a single number that corresponds to the option you choose. Do not include any additional text, punctuation or explanation.

My answer is
",1
fake_1826,1,99,6,1,26,1,3,"Today is November 5, 2024. Racially, I am white. Politically, I am a weak Republican. I attend church. I am 26 years old. I am a man. I am not very interested in politics.. Question: Do you think the federal government should be doing more about the opioid drug addiction issue, should be doing less, or is it currently doing the right amount?

Answer choices:
1. Should be doing more 2. Should be doing less 3. Is doing the right amount

When answering, respond ONLY with a single number that corresponds to the option you choose. Do not include any additional text, punctuation or explanation.

My answer is
",1
fake_1827,1,6,1,2,48,1,4,"Today is November 5, 2024. Racially, I am white. Ideologically, I am conservative. Politically, I am a strong democrat. I do not attend church. I am 48 years old. I am a man. I am not at all interested in politics.. Question: Do you think the federal government should be doing more about the opioid drug addiction issue, should be doing less, or is it currently doing the right amount?

Answer choices:
1. Should be doing more 2. Should be doing less 3. Is doing the right amount

When answering, respond ONLY with a single number that corresponds to the option you choose. Do not include any additional text, punctuation or explanation.

My answer is
",1
fake_1828,2,99,1,1,56,1,3,"Today is November 5, 2024. Racially, I am black. Politically, I am a strong democrat. I attend church. I am 56 years old. I am a man. I am not very interested in politics.. Question: Do you think the federal government should be doing more about the opioid drug addiction issue, should be doing less, or is it currently doing the right amount?

Answer choices:
1. Should be doing more 2. Should be doing less 3. Is doing the right amount

When answering, respond ONLY with a single number that corresponds to the option you choose. Do not include any additional text, punctuation or explanation.

My answer is
",1
fake_1829,1,4,7,-1,23,2,1,"Today is November 5, 2024. Racially, I am white. Ideologically, I am moderate. Politically, I am a strong Republican. I am 23 years old. I am a woman. I am very interested in politics.. Question: Do you think the federal government should be doing more about the opioid drug addiction issue, should be doing less, or is it currently doing the right amount?

Answer choices:
1. Should be doing more 2. Should be doing less 3. Is doing the right amount

When answering, respond ONLY with a single number that corresponds to the option you choose. Do not include any additional text, punctuation or explanation.

My answer is
",1
fake_1830,4,3,4,2,38,2,2,"Today is November 5, 2024. Racially, I am asian. Ideologically, I am slightly liberal. Politically, I am an independent. I do not attend church. I am 38 years old. I am a woman. I am somewhat interested in politics.. Question: Do you think the federal government should be doing more about the opioid drug addiction issue, should be doing less, or is it currently doing the right amount?

Answer choices:
1. Should be doing more 2. Should be doing less 3. Is doing the right amount

When answering, respond ONLY with a single number that corresponds to the option you choose. Do not include any additional text, punctuation or explanation.

My answer is
",1
fake_1831,1,6,6,1,29,1,1,"Today is November 5, 2024. Racially, I am white. Ideologically, I am conservative. Politically, I am a weak Republican. I attend church. I am 29 years old. I am a man. I am very interested in politics.. Question: Do you think the federal government should be doing more about the opioid drug addiction issue, should be doing less, or is it currently doing the right amount?

Answer choices:
1. Should be doing more 2. Should be doing less 3. Is doing the right amount

When answering, respond ONLY with a single number that corresponds to the option you choose. Do not include any additional text, punctuation or explanation.

My answer is
",1
fake_1832,3,3,3,2,32,-9,2,"Today is November 5, 2024. Racially, I am hispanic. Ideologically, I am slightly liberal. Politically, I am an independent who leans Democratic. I do not attend church. I am 32 years old. I am somewhat interested in politics.. Question: Do you think the federal government should be doing more about the opioid drug addiction issue, should be doing less, or is it currently doing the right amount?

Answer choices:
1. Should be doing more 2. Should be doing less 3. Is doing the right amount

When answering, respond ONLY with a single number that corresponds to the option you choose. Do not include any additional text, punctuation or explanation.

My answer is
",1
fake_1833,4,3,6,2,64,2,2,"Today is November 5, 2024. Racially, I am asian. Ideologically, I am slightly liberal. Politically, I am a weak Republican. I do not attend church. I am 64 years old. I am a woman. I am somewhat interested in politics.. Question: Do you think the federal government should be doing more about the opioid drug addiction issue, should be doing less, or is it currently doing the right amount?

Answer choices:
1. Should be doing more 2. Should be doing less 3. Is doing the right amount

When answering, respond ONLY with a single number that corresponds to the option you choose. Do not include any additional text, punctuation or explanation.

My answer is
",1
fake_1834,3,4,6,2,62,1,4,"Today is November 5, 2024. Racially, I am hispanic. Ideologically, I am moderate. Politically, I am a weak Republican. I do not attend church. I am 62 years old. I am a man. I am not at all interested in politics.. Question: Do you think the federal government should be doing more about the opioid drug addiction issue, should be doing less, or is it currently doing the right amount?

Answer choices:
1. Should be doing more 2. Should be doing less 3. Is doing the right amount

When answering, respond ONLY with a single number that corresponds to the option you choose. Do not include any additional text, punctuation or explanation.

My answer is
",1
fake_1835,1,2,6,-1,65,1,2,"Today is November 5, 2024. Racially, I am white. Ideologically, I am liberal. Politically, I am a weak Republican. I am 65 years old. I am a man. I am somewhat interested in politics.. Question: Do you think the federal government should be doing more about the opioid drug addiction issue, should be doing less, or is it currently doing the right amount?

Answer choices:
1. Should be doing more 2. Should be doing less 3. Is doing the right amount

When answering, respond ONLY with a single number that corresponds to the option you choose. Do not include any additional text, punctuation or explanation.

My answer is
",1
fake_1836,2,6,2,1,60,-9,2,"Today is November 5, 2024. Racially, I am black. Ideologically, I am conservative. Politically, I am a weak Democrat. I attend church. I am 60 years old. I am somewhat interested in politics.. Question: Do you think the federal government should be doing more about the opioid drug addiction issue, should be doing less, or is it currently doing the right amount?

Answer choices:
1. Should be doing more 2. Should be doing less 3. Is doing the right amount

When answering, respond ONLY with a single number that corresponds to the option you choose. Do not include any additional text, punctuation or explanation.

My answer is
",1
fake_1837,3,2,7,2,40,-9,2,"Today is November 5, 2024. Racially, I am hispanic. Ideologically, I am liberal. Politically, I am a strong Republican. I do not attend church. I am 40 years old. I am somewhat interested in politics.. Question: Do you think the federal government should be doing more about the opioid drug addiction issue, should be doing less, or is it currently doing the right amount?

Answer choices:
1. Should be doing more 2. Should be doing less 3. Is doing the right amount

When answering, respond ONLY with a single number that corresponds to the option you choose. Do not include any additional text, punctuation or explanation.

My answer is
",1
fake_1838,1,5,6,1,46,2,-6,"Today is November 5, 2024. Racially, I am white. Ideologically, I am slightly conservative. Politically, I am a weak Republican. I attend church. I am 46 years old. I am a woman.. Question: Do you think the federal government should be doing more about the opioid drug addiction issue, should be doing less, or is it currently doing the right amount?

Answer choices:
1. Should be doing more 2. Should be doing less 3. Is doing the right amount

When answering, respond ONLY with a single number that corresponds to the option you choose. Do not include any additional text, punctuation or explanation.

My answer is
",1
fake_1839,1,5,1,2,69,2,1,"Today is November 5, 2024. Racially, I am white. Ideologically, I am slightly conservative. Politically, I am a strong democrat. I do not attend church. I am 69 years old. I am a woman. I am very interested in politics.. Question: Do you think the federal government should be doing more about the opioid drug addiction issue, should be doing less, or is it currently doing the right amount?

Answer choices:
1. Should be doing more 2. Should be doing less 3. Is doing the right amount

When answering, respond ONLY with a single number that corresponds to the option you choose. Do not include any additional text, punctuation or explanation.

My answer is
",1
fake_1840,1,99,1,1,60,2,2,"Today is November 5, 2024. Racially, I am white. Politically, I am a strong democrat. I attend church. I am 60 years old. I am a woman. I am somewhat interested in politics.. Question: Do you think the federal government should be doing more about the opioid drug addiction issue, should be doing less, or is it currently doing the right amount?

Answer choices:
1. Should be doing more 2. Should be doing less 3. Is doing the right amount

When answering, respond ONLY with a single number that corresponds to the option you choose. Do not include any additional text, punctuation or explanation.

My answer is
",1
fake_1841,1,5,7,1,46,2,3,"Today is November 5, 2024. Racially, I am white. Ideologically, I am slightly conservative. Politically, I am a strong Republican. I attend church. I am 46 years old. I am a woman. I am not very interested in politics.. Question: Do you think the federal government should be doing more about the opioid drug addiction issue, should be doing less, or is it currently doing the right amount?

Answer choices:
1. Should be doing more 2. Should be doing less 3. Is doing the right amount

When answering, respond ONLY with a single number that corresponds to the option you choose. Do not include any additional text, punctuation or explanation.

My answer is
",1
fake_1842,1,6,1,1,61,2,4,"Today is November 5, 2024. Racially, I am white. Ideologically, I am conservative. Politically, I am a strong democrat. I attend church. I am 61 years old. I am a woman. I am not at all interested in politics.. Question: Do you think the federal government should be doing more about the opioid drug addiction issue, should be doing less, or is it currently doing the right amount?

Answer choices:
1. Should be doing more 2. Should be doing less 3. Is doing the right amount

When answering, respond ONLY with a single number that corresponds to the option you choose. Do not include any additional text, punctuation or explanation.

My answer is
",1
fake_1843,2,3,6,1,54,2,2,"Today is November 5, 2024. Racially, I am black. Ideologically, I am slightly liberal. Politically, I am a weak Republican. I attend church. I am 54 years old. I am a woman. I am somewhat interested in politics.. Question: Do you think the federal government should be doing more about the opioid drug addiction issue, should be doing less, or is it currently doing the right amount?

Answer choices:
1. Should be doing more 2. Should be doing less 3. Is doing the right amount

When answering, respond ONLY with a single number that corresponds to the option you choose. Do not include any additional text, punctuation or explanation.

My answer is
",1
fake_1844,1,6,7,1,41,2,2,"Today is November 5, 2024. Racially, I am white. Ideologically, I am conservative. Politically, I am a strong Republican. I attend church. I am 41 years old. I am a woman. I am somewhat interested in politics.. Question: Do you think the federal government should be doing more about the opioid drug addiction issue, should be doing less, or is it currently doing the right amount?

Answer choices:
1. Should be doing more 2. Should be doing less 3. Is doing the right amount

When answering, respond ONLY with a single number that corresponds to the option you choose. Do not include any additional text, punctuation or explanation.

My answer is
",1
fake_1845,6,99,6,2,18,1,2,"Today is November 5, 2024. Politically, I am a weak Republican. I do not attend church. I am 18 years old. I am a man. I am somewhat interested in politics.. Question: Do you think the federal government should be doing more about the opioid drug addiction issue, should be doing less, or is it currently doing the right amount?

Answer choices:
1. Should be doing more 2. Should be doing less 3. Is doing the right amount

When answering, respond ONLY with a single number that corresponds to the option you choose. Do not include any additional text, punctuation or explanation.

My answer is
",1
fake_1846,1,4,7,1,51,2,1,"Today is November 5, 2024. Racially, I am white. Ideologically, I am moderate. Politically, I am a strong Republican. I attend church. I am 51 years old. I am a woman. I am very interested in politics.. Question: Do you think the federal government should be doing more about the opioid drug addiction issue, should be doing less, or is it currently doing the right amount?

Answer choices:
1. Should be doing more 2. Should be doing less 3. Is doing the right amount

When answering, respond ONLY with a single number that corresponds to the option you choose. Do not include any additional text, punctuation or explanation.

My answer is
",1
fake_1847,1,6,1,2,67,2,1,"Today is November 5, 2024. Racially, I am white. Ideologically, I am conservative. Politically, I am a strong democrat. I do not attend church. I am 67 years old. I am a woman. I am very interested in politics.. Question: Do you think the federal government should be doing more about the opioid drug addiction issue, should be doing less, or is it currently doing the right amount?

Answer choices:
1. Should be doing more 2. Should be doing less 3. Is doing the right amount

When answering, respond ONLY with a single number that corresponds to the option you choose. Do not include any additional text, punctuation or explanation.

My answer is
",1
fake_1848,2,3,3,2,67,2,4,"Today is November 5, 2024. Racially, I am black. Ideologically, I am slightly liberal. Politically, I am an independent who leans Democratic. I do not attend church. I am 67 years old. I am a woman. I am not at all interested in politics.. Question: Do you think the federal government should be doing more about the opioid drug addiction issue, should be doing less, or is it currently doing the right amount?

Answer choices:
1. Should be doing more 2. Should be doing less 3. Is doing the right amount

When answering, respond ONLY with a single number that corresponds to the option you choose. Do not include any additional text, punctuation or explanation.

My answer is
",1
fake_1849,1,6,7,1,32,2,2,"Today is November 5, 2024. Racially, I am white. Ideologically, I am conservative. Politically, I am a strong Republican. I attend church. I am 32 years old. I am a woman. I am somewhat interested in politics.. Question: Do you think the federal government should be doing more about the opioid drug addiction issue, should be doing less, or is it currently doing the right amount?

Answer choices:
1. Should be doing more 2. Should be doing less 3. Is doing the right amount

When answering, respond ONLY with a single number that corresponds to the option you choose. Do not include any additional text, punctuation or explanation.

My answer is
",1
fake_1850,1,6,3,2,58,2,2,"Today is November 5, 2024. Racially, I am white. Ideologically, I am conservative. Politically, I am an independent who leans Democratic. I do not attend church. I am 58 years old. I am a woman. I am somewhat interested in politics.. Question: Do you think the federal government should be doing more about the opioid drug addiction issue, should be doing less, or is it currently doing the right amount?

Answer choices:
1. Should be doing more 2. Should be doing less 3. Is doing the right amount

When answering, respond ONLY with a single number that corresponds to the option you choose. Do not include any additional text, punctuation or explanation.

My answer is
",1
fake_1851,1,3,2,1,35,2,-6,"Today is November 5, 2024. Racially, I am white. Ideologically, I am slightly liberal. Politically, I am a weak Democrat. I attend church. I am 35 years old. I am a woman.. Question: Do you think the federal government should be doing more about the opioid drug addiction issue, should be doing less, or is it currently doing the right amount?

Answer choices:
1. Should be doing more 2. Should be doing less 3. Is doing the right amount

When answering, respond ONLY with a single number that corresponds to the option you choose. Do not include any additional text, punctuation or explanation.

My answer is
",1
fake_1852,1,4,3,1,21,2,-6,"Today is November 5, 2024. Racially, I am white. Ideologically, I am moderate. Politically, I am an independent who leans Democratic. I attend church. I am 21 years old. I am a woman.. Question: Do you think the federal government should be doing more about the opioid drug addiction issue, should be doing less, or is it currently doing the right amount?

Answer choices:
1. Should be doing more 2. Should be doing less 3. Is doing the right amount

When answering, respond ONLY with a single number that corresponds to the option you choose. Do not include any additional text, punctuation or explanation.

My answer is
",1
fake_1853,3,3,7,1,80,1,3,"Today is November 5, 2024. Racially, I am hispanic. Ideologically, I am slightly liberal. Politically, I am a strong Republican. I attend church. I am 80 years old. I am a man. I am not very interested in politics.. Question: Do you think the federal government should be doing more about the opioid drug addiction issue, should be doing less, or is it currently doing the right amount?

Answer choices:
1. Should be doing more 2. Should be doing less 3. Is doing the right amount

When answering, respond ONLY with a single number that corresponds to the option you choose. Do not include any additional text, punctuation or explanation.

My answer is
",1
fake_1854,2,6,7,2,80,2,2,"Today is November 5, 2024. Racially, I am black. Ideologically, I am conservative. Politically, I am a strong Republican. I do not attend church. I am 80 years old. I am a woman. I am somewhat interested in politics.. Question: Do you think the federal government should be doing more about the opioid drug addiction issue, should be doing less, or is it currently doing the right amount?

Answer choices:
1. Should be doing more 2. Should be doing less 3. Is doing the right amount

When answering, respond ONLY with a single number that corresponds to the option you choose. Do not include any additional text, punctuation or explanation.

My answer is
",1
fake_1855,2,4,5,2,80,2,3,"Today is November 5, 2024. Racially, I am black. Ideologically, I am moderate. Politically, I am an independent who leans Republican. I do not attend church. I am 80 years old. I am a woman. I am not very interested in politics.. Question: Do you think the federal government should be doing more about the opioid drug addiction issue, should be doing less, or is it currently doing the right amount?

Answer choices:
1. Should be doing more 2. Should be doing less 3. Is doing the right amount

When answering, respond ONLY with a single number that corresponds to the option you choose. Do not include any additional text, punctuation or explanation.

My answer is
",1
fake_1856,1,99,7,2,37,2,3,"Today is November 5, 2024. Racially, I am white. Politically, I am a strong Republican. I do not attend church. I am 37 years old. I am a woman. I am not very interested in politics.. Question: Do you think the federal government should be doing more about the opioid drug addiction issue, should be doing less, or is it currently doing the right amount?

Answer choices:
1. Should be doing more 2. Should be doing less 3. Is doing the right amount

When answering, respond ONLY with a single number that corresponds to the option you choose. Do not include any additional text, punctuation or explanation.

My answer is
",1
fake_1857,1,4,4,2,40,1,1,"Today is November 5, 2024. Racially, I am white. Ideologically, I am moderate. Politically, I am an independent. I do not attend church. I am 40 years old. I am a man. I am very interested in politics.. Question: Do you think the federal government should be doing more about the opioid drug addiction issue, should be doing less, or is it currently doing the right amount?

Answer choices:
1. Should be doing more 2. Should be doing less 3. Is doing the right amount

When answering, respond ONLY with a single number that corresponds to the option you choose. Do not include any additional text, punctuation or explanation.

My answer is
",1
fake_1858,1,6,6,2,22,1,4,"Today is November 5, 2024. Racially, I am white. Ideologically, I am conservative. Politically, I am a weak Republican. I do not attend church. I am 22 years old. I am a man. I am not at all interested in politics.. Question: Do you think the federal government should be doing more about the opioid drug addiction issue, should be doing less, or is it currently doing the right amount?

Answer choices:
1. Should be doing more 2. Should be doing less 3. Is doing the right amount

When answering, respond ONLY with a single number that corresponds to the option you choose. Do not include any additional text, punctuation or explanation.

My answer is
",1
fake_1859,4,2,5,2,80,2,2,"Today is November 5, 2024. Racially, I am asian. Ideologically, I am liberal. Politically, I am an independent who leans Republican. I do not attend church. I am 80 years old. I am a woman. I am somewhat interested in politics.. Question: Do you think the federal government should be doing more about the opioid drug addiction issue, should be doing less, or is it currently doing the right amount?

Answer choices:
1. Should be doing more 2. Should be doing less 3. Is doing the right amount

When answering, respond ONLY with a single number that corresponds to the option you choose. Do not include any additional text, punctuation or explanation.

My answer is
",1
fake_1860,1,4,1,1,66,1,3,"Today is November 5, 2024. Racially, I am white. Ideologically, I am moderate. Politically, I am a strong democrat. I attend church. I am 66 years old. I am a man. I am not very interested in politics.. Question: Do you think the federal government should be doing more about the opioid drug addiction issue, should be doing less, or is it currently doing the right amount?

Answer choices:
1. Should be doing more 2. Should be doing less 3. Is doing the right amount

When answering, respond ONLY with a single number that corresponds to the option you choose. Do not include any additional text, punctuation or explanation.

My answer is
",1
fake_1861,1,7,1,1,-2,2,3,"Today is November 5, 2024. Racially, I am white. Ideologically, I am extremely conservative. Politically, I am a strong democrat. I attend church. I am a woman. I am not very interested in politics.. Question: Do you think the federal government should be doing more about the opioid drug addiction issue, should be doing less, or is it currently doing the right amount?

Answer choices:
1. Should be doing more 2. Should be doing less 3. Is doing the right amount

When answering, respond ONLY with a single number that corresponds to the option you choose. Do not include any additional text, punctuation or explanation.

My answer is
",1
fake_1862,3,6,3,1,50,1,1,"Today is November 5, 2024. Racially, I am hispanic. Ideologically, I am conservative. Politically, I am an independent who leans Democratic. I attend church. I am 50 years old. I am a man. I am very interested in politics.. Question: Do you think the federal government should be doing more about the opioid drug addiction issue, should be doing less, or is it currently doing the right amount?

Answer choices:
1. Should be doing more 2. Should be doing less 3. Is doing the right amount

When answering, respond ONLY with a single number that corresponds to the option you choose. Do not include any additional text, punctuation or explanation.

My answer is
",1
fake_1863,1,4,1,2,80,2,2,"Today is November 5, 2024. Racially, I am white. Ideologically, I am moderate. Politically, I am a strong democrat. I do not attend church. I am 80 years old. I am a woman. I am somewhat interested in politics.. Question: Do you think the federal government should be doing more about the opioid drug addiction issue, should be doing less, or is it currently doing the right amount?

Answer choices:
1. Should be doing more 2. Should be doing less 3. Is doing the right amount

When answering, respond ONLY with a single number that corresponds to the option you choose. Do not include any additional text, punctuation or explanation.

My answer is
",1
fake_1864,2,6,3,2,61,2,2,"Today is November 5, 2024. Racially, I am black. Ideologically, I am conservative. Politically, I am an independent who leans Democratic. I do not attend church. I am 61 years old. I am a woman. I am somewhat interested in politics.. Question: Do you think the federal government should be doing more about the opioid drug addiction issue, should be doing less, or is it currently doing the right amount?

Answer choices:
1. Should be doing more 2. Should be doing less 3. Is doing the right amount

When answering, respond ONLY with a single number that corresponds to the option you choose. Do not include any additional text, punctuation or explanation.

My answer is
",1
fake_1865,2,6,3,1,43,1,3,"Today is November 5, 2024. Racially, I am black. Ideologically, I am conservative. Politically, I am an independent who leans Democratic. I attend church. I am 43 years old. I am a man. I am not very interested in politics.. Question: Do you think the federal government should be doing more about the opioid drug addiction issue, should be doing less, or is it currently doing the right amount?

Answer choices:
1. Should be doing more 2. Should be doing less 3. Is doing the right amount

When answering, respond ONLY with a single number that corresponds to the option you choose. Do not include any additional text, punctuation or explanation.

My answer is
",1
fake_1866,1,6,1,1,56,1,2,"Today is November 5, 2024. Racially, I am white. Ideologically, I am conservative. Politically, I am a strong democrat. I attend church. I am 56 years old. I am a man. I am somewhat interested in politics.. Question: Do you think the federal government should be doing more about the opioid drug addiction issue, should be doing less, or is it currently doing the right amount?

Answer choices:
1. Should be doing more 2. Should be doing less 3. Is doing the right amount

When answering, respond ONLY with a single number that corresponds to the option you choose. Do not include any additional text, punctuation or explanation.

My answer is
",1
fake_1867,1,5,5,2,22,1,2,"Today is November 5, 2024. Racially, I am white. Ideologically, I am slightly conservative. Politically, I am an independent who leans Republican. I do not attend church. I am 22 years old. I am a man. I am somewhat interested in politics.. Question: Do you think the federal government should be doing more about the opioid drug addiction issue, should be doing less, or is it currently doing the right amount?

Answer choices:
1. Should be doing more 2. Should be doing less 3. Is doing the right amount

When answering, respond ONLY with a single number that corresponds to the option you choose. Do not include any additional text, punctuation or explanation.

My answer is
",1
fake_1868,1,4,5,1,69,1,3,"Today is November 5, 2024. Racially, I am white. Ideologically, I am moderate. Politically, I am an independent who leans Republican. I attend church. I am 69 years old. I am a man. I am not very interested in politics.. Question: Do you think the federal government should be doing more about the opioid drug addiction issue, should be doing less, or is it currently doing the right amount?

Answer choices:
1. Should be doing more 2. Should be doing less 3. Is doing the right amount

When answering, respond ONLY with a single number that corresponds to the option you choose. Do not include any additional text, punctuation or explanation.

My answer is
",1
fake_1869,1,7,5,2,63,2,1,"Today is November 5, 2024. Racially, I am white. Ideologically, I am extremely conservative. Politically, I am an independent who leans Republican. I do not attend church. I am 63 years old. I am a woman. I am very interested in politics.. Question: Do you think the federal government should be doing more about the opioid drug addiction issue, should be doing less, or is it currently doing the right amount?

Answer choices:
1. Should be doing more 2. Should be doing less 3. Is doing the right amount

When answering, respond ONLY with a single number that corresponds to the option you choose. Do not include any additional text, punctuation or explanation.

My answer is
",1
fake_1870,1,2,1,2,71,2,1,"Today is November 5, 2024. Racially, I am white. Ideologically, I am liberal. Politically, I am a strong democrat. I do not attend church. I am 71 years old. I am a woman. I am very interested in politics.. Question: Do you think the federal government should be doing more about the opioid drug addiction issue, should be doing less, or is it currently doing the right amount?

Answer choices:
1. Should be doing more 2. Should be doing less 3. Is doing the right amount

When answering, respond ONLY with a single number that corresponds to the option you choose. Do not include any additional text, punctuation or explanation.

My answer is
",1
fake_1871,2,6,7,1,-2,2,1,"Today is November 5, 2024. Racially, I am black. Ideologically, I am conservative. Politically, I am a strong Republican. I attend church. I am a woman. I am very interested in politics.. Question: Do you think the federal government should be doing more about the opioid drug addiction issue, should be doing less, or is it currently doing the right amount?

Answer choices:
1. Should be doing more 2. Should be doing less 3. Is doing the right amount

When answering, respond ONLY with a single number that corresponds to the option you choose. Do not include any additional text, punctuation or explanation.

My answer is
",1
fake_1872,1,3,2,2,18,2,-6,"Today is November 5, 2024. Racially, I am white. Ideologically, I am slightly liberal. Politically, I am a weak Democrat. I do not attend church. I am 18 years old. I am a woman.. Question: Do you think the federal government should be doing more about the opioid drug addiction issue, should be doing less, or is it currently doing the right amount?

Answer choices:
1. Should be doing more 2. Should be doing less 3. Is doing the right amount

When answering, respond ONLY with a single number that corresponds to the option you choose. Do not include any additional text, punctuation or explanation.

My answer is
",1
fake_1873,1,6,7,2,80,2,3,"Today is November 5, 2024. Racially, I am white. Ideologically, I am conservative. Politically, I am a strong Republican. I do not attend church. I am 80 years old. I am a woman. I am not very interested in politics.. Question: Do you think the federal government should be doing more about the opioid drug addiction issue, should be doing less, or is it currently doing the right amount?

Answer choices:
1. Should be doing more 2. Should be doing less 3. Is doing the right amount

When answering, respond ONLY with a single number that corresponds to the option you choose. Do not include any additional text, punctuation or explanation.

My answer is
",1
fake_1874,1,99,6,1,47,1,3,"Today is November 5, 2024. Racially, I am white. Politically, I am a weak Republican. I attend church. I am 47 years old. I am a man. I am not very interested in politics.. Question: Do you think the federal government should be doing more about the opioid drug addiction issue, should be doing less, or is it currently doing the right amount?

Answer choices:
1. Should be doing more 2. Should be doing less 3. Is doing the right amount

When answering, respond ONLY with a single number that corresponds to the option you choose. Do not include any additional text, punctuation or explanation.

My answer is
",1
fake_1875,1,5,6,2,73,2,3,"Today is November 5, 2024. Racially, I am white. Ideologically, I am slightly conservative. Politically, I am a weak Republican. I do not attend church. I am 73 years old. I am a woman. I am not very interested in politics.. Question: Do you think the federal government should be doing more about the opioid drug addiction issue, should be doing less, or is it currently doing the right amount?

Answer choices:
1. Should be doing more 2. Should be doing less 3. Is doing the right amount

When answering, respond ONLY with a single number that corresponds to the option you choose. Do not include any additional text, punctuation or explanation.

My answer is
",1
fake_1876,3,6,6,1,80,2,1,"Today is November 5, 2024. Racially, I am hispanic. Ideologically, I am conservative. Politically, I am a weak Republican. I attend church. I am 80 years old. I am a woman. I am very interested in politics.. Question: Do you think the federal government should be doing more about the opioid drug addiction issue, should be doing less, or is it currently doing the right amount?

Answer choices:
1. Should be doing more 2. Should be doing less 3. Is doing the right amount

When answering, respond ONLY with a single number that corresponds to the option you choose. Do not include any additional text, punctuation or explanation.

My answer is
",1
fake_1877,1,99,1,-1,67,1,2,"Today is November 5, 2024. Racially, I am white. Politically, I am a strong democrat. I am 67 years old. I am a man. I am somewhat interested in politics.. Question: Do you think the federal government should be doing more about the opioid drug addiction issue, should be doing less, or is it currently doing the right amount?

Answer choices:
1. Should be doing more 2. Should be doing less 3. Is doing the right amount

When answering, respond ONLY with a single number that corresponds to the option you choose. Do not include any additional text, punctuation or explanation.

My answer is
",1
fake_1878,1,3,5,1,33,1,-6,"Today is November 5, 2024. Racially, I am white. Ideologically, I am slightly liberal. Politically, I am an independent who leans Republican. I attend church. I am 33 years old. I am a man.. Question: Do you think the federal government should be doing more about the opioid drug addiction issue, should be doing less, or is it currently doing the right amount?

Answer choices:
1. Should be doing more 2. Should be doing less 3. Is doing the right amount

When answering, respond ONLY with a single number that corresponds to the option you choose. Do not include any additional text, punctuation or explanation.

My answer is
",1
fake_1879,1,1,6,2,72,1,2,"Today is November 5, 2024. Racially, I am white. Ideologically, I am extremely liberal. Politically, I am a weak Republican. I do not attend church. I am 72 years old. I am a man. I am somewhat interested in politics.. Question: Do you think the federal government should be doing more about the opioid drug addiction issue, should be doing less, or is it currently doing the right amount?

Answer choices:
1. Should be doing more 2. Should be doing less 3. Is doing the right amount

When answering, respond ONLY with a single number that corresponds to the option you choose. Do not include any additional text, punctuation or explanation.

My answer is
",1
fake_1880,1,2,7,2,32,1,2,"Today is November 5, 2024. Racially, I am white. Ideologically, I am liberal. Politically, I am a strong Republican. I do not attend church. I am 32 years old. I am a man. I am somewhat interested in politics.. Question: Do you think the federal government should be doing more about the opioid drug addiction issue, should be doing less, or is it currently doing the right amount?

Answer choices:
1. Should be doing more 2. Should be doing less 3. Is doing the right amount

When answering, respond ONLY with a single number that corresponds to the option you choose. Do not include any additional text, punctuation or explanation.

My answer is
",1
fake_1881,1,6,1,2,53,2,2,"Today is November 5, 2024. Racially, I am white. Ideologically, I am conservative. Politically, I am a strong democrat. I do not attend church. I am 53 years old. I am a woman. I am somewhat interested in politics.. Question: Do you think the federal government should be doing more about the opioid drug addiction issue, should be doing less, or is it currently doing the right amount?

Answer choices:
1. Should be doing more 2. Should be doing less 3. Is doing the right amount

When answering, respond ONLY with a single number that corresponds to the option you choose. Do not include any additional text, punctuation or explanation.

My answer is
",1
fake_1882,1,99,6,1,38,2,1,"Today is November 5, 2024. Racially, I am white. Politically, I am a weak Republican. I attend church. I am 38 years old. I am a woman. I am very interested in politics.. Question: Do you think the federal government should be doing more about the opioid drug addiction issue, should be doing less, or is it currently doing the right amount?

Answer choices:
1. Should be doing more 2. Should be doing less 3. Is doing the right amount

When answering, respond ONLY with a single number that corresponds to the option you choose. Do not include any additional text, punctuation or explanation.

My answer is
",1
fake_1883,2,1,1,2,71,1,2,"Today is November 5, 2024. Racially, I am black. Ideologically, I am extremely liberal. Politically, I am a strong democrat. I do not attend church. I am 71 years old. I am a man. I am somewhat interested in politics.. Question: Do you think the federal government should be doing more about the opioid drug addiction issue, should be doing less, or is it currently doing the right amount?

Answer choices:
1. Should be doing more 2. Should be doing less 3. Is doing the right amount

When answering, respond ONLY with a single number that corresponds to the option you choose. Do not include any additional text, punctuation or explanation.

My answer is
",1
fake_1884,1,6,2,2,46,2,2,"Today is November 5, 2024. Racially, I am white. Ideologically, I am conservative. Politically, I am a weak Democrat. I do not attend church. I am 46 years old. I am a woman. I am somewhat interested in politics.. Question: Do you think the federal government should be doing more about the opioid drug addiction issue, should be doing less, or is it currently doing the right amount?

Answer choices:
1. Should be doing more 2. Should be doing less 3. Is doing the right amount

When answering, respond ONLY with a single number that corresponds to the option you choose. Do not include any additional text, punctuation or explanation.

My answer is
",1
fake_1885,1,2,5,2,54,2,-5,"Today is November 5, 2024. Racially, I am white. Ideologically, I am liberal. Politically, I am an independent who leans Republican. I do not attend church. I am 54 years old. I am a woman.. Question: Do you think the federal government should be doing more about the opioid drug addiction issue, should be doing less, or is it currently doing the right amount?

Answer choices:
1. Should be doing more 2. Should be doing less 3. Is doing the right amount

When answering, respond ONLY with a single number that corresponds to the option you choose. Do not include any additional text, punctuation or explanation.

My answer is
",1
fake_1886,2,99,5,2,57,2,2,"Today is November 5, 2024. Racially, I am black. Politically, I am an independent who leans Republican. I do not attend church. I am 57 years old. I am a woman. I am somewhat interested in politics.. Question: Do you think the federal government should be doing more about the opioid drug addiction issue, should be doing less, or is it currently doing the right amount?

Answer choices:
1. Should be doing more 2. Should be doing less 3. Is doing the right amount

When answering, respond ONLY with a single number that corresponds to the option you choose. Do not include any additional text, punctuation or explanation.

My answer is
",1
fake_1887,4,99,7,1,39,2,2,"Today is November 5, 2024. Racially, I am asian. Politically, I am a strong Republican. I attend church. I am 39 years old. I am a woman. I am somewhat interested in politics.. Question: Do you think the federal government should be doing more about the opioid drug addiction issue, should be doing less, or is it currently doing the right amount?

Answer choices:
1. Should be doing more 2. Should be doing less 3. Is doing the right amount

When answering, respond ONLY with a single number that corresponds to the option you choose. Do not include any additional text, punctuation or explanation.

My answer is
",1
fake_1888,1,6,1,2,56,2,4,"Today is November 5, 2024. Racially, I am white. Ideologically, I am conservative. Politically, I am a strong democrat. I do not attend church. I am 56 years old. I am a woman. I am not at all interested in politics.. Question: Do you think the federal government should be doing more about the opioid drug addiction issue, should be doing less, or is it currently doing the right amount?

Answer choices:
1. Should be doing more 2. Should be doing less 3. Is doing the right amount

When answering, respond ONLY with a single number that corresponds to the option you choose. Do not include any additional text, punctuation or explanation.

My answer is
",1
fake_1889,1,2,4,2,47,1,2,"Today is November 5, 2024. Racially, I am white. Ideologically, I am liberal. Politically, I am an independent. I do not attend church. I am 47 years old. I am a man. I am somewhat interested in politics.. Question: Do you think the federal government should be doing more about the opioid drug addiction issue, should be doing less, or is it currently doing the right amount?

Answer choices:
1. Should be doing more 2. Should be doing less 3. Is doing the right amount

When answering, respond ONLY with a single number that corresponds to the option you choose. Do not include any additional text, punctuation or explanation.

My answer is
",1
fake_1890,1,5,3,1,80,2,3,"Today is November 5, 2024. Racially, I am white. Ideologically, I am slightly conservative. Politically, I am an independent who leans Democratic. I attend church. I am 80 years old. I am a woman. I am not very interested in politics.. Question: Do you think the federal government should be doing more about the opioid drug addiction issue, should be doing less, or is it currently doing the right amount?

Answer choices:
1. Should be doing more 2. Should be doing less 3. Is doing the right amount

When answering, respond ONLY with a single number that corresponds to the option you choose. Do not include any additional text, punctuation or explanation.

My answer is
",1
fake_1891,4,4,4,2,27,2,4,"Today is November 5, 2024. Racially, I am asian. Ideologically, I am moderate. Politically, I am an independent. I do not attend church. I am 27 years old. I am a woman. I am not at all interested in politics.. Question: Do you think the federal government should be doing more about the opioid drug addiction issue, should be doing less, or is it currently doing the right amount?

Answer choices:
1. Should be doing more 2. Should be doing less 3. Is doing the right amount

When answering, respond ONLY with a single number that corresponds to the option you choose. Do not include any additional text, punctuation or explanation.

My answer is
",1
fake_1892,1,2,2,2,65,1,2,"Today is November 5, 2024. Racially, I am white. Ideologically, I am liberal. Politically, I am a weak Democrat. I do not attend church. I am 65 years old. I am a man. I am somewhat interested in politics.. Question: Do you think the federal government should be doing more about the opioid drug addiction issue, should be doing less, or is it currently doing the right amount?

Answer choices:
1. Should be doing more 2. Should be doing less 3. Is doing the right amount

When answering, respond ONLY with a single number that corresponds to the option you choose. Do not include any additional text, punctuation or explanation.

My answer is
",1
fake_1893,1,99,1,-1,44,1,3,"Today is November 5, 2024. Racially, I am white. Politically, I am a strong democrat. I am 44 years old. I am a man. I am not very interested in politics.. Question: Do you think the federal government should be doing more about the opioid drug addiction issue, should be doing less, or is it currently doing the right amount?

Answer choices:
1. Should be doing more 2. Should be doing less 3. Is doing the right amount

When answering, respond ONLY with a single number that corresponds to the option you choose. Do not include any additional text, punctuation or explanation.

My answer is
",1
fake_1894,-9,5,4,1,59,1,1,"Today is November 5, 2024. Ideologically, I am slightly conservative. Politically, I am an independent. I attend church. I am 59 years old. I am a man. I am very interested in politics.. Question: Do you think the federal government should be doing more about the opioid drug addiction issue, should be doing less, or is it currently doing the right amount?

Answer choices:
1. Should be doing more 2. Should be doing less 3. Is doing the right amount

When answering, respond ONLY with a single number that corresponds to the option you choose. Do not include any additional text, punctuation or explanation.

My answer is
",1
fake_1895,3,4,5,1,39,2,2,"Today is November 5, 2024. Racially, I am hispanic. Ideologically, I am moderate. Politically, I am an independent who leans Republican. I attend church. I am 39 years old. I am a woman. I am somewhat interested in politics.. Question: Do you think the federal government should be doing more about the opioid drug addiction issue, should be doing less, or is it currently doing the right amount?

Answer choices:
1. Should be doing more 2. Should be doing less 3. Is doing the right amount

When answering, respond ONLY with a single number that corresponds to the option you choose. Do not include any additional text, punctuation or explanation.

My answer is
",1
fake_1896,1,7,1,2,-2,2,1,"Today is November 5, 2024. Racially, I am white. Ideologically, I am extremely conservative. Politically, I am a strong democrat. I do not attend church. I am a woman. I am very interested in politics.. Question: Do you think the federal government should be doing more about the opioid drug addiction issue, should be doing less, or is it currently doing the right amount?

Answer choices:
1. Should be doing more 2. Should be doing less 3. Is doing the right amount

When answering, respond ONLY with a single number that corresponds to the option you choose. Do not include any additional text, punctuation or explanation.

My answer is
",1
fake_1897,3,1,1,2,70,1,3,"Today is November 5, 2024. Racially, I am hispanic. Ideologically, I am extremely liberal. Politically, I am a strong democrat. I do not attend church. I am 70 years old. I am a man. I am not very interested in politics.. Question: Do you think the federal government should be doing more about the opioid drug addiction issue, should be doing less, or is it currently doing the right amount?

Answer choices:
1. Should be doing more 2. Should be doing less 3. Is doing the right amount

When answering, respond ONLY with a single number that corresponds to the option you choose. Do not include any additional text, punctuation or explanation.

My answer is
",1
fake_1898,1,7,2,2,49,1,1,"Today is November 5, 2024. Racially, I am white. Ideologically, I am extremely conservative. Politically, I am a weak Democrat. I do not attend church. I am 49 years old. I am a man. I am very interested in politics.. Question: Do you think the federal government should be doing more about the opioid drug addiction issue, should be doing less, or is it currently doing the right amount?

Answer choices:
1. Should be doing more 2. Should be doing less 3. Is doing the right amount

When answering, respond ONLY with a single number that corresponds to the option you choose. Do not include any additional text, punctuation or explanation.

My answer is
",1
fake_1899,3,99,4,2,76,2,1,"Today is November 5, 2024. Racially, I am hispanic. Politically, I am an independent. I do not attend church. I am 76 years old. I am a woman. I am very interested in politics.. Question: Do you think the federal government should be doing more about the opioid drug addiction issue, should be doing less, or is it currently doing the right amount?

Answer choices:
1. Should be doing more 2. Should be doing less 3. Is doing the right amount

When answering, respond ONLY with a single number that corresponds to the option you choose. Do not include any additional text, punctuation or explanation.

My answer is
",1
fake_1900,6,3,4,1,60,2,-6,"Today is November 5, 2024. Ideologically, I am slightly liberal. Politically, I am an independent. I attend church. I am 60 years old. I am a woman.. Question: Do you think the federal government should be doing more about the opioid drug addiction issue, should be doing less, or is it currently doing the right amount?

Answer choices:
1. Should be doing more 2. Should be doing less 3. Is doing the right amount

When answering, respond ONLY with a single number that corresponds to the option you choose. Do not include any additional text, punctuation or explanation.

My answer is
",1
fake_1901,1,99,6,1,47,1,4,"Today is November 5, 2024. Racially, I am white. Politically, I am a weak Republican. I attend church. I am 47 years old. I am a man. I am not at all interested in politics.. Question: Do you think the federal government should be doing more about the opioid drug addiction issue, should be doing less, or is it currently doing the right amount?

Answer choices:
1. Should be doing more 2. Should be doing less 3. Is doing the right amount

When answering, respond ONLY with a single number that corresponds to the option you choose. Do not include any additional text, punctuation or explanation.

My answer is
",1
fake_1902,3,4,6,2,41,1,-6,"Today is November 5, 2024. Racially, I am hispanic. Ideologically, I am moderate. Politically, I am a weak Republican. I do not attend church. I am 41 years old. I am a man.. Question: Do you think the federal government should be doing more about the opioid drug addiction issue, should be doing less, or is it currently doing the right amount?

Answer choices:
1. Should be doing more 2. Should be doing less 3. Is doing the right amount

When answering, respond ONLY with a single number that corresponds to the option you choose. Do not include any additional text, punctuation or explanation.

My answer is
",1
fake_1903,1,99,2,2,69,1,3,"Today is November 5, 2024. Racially, I am white. Politically, I am a weak Democrat. I do not attend church. I am 69 years old. I am a man. I am not very interested in politics.. Question: Do you think the federal government should be doing more about the opioid drug addiction issue, should be doing less, or is it currently doing the right amount?

Answer choices:
1. Should be doing more 2. Should be doing less 3. Is doing the right amount

When answering, respond ONLY with a single number that corresponds to the option you choose. Do not include any additional text, punctuation or explanation.

My answer is
",1
fake_1904,1,4,7,1,49,2,4,"Today is November 5, 2024. Racially, I am white. Ideologically, I am moderate. Politically, I am a strong Republican. I attend church. I am 49 years old. I am a woman. I am not at all interested in politics.. Question: Do you think the federal government should be doing more about the opioid drug addiction issue, should be doing less, or is it currently doing the right amount?

Answer choices:
1. Should be doing more 2. Should be doing less 3. Is doing the right amount

When answering, respond ONLY with a single number that corresponds to the option you choose. Do not include any additional text, punctuation or explanation.

My answer is
",1
fake_1905,1,4,2,1,68,1,2,"Today is November 5, 2024. Racially, I am white. Ideologically, I am moderate. Politically, I am a weak Democrat. I attend church. I am 68 years old. I am a man. I am somewhat interested in politics.. Question: Do you think the federal government should be doing more about the opioid drug addiction issue, should be doing less, or is it currently doing the right amount?

Answer choices:
1. Should be doing more 2. Should be doing less 3. Is doing the right amount

When answering, respond ONLY with a single number that corresponds to the option you choose. Do not include any additional text, punctuation or explanation.

My answer is
",1
fake_1906,1,99,5,1,39,1,-6,"Today is November 5, 2024. Racially, I am white. Politically, I am an independent who leans Republican. I attend church. I am 39 years old. I am a man.. Question: Do you think the federal government should be doing more about the opioid drug addiction issue, should be doing less, or is it currently doing the right amount?

Answer choices:
1. Should be doing more 2. Should be doing less 3. Is doing the right amount

When answering, respond ONLY with a single number that corresponds to the option you choose. Do not include any additional text, punctuation or explanation.

My answer is
",1
fake_1907,1,6,1,2,76,1,2,"Today is November 5, 2024. Racially, I am white. Ideologically, I am conservative. Politically, I am a strong democrat. I do not attend church. I am 76 years old. I am a man. I am somewhat interested in politics.. Question: Do you think the federal government should be doing more about the opioid drug addiction issue, should be doing less, or is it currently doing the right amount?

Answer choices:
1. Should be doing more 2. Should be doing less 3. Is doing the right amount

When answering, respond ONLY with a single number that corresponds to the option you choose. Do not include any additional text, punctuation or explanation.

My answer is
",1
fake_1908,2,99,4,1,42,2,3,"Today is November 5, 2024. Racially, I am black. Politically, I am an independent. I attend church. I am 42 years old. I am a woman. I am not very interested in politics.. Question: Do you think the federal government should be doing more about the opioid drug addiction issue, should be doing less, or is it currently doing the right amount?

Answer choices:
1. Should be doing more 2. Should be doing less 3. Is doing the right amount

When answering, respond ONLY with a single number that corresponds to the option you choose. Do not include any additional text, punctuation or explanation.

My answer is
",1
fake_1909,1,2,5,2,27,1,2,"Today is November 5, 2024. Racially, I am white. Ideologically, I am liberal. Politically, I am an independent who leans Republican. I do not attend church. I am 27 years old. I am a man. I am somewhat interested in politics.. Question: Do you think the federal government should be doing more about the opioid drug addiction issue, should be doing less, or is it currently doing the right amount?

Answer choices:
1. Should be doing more 2. Should be doing less 3. Is doing the right amount

When answering, respond ONLY with a single number that corresponds to the option you choose. Do not include any additional text, punctuation or explanation.

My answer is
",1
fake_1910,1,99,6,1,77,2,2,"Today is November 5, 2024. Racially, I am white. Politically, I am a weak Republican. I attend church. I am 77 years old. I am a woman. I am somewhat interested in politics.. Question: Do you think the federal government should be doing more about the opioid drug addiction issue, should be doing less, or is it currently doing the right amount?

Answer choices:
1. Should be doing more 2. Should be doing less 3. Is doing the right amount

When answering, respond ONLY with a single number that corresponds to the option you choose. Do not include any additional text, punctuation or explanation.

My answer is
",1
fake_1911,1,4,7,1,44,2,1,"Today is November 5, 2024. Racially, I am white. Ideologically, I am moderate. Politically, I am a strong Republican. I attend church. I am 44 years old. I am a woman. I am very interested in politics.. Question: Do you think the federal government should be doing more about the opioid drug addiction issue, should be doing less, or is it currently doing the right amount?

Answer choices:
1. Should be doing more 2. Should be doing less 3. Is doing the right amount

When answering, respond ONLY with a single number that corresponds to the option you choose. Do not include any additional text, punctuation or explanation.

My answer is
",1
fake_1912,2,1,1,2,70,2,2,"Today is November 5, 2024. Racially, I am black. Ideologically, I am extremely liberal. Politically, I am a strong democrat. I do not attend church. I am 70 years old. I am a woman. I am somewhat interested in politics.. Question: Do you think the federal government should be doing more about the opioid drug addiction issue, should be doing less, or is it currently doing the right amount?

Answer choices:
1. Should be doing more 2. Should be doing less 3. Is doing the right amount

When answering, respond ONLY with a single number that corresponds to the option you choose. Do not include any additional text, punctuation or explanation.

My answer is
",1
fake_1913,1,99,1,2,73,1,1,"Today is November 5, 2024. Racially, I am white. Politically, I am a strong democrat. I do not attend church. I am 73 years old. I am a man. I am very interested in politics.. Question: Do you think the federal government should be doing more about the opioid drug addiction issue, should be doing less, or is it currently doing the right amount?

Answer choices:
1. Should be doing more 2. Should be doing less 3. Is doing the right amount

When answering, respond ONLY with a single number that corresponds to the option you choose. Do not include any additional text, punctuation or explanation.

My answer is
",1
fake_1914,1,4,7,1,22,1,2,"Today is November 5, 2024. Racially, I am white. Ideologically, I am moderate. Politically, I am a strong Republican. I attend church. I am 22 years old. I am a man. I am somewhat interested in politics.. Question: Do you think the federal government should be doing more about the opioid drug addiction issue, should be doing less, or is it currently doing the right amount?

Answer choices:
1. Should be doing more 2. Should be doing less 3. Is doing the right amount

When answering, respond ONLY with a single number that corresponds to the option you choose. Do not include any additional text, punctuation or explanation.

My answer is
",1
fake_1915,1,1,6,2,76,2,2,"Today is November 5, 2024. Racially, I am white. Ideologically, I am extremely liberal. Politically, I am a weak Republican. I do not attend church. I am 76 years old. I am a woman. I am somewhat interested in politics.. Question: Do you think the federal government should be doing more about the opioid drug addiction issue, should be doing less, or is it currently doing the right amount?

Answer choices:
1. Should be doing more 2. Should be doing less 3. Is doing the right amount

When answering, respond ONLY with a single number that corresponds to the option you choose. Do not include any additional text, punctuation or explanation.

My answer is
",1
fake_1916,1,1,2,2,40,2,2,"Today is November 5, 2024. Racially, I am white. Ideologically, I am extremely liberal. Politically, I am a weak Democrat. I do not attend church. I am 40 years old. I am a woman. I am somewhat interested in politics.. Question: Do you think the federal government should be doing more about the opioid drug addiction issue, should be doing less, or is it currently doing the right amount?

Answer choices:
1. Should be doing more 2. Should be doing less 3. Is doing the right amount

When answering, respond ONLY with a single number that corresponds to the option you choose. Do not include any additional text, punctuation or explanation.

My answer is
",1
fake_1917,2,6,7,-1,36,2,1,"Today is November 5, 2024. Racially, I am black. Ideologically, I am conservative. Politically, I am a strong Republican. I am 36 years old. I am a woman. I am very interested in politics.. Question: Do you think the federal government should be doing more about the opioid drug addiction issue, should be doing less, or is it currently doing the right amount?

Answer choices:
1. Should be doing more 2. Should be doing less 3. Is doing the right amount

When answering, respond ONLY with a single number that corresponds to the option you choose. Do not include any additional text, punctuation or explanation.

My answer is
",1
fake_1918,1,99,1,1,39,1,2,"Today is November 5, 2024. Racially, I am white. Politically, I am a strong democrat. I attend church. I am 39 years old. I am a man. I am somewhat interested in politics.. Question: Do you think the federal government should be doing more about the opioid drug addiction issue, should be doing less, or is it currently doing the right amount?

Answer choices:
1. Should be doing more 2. Should be doing less 3. Is doing the right amount

When answering, respond ONLY with a single number that corresponds to the option you choose. Do not include any additional text, punctuation or explanation.

My answer is
",1
fake_1919,1,4,1,2,51,1,2,"Today is November 5, 2024. Racially, I am white. Ideologically, I am moderate. Politically, I am a strong democrat. I do not attend church. I am 51 years old. I am a man. I am somewhat interested in politics.. Question: Do you think the federal government should be doing more about the opioid drug addiction issue, should be doing less, or is it currently doing the right amount?

Answer choices:
1. Should be doing more 2. Should be doing less 3. Is doing the right amount

When answering, respond ONLY with a single number that corresponds to the option you choose. Do not include any additional text, punctuation or explanation.

My answer is
",1
fake_1920,4,5,1,2,64,2,-6,"Today is November 5, 2024. Racially, I am asian. Ideologically, I am slightly conservative. Politically, I am a strong democrat. I do not attend church. I am 64 years old. I am a woman.. Question: Do you think the federal government should be doing more about the opioid drug addiction issue, should be doing less, or is it currently doing the right amount?

Answer choices:
1. Should be doing more 2. Should be doing less 3. Is doing the right amount

When answering, respond ONLY with a single number that corresponds to the option you choose. Do not include any additional text, punctuation or explanation.

My answer is
",1
fake_1921,1,2,5,1,21,1,1,"Today is November 5, 2024. Racially, I am white. Ideologically, I am liberal. Politically, I am an independent who leans Republican. I attend church. I am 21 years old. I am a man. I am very interested in politics.. Question: Do you think the federal government should be doing more about the opioid drug addiction issue, should be doing less, or is it currently doing the right amount?

Answer choices:
1. Should be doing more 2. Should be doing less 3. Is doing the right amount

When answering, respond ONLY with a single number that corresponds to the option you choose. Do not include any additional text, punctuation or explanation.

My answer is
",1
fake_1922,1,2,1,1,40,2,2,"Today is November 5, 2024. Racially, I am white. Ideologically, I am liberal. Politically, I am a strong democrat. I attend church. I am 40 years old. I am a woman. I am somewhat interested in politics.. Question: Do you think the federal government should be doing more about the opioid drug addiction issue, should be doing less, or is it currently doing the right amount?

Answer choices:
1. Should be doing more 2. Should be doing less 3. Is doing the right amount

When answering, respond ONLY with a single number that corresponds to the option you choose. Do not include any additional text, punctuation or explanation.

My answer is
",1
fake_1923,1,3,1,1,66,1,2,"Today is November 5, 2024. Racially, I am white. Ideologically, I am slightly liberal. Politically, I am a strong democrat. I attend church. I am 66 years old. I am a man. I am somewhat interested in politics.. Question: Do you think the federal government should be doing more about the opioid drug addiction issue, should be doing less, or is it currently doing the right amount?

Answer choices:
1. Should be doing more 2. Should be doing less 3. Is doing the right amount

When answering, respond ONLY with a single number that corresponds to the option you choose. Do not include any additional text, punctuation or explanation.

My answer is
",1
fake_1924,1,2,2,1,54,1,1,"Today is November 5, 2024. Racially, I am white. Ideologically, I am liberal. Politically, I am a weak Democrat. I attend church. I am 54 years old. I am a man. I am very interested in politics.. Question: Do you think the federal government should be doing more about the opioid drug addiction issue, should be doing less, or is it currently doing the right amount?

Answer choices:
1. Should be doing more 2. Should be doing less 3. Is doing the right amount

When answering, respond ONLY with a single number that corresponds to the option you choose. Do not include any additional text, punctuation or explanation.

My answer is
",1
fake_1925,1,6,2,2,18,1,-6,"Today is November 5, 2024. Racially, I am white. Ideologically, I am conservative. Politically, I am a weak Democrat. I do not attend church. I am 18 years old. I am a man.. Question: Do you think the federal government should be doing more about the opioid drug addiction issue, should be doing less, or is it currently doing the right amount?

Answer choices:
1. Should be doing more 2. Should be doing less 3. Is doing the right amount

When answering, respond ONLY with a single number that corresponds to the option you choose. Do not include any additional text, punctuation or explanation.

My answer is
",1
fake_1926,1,6,3,1,32,1,2,"Today is November 5, 2024. Racially, I am white. Ideologically, I am conservative. Politically, I am an independent who leans Democratic. I attend church. I am 32 years old. I am a man. I am somewhat interested in politics.. Question: Do you think the federal government should be doing more about the opioid drug addiction issue, should be doing less, or is it currently doing the right amount?

Answer choices:
1. Should be doing more 2. Should be doing less 3. Is doing the right amount

When answering, respond ONLY with a single number that corresponds to the option you choose. Do not include any additional text, punctuation or explanation.

My answer is
",1
fake_1927,1,5,2,1,70,2,1,"Today is November 5, 2024. Racially, I am white. Ideologically, I am slightly conservative. Politically, I am a weak Democrat. I attend church. I am 70 years old. I am a woman. I am very interested in politics.. Question: Do you think the federal government should be doing more about the opioid drug addiction issue, should be doing less, or is it currently doing the right amount?

Answer choices:
1. Should be doing more 2. Should be doing less 3. Is doing the right amount

When answering, respond ONLY with a single number that corresponds to the option you choose. Do not include any additional text, punctuation or explanation.

My answer is
",1
fake_1928,3,2,2,2,38,1,-6,"Today is November 5, 2024. Racially, I am hispanic. Ideologically, I am liberal. Politically, I am a weak Democrat. I do not attend church. I am 38 years old. I am a man.. Question: Do you think the federal government should be doing more about the opioid drug addiction issue, should be doing less, or is it currently doing the right amount?

Answer choices:
1. Should be doing more 2. Should be doing less 3. Is doing the right amount

When answering, respond ONLY with a single number that corresponds to the option you choose. Do not include any additional text, punctuation or explanation.

My answer is
",1
fake_1929,2,99,5,2,39,1,-6,"Today is November 5, 2024. Racially, I am black. Politically, I am an independent who leans Republican. I do not attend church. I am 39 years old. I am a man.. Question: Do you think the federal government should be doing more about the opioid drug addiction issue, should be doing less, or is it currently doing the right amount?

Answer choices:
1. Should be doing more 2. Should be doing less 3. Is doing the right amount

When answering, respond ONLY with a single number that corresponds to the option you choose. Do not include any additional text, punctuation or explanation.

My answer is
",1
fake_1930,1,4,7,2,40,1,3,"Today is November 5, 2024. Racially, I am white. Ideologically, I am moderate. Politically, I am a strong Republican. I do not attend church. I am 40 years old. I am a man. I am not very interested in politics.. Question: Do you think the federal government should be doing more about the opioid drug addiction issue, should be doing less, or is it currently doing the right amount?

Answer choices:
1. Should be doing more 2. Should be doing less 3. Is doing the right amount

When answering, respond ONLY with a single number that corresponds to the option you choose. Do not include any additional text, punctuation or explanation.

My answer is
",1
fake_1931,1,4,2,2,30,2,1,"Today is November 5, 2024. Racially, I am white. Ideologically, I am moderate. Politically, I am a weak Democrat. I do not attend church. I am 30 years old. I am a woman. I am very interested in politics.. Question: Do you think the federal government should be doing more about the opioid drug addiction issue, should be doing less, or is it currently doing the right amount?

Answer choices:
1. Should be doing more 2. Should be doing less 3. Is doing the right amount

When answering, respond ONLY with a single number that corresponds to the option you choose. Do not include any additional text, punctuation or explanation.

My answer is
",1
fake_1932,1,4,2,1,80,2,4,"Today is November 5, 2024. Racially, I am white. Ideologically, I am moderate. Politically, I am a weak Democrat. I attend church. I am 80 years old. I am a woman. I am not at all interested in politics.. Question: Do you think the federal government should be doing more about the opioid drug addiction issue, should be doing less, or is it currently doing the right amount?

Answer choices:
1. Should be doing more 2. Should be doing less 3. Is doing the right amount

When answering, respond ONLY with a single number that corresponds to the option you choose. Do not include any additional text, punctuation or explanation.

My answer is
",1
fake_1933,2,3,1,2,26,2,3,"Today is November 5, 2024. Racially, I am black. Ideologically, I am slightly liberal. Politically, I am a strong democrat. I do not attend church. I am 26 years old. I am a woman. I am not very interested in politics.. Question: Do you think the federal government should be doing more about the opioid drug addiction issue, should be doing less, or is it currently doing the right amount?

Answer choices:
1. Should be doing more 2. Should be doing less 3. Is doing the right amount

When answering, respond ONLY with a single number that corresponds to the option you choose. Do not include any additional text, punctuation or explanation.

My answer is
",1
fake_1934,1,2,6,1,32,1,2,"Today is November 5, 2024. Racially, I am white. Ideologically, I am liberal. Politically, I am a weak Republican. I attend church. I am 32 years old. I am a man. I am somewhat interested in politics.. Question: Do you think the federal government should be doing more about the opioid drug addiction issue, should be doing less, or is it currently doing the right amount?

Answer choices:
1. Should be doing more 2. Should be doing less 3. Is doing the right amount

When answering, respond ONLY with a single number that corresponds to the option you choose. Do not include any additional text, punctuation or explanation.

My answer is
",1
fake_1935,1,6,1,2,71,2,1,"Today is November 5, 2024. Racially, I am white. Ideologically, I am conservative. Politically, I am a strong democrat. I do not attend church. I am 71 years old. I am a woman. I am very interested in politics.. Question: Do you think the federal government should be doing more about the opioid drug addiction issue, should be doing less, or is it currently doing the right amount?

Answer choices:
1. Should be doing more 2. Should be doing less 3. Is doing the right amount

When answering, respond ONLY with a single number that corresponds to the option you choose. Do not include any additional text, punctuation or explanation.

My answer is
",1
fake_1936,2,3,7,1,56,2,2,"Today is November 5, 2024. Racially, I am black. Ideologically, I am slightly liberal. Politically, I am a strong Republican. I attend church. I am 56 years old. I am a woman. I am somewhat interested in politics.. Question: Do you think the federal government should be doing more about the opioid drug addiction issue, should be doing less, or is it currently doing the right amount?

Answer choices:
1. Should be doing more 2. Should be doing less 3. Is doing the right amount

When answering, respond ONLY with a single number that corresponds to the option you choose. Do not include any additional text, punctuation or explanation.

My answer is
",1
fake_1937,1,4,6,1,54,2,2,"Today is November 5, 2024. Racially, I am white. Ideologically, I am moderate. Politically, I am a weak Republican. I attend church. I am 54 years old. I am a woman. I am somewhat interested in politics.. Question: Do you think the federal government should be doing more about the opioid drug addiction issue, should be doing less, or is it currently doing the right amount?

Answer choices:
1. Should be doing more 2. Should be doing less 3. Is doing the right amount

When answering, respond ONLY with a single number that corresponds to the option you choose. Do not include any additional text, punctuation or explanation.

My answer is
",1
fake_1938,1,2,5,1,73,1,2,"Today is November 5, 2024. Racially, I am white. Ideologically, I am liberal. Politically, I am an independent who leans Republican. I attend church. I am 73 years old. I am a man. I am somewhat interested in politics.. Question: Do you think the federal government should be doing more about the opioid drug addiction issue, should be doing less, or is it currently doing the right amount?

Answer choices:
1. Should be doing more 2. Should be doing less 3. Is doing the right amount

When answering, respond ONLY with a single number that corresponds to the option you choose. Do not include any additional text, punctuation or explanation.

My answer is
",1
fake_1939,1,6,2,1,34,1,2,"Today is November 5, 2024. Racially, I am white. Ideologically, I am conservative. Politically, I am a weak Democrat. I attend church. I am 34 years old. I am a man. I am somewhat interested in politics.. Question: Do you think the federal government should be doing more about the opioid drug addiction issue, should be doing less, or is it currently doing the right amount?

Answer choices:
1. Should be doing more 2. Should be doing less 3. Is doing the right amount

When answering, respond ONLY with a single number that corresponds to the option you choose. Do not include any additional text, punctuation or explanation.

My answer is
",1
fake_1940,1,5,1,2,25,1,2,"Today is November 5, 2024. Racially, I am white. Ideologically, I am slightly conservative. Politically, I am a strong democrat. I do not attend church. I am 25 years old. I am a man. I am somewhat interested in politics.. Question: Do you think the federal government should be doing more about the opioid drug addiction issue, should be doing less, or is it currently doing the right amount?

Answer choices:
1. Should be doing more 2. Should be doing less 3. Is doing the right amount

When answering, respond ONLY with a single number that corresponds to the option you choose. Do not include any additional text, punctuation or explanation.

My answer is
",1
fake_1941,1,1,1,2,66,1,2,"Today is November 5, 2024. Racially, I am white. Ideologically, I am extremely liberal. Politically, I am a strong democrat. I do not attend church. I am 66 years old. I am a man. I am somewhat interested in politics.. Question: Do you think the federal government should be doing more about the opioid drug addiction issue, should be doing less, or is it currently doing the right amount?

Answer choices:
1. Should be doing more 2. Should be doing less 3. Is doing the right amount

When answering, respond ONLY with a single number that corresponds to the option you choose. Do not include any additional text, punctuation or explanation.

My answer is
",1
fake_1942,1,2,7,1,50,1,2,"Today is November 5, 2024. Racially, I am white. Ideologically, I am liberal. Politically, I am a strong Republican. I attend church. I am 50 years old. I am a man. I am somewhat interested in politics.. Question: Do you think the federal government should be doing more about the opioid drug addiction issue, should be doing less, or is it currently doing the right amount?

Answer choices:
1. Should be doing more 2. Should be doing less 3. Is doing the right amount

When answering, respond ONLY with a single number that corresponds to the option you choose. Do not include any additional text, punctuation or explanation.

My answer is
",1
fake_1943,1,2,7,1,56,2,1,"Today is November 5, 2024. Racially, I am white. Ideologically, I am liberal. Politically, I am a strong Republican. I attend church. I am 56 years old. I am a woman. I am very interested in politics.. Question: Do you think the federal government should be doing more about the opioid drug addiction issue, should be doing less, or is it currently doing the right amount?

Answer choices:
1. Should be doing more 2. Should be doing less 3. Is doing the right amount

When answering, respond ONLY with a single number that corresponds to the option you choose. Do not include any additional text, punctuation or explanation.

My answer is
",1
fake_1944,1,99,7,2,43,1,4,"Today is November 5, 2024. Racially, I am white. Politically, I am a strong Republican. I do not attend church. I am 43 years old. I am a man. I am not at all interested in politics.. Question: Do you think the federal government should be doing more about the opioid drug addiction issue, should be doing less, or is it currently doing the right amount?

Answer choices:
1. Should be doing more 2. Should be doing less 3. Is doing the right amount

When answering, respond ONLY with a single number that corresponds to the option you choose. Do not include any additional text, punctuation or explanation.

My answer is
",2
fake_1945,1,99,4,1,60,1,2,"Today is November 5, 2024. Racially, I am white. Politically, I am an independent. I attend church. I am 60 years old. I am a man. I am somewhat interested in politics.. Question: Do you think the federal government should be doing more about the opioid drug addiction issue, should be doing less, or is it currently doing the right amount?

Answer choices:
1. Should be doing more 2. Should be doing less 3. Is doing the right amount

When answering, respond ONLY with a single number that corresponds to the option you choose. Do not include any additional text, punctuation or explanation.

My answer is
",1
fake_1946,3,2,3,2,59,2,2,"Today is November 5, 2024. Racially, I am hispanic. Ideologically, I am liberal. Politically, I am an independent who leans Democratic. I do not attend church. I am 59 years old. I am a woman. I am somewhat interested in politics.. Question: Do you think the federal government should be doing more about the opioid drug addiction issue, should be doing less, or is it currently doing the right amount?

Answer choices:
1. Should be doing more 2. Should be doing less 3. Is doing the right amount

When answering, respond ONLY with a single number that corresponds to the option you choose. Do not include any additional text, punctuation or explanation.

My answer is
",1
fake_1947,1,4,1,1,72,1,1,"Today is November 5, 2024. Racially, I am white. Ideologically, I am moderate. Politically, I am a strong democrat. I attend church. I am 72 years old. I am a man. I am very interested in politics.. Question: Do you think the federal government should be doing more about the opioid drug addiction issue, should be doing less, or is it currently doing the right amount?

Answer choices:
1. Should be doing more 2. Should be doing less 3. Is doing the right amount

When answering, respond ONLY with a single number that corresponds to the option you choose. Do not include any additional text, punctuation or explanation.

My answer is
",1
fake_1948,3,4,2,2,58,2,2,"Today is November 5, 2024. Racially, I am hispanic. Ideologically, I am moderate. Politically, I am a weak Democrat. I do not attend church. I am 58 years old. I am a woman. I am somewhat interested in politics.. Question: Do you think the federal government should be doing more about the opioid drug addiction issue, should be doing less, or is it currently doing the right amount?

Answer choices:
1. Should be doing more 2. Should be doing less 3. Is doing the right amount

When answering, respond ONLY with a single number that corresponds to the option you choose. Do not include any additional text, punctuation or explanation.

My answer is
",1
fake_1949,1,99,4,1,36,2,2,"Today is November 5, 2024. Racially, I am white. Politically, I am an independent. I attend church. I am 36 years old. I am a woman. I am somewhat interested in politics.. Question: Do you think the federal government should be doing more about the opioid drug addiction issue, should be doing less, or is it currently doing the right amount?

Answer choices:
1. Should be doing more 2. Should be doing less 3. Is doing the right amount

When answering, respond ONLY with a single number that corresponds to the option you choose. Do not include any additional text, punctuation or explanation.

My answer is
",1
fake_1950,2,2,7,1,-2,2,2,"Today is November 5, 2024. Racially, I am black. Ideologically, I am liberal. Politically, I am a strong Republican. I attend church. I am a woman. I am somewhat interested in politics.. Question: Do you think the federal government should be doing more about the opioid drug addiction issue, should be doing less, or is it currently doing the right amount?

Answer choices:
1. Should be doing more 2. Should be doing less 3. Is doing the right amount

When answering, respond ONLY with a single number that corresponds to the option you choose. Do not include any additional text, punctuation or explanation.

My answer is
",1
fake_1951,1,2,1,1,79,1,1,"Today is November 5, 2024. Racially, I am white. Ideologically, I am liberal. Politically, I am a strong democrat. I attend church. I am 79 years old. I am a man. I am very interested in politics.. Question: Do you think the federal government should be doing more about the opioid drug addiction issue, should be doing less, or is it currently doing the right amount?

Answer choices:
1. Should be doing more 2. Should be doing less 3. Is doing the right amount

When answering, respond ONLY with a single number that corresponds to the option you choose. Do not include any additional text, punctuation or explanation.

My answer is
",1
fake_1952,1,6,3,1,27,1,-6,"Today is November 5, 2024. Racially, I am white. Ideologically, I am conservative. Politically, I am an independent who leans Democratic. I attend church. I am 27 years old. I am a man.. Question: Do you think the federal government should be doing more about the opioid drug addiction issue, should be doing less, or is it currently doing the right amount?

Answer choices:
1. Should be doing more 2. Should be doing less 3. Is doing the right amount

When answering, respond ONLY with a single number that corresponds to the option you choose. Do not include any additional text, punctuation or explanation.

My answer is
",1
fake_1953,1,6,1,2,61,1,2,"Today is November 5, 2024. Racially, I am white. Ideologically, I am conservative. Politically, I am a strong democrat. I do not attend church. I am 61 years old. I am a man. I am somewhat interested in politics.. Question: Do you think the federal government should be doing more about the opioid drug addiction issue, should be doing less, or is it currently doing the right amount?

Answer choices:
1. Should be doing more 2. Should be doing less 3. Is doing the right amount

When answering, respond ONLY with a single number that corresponds to the option you choose. Do not include any additional text, punctuation or explanation.

My answer is
",1
fake_1954,1,-9,1,1,58,2,2,"Today is November 5, 2024. Racially, I am white. Politically, I am a strong democrat. I attend church. I am 58 years old. I am a woman. I am somewhat interested in politics.. Question: Do you think the federal government should be doing more about the opioid drug addiction issue, should be doing less, or is it currently doing the right amount?

Answer choices:
1. Should be doing more 2. Should be doing less 3. Is doing the right amount

When answering, respond ONLY with a single number that corresponds to the option you choose. Do not include any additional text, punctuation or explanation.

My answer is
",1
fake_1955,3,4,7,1,52,1,2,"Today is November 5, 2024. Racially, I am hispanic. Ideologically, I am moderate. Politically, I am a strong Republican. I attend church. I am 52 years old. I am a man. I am somewhat interested in politics.. Question: Do you think the federal government should be doing more about the opioid drug addiction issue, should be doing less, or is it currently doing the right amount?

Answer choices:
1. Should be doing more 2. Should be doing less 3. Is doing the right amount

When answering, respond ONLY with a single number that corresponds to the option you choose. Do not include any additional text, punctuation or explanation.

My answer is
",1
fake_1956,1,4,1,1,20,2,-6,"Today is November 5, 2024. Racially, I am white. Ideologically, I am moderate. Politically, I am a strong democrat. I attend church. I am 20 years old. I am a woman.. Question: Do you think the federal government should be doing more about the opioid drug addiction issue, should be doing less, or is it currently doing the right amount?

Answer choices:
1. Should be doing more 2. Should be doing less 3. Is doing the right amount

When answering, respond ONLY with a single number that corresponds to the option you choose. Do not include any additional text, punctuation or explanation.

My answer is
",1
fake_1957,1,4,5,1,30,1,2,"Today is November 5, 2024. Racially, I am white. Ideologically, I am moderate. Politically, I am an independent who leans Republican. I attend church. I am 30 years old. I am a man. I am somewhat interested in politics.. Question: Do you think the federal government should be doing more about the opioid drug addiction issue, should be doing less, or is it currently doing the right amount?

Answer choices:
1. Should be doing more 2. Should be doing less 3. Is doing the right amount

When answering, respond ONLY with a single number that corresponds to the option you choose. Do not include any additional text, punctuation or explanation.

My answer is
",1
fake_1958,1,6,3,1,40,2,-5,"Today is November 5, 2024. Racially, I am white. Ideologically, I am conservative. Politically, I am an independent who leans Democratic. I attend church. I am 40 years old. I am a woman.. Question: Do you think the federal government should be doing more about the opioid drug addiction issue, should be doing less, or is it currently doing the right amount?

Answer choices:
1. Should be doing more 2. Should be doing less 3. Is doing the right amount

When answering, respond ONLY with a single number that corresponds to the option you choose. Do not include any additional text, punctuation or explanation.

My answer is
",1
fake_1959,4,4,5,-1,65,2,1,"Today is November 5, 2024. Racially, I am asian. Ideologically, I am moderate. Politically, I am an independent who leans Republican. I am 65 years old. I am a woman. I am very interested in politics.. Question: Do you think the federal government should be doing more about the opioid drug addiction issue, should be doing less, or is it currently doing the right amount?

Answer choices:
1. Should be doing more 2. Should be doing less 3. Is doing the right amount

When answering, respond ONLY with a single number that corresponds to the option you choose. Do not include any additional text, punctuation or explanation.

My answer is
",1
fake_1960,1,5,6,1,45,2,4,"Today is November 5, 2024. Racially, I am white. Ideologically, I am slightly conservative. Politically, I am a weak Republican. I attend church. I am 45 years old. I am a woman. I am not at all interested in politics.. Question: Do you think the federal government should be doing more about the opioid drug addiction issue, should be doing less, or is it currently doing the right amount?

Answer choices:
1. Should be doing more 2. Should be doing less 3. Is doing the right amount

When answering, respond ONLY with a single number that corresponds to the option you choose. Do not include any additional text, punctuation or explanation.

My answer is
",1
fake_1961,6,6,3,2,40,1,-7,"Today is November 5, 2024. Ideologically, I am conservative. Politically, I am an independent who leans Democratic. I do not attend church. I am 40 years old. I am a man.. Question: Do you think the federal government should be doing more about the opioid drug addiction issue, should be doing less, or is it currently doing the right amount?

Answer choices:
1. Should be doing more 2. Should be doing less 3. Is doing the right amount

When answering, respond ONLY with a single number that corresponds to the option you choose. Do not include any additional text, punctuation or explanation.

My answer is
",1
fake_1962,1,2,1,1,34,2,-6,"Today is November 5, 2024. Racially, I am white. Ideologically, I am liberal. Politically, I am a strong democrat. I attend church. I am 34 years old. I am a woman.. Question: Do you think the federal government should be doing more about the opioid drug addiction issue, should be doing less, or is it currently doing the right amount?

Answer choices:
1. Should be doing more 2. Should be doing less 3. Is doing the right amount

When answering, respond ONLY with a single number that corresponds to the option you choose. Do not include any additional text, punctuation or explanation.

My answer is
",1
fake_1963,1,3,3,1,35,1,2,"Today is November 5, 2024. Racially, I am white. Ideologically, I am slightly liberal. Politically, I am an independent who leans Democratic. I attend church. I am 35 years old. I am a man. I am somewhat interested in politics.. Question: Do you think the federal government should be doing more about the opioid drug addiction issue, should be doing less, or is it currently doing the right amount?

Answer choices:
1. Should be doing more 2. Should be doing less 3. Is doing the right amount

When answering, respond ONLY with a single number that corresponds to the option you choose. Do not include any additional text, punctuation or explanation.

My answer is
",1
fake_1964,1,3,6,2,36,2,1,"Today is November 5, 2024. Racially, I am white. Ideologically, I am slightly liberal. Politically, I am a weak Republican. I do not attend church. I am 36 years old. I am a woman. I am very interested in politics.. Question: Do you think the federal government should be doing more about the opioid drug addiction issue, should be doing less, or is it currently doing the right amount?

Answer choices:
1. Should be doing more 2. Should be doing less 3. Is doing the right amount

When answering, respond ONLY with a single number that corresponds to the option you choose. Do not include any additional text, punctuation or explanation.

My answer is
",1
fake_1965,1,1,7,1,49,2,3,"Today is November 5, 2024. Racially, I am white. Ideologically, I am extremely liberal. Politically, I am a strong Republican. I attend church. I am 49 years old. I am a woman. I am not very interested in politics.. Question: Do you think the federal government should be doing more about the opioid drug addiction issue, should be doing less, or is it currently doing the right amount?

Answer choices:
1. Should be doing more 2. Should be doing less 3. Is doing the right amount

When answering, respond ONLY with a single number that corresponds to the option you choose. Do not include any additional text, punctuation or explanation.

My answer is
",1
fake_1966,1,1,2,2,39,1,2,"Today is November 5, 2024. Racially, I am white. Ideologically, I am extremely liberal. Politically, I am a weak Democrat. I do not attend church. I am 39 years old. I am a man. I am somewhat interested in politics.. Question: Do you think the federal government should be doing more about the opioid drug addiction issue, should be doing less, or is it currently doing the right amount?

Answer choices:
1. Should be doing more 2. Should be doing less 3. Is doing the right amount

When answering, respond ONLY with a single number that corresponds to the option you choose. Do not include any additional text, punctuation or explanation.

My answer is
",1
fake_1967,1,5,4,2,74,1,4,"Today is November 5, 2024. Racially, I am white. Ideologically, I am slightly conservative. Politically, I am an independent. I do not attend church. I am 74 years old. I am a man. I am not at all interested in politics.. Question: Do you think the federal government should be doing more about the opioid drug addiction issue, should be doing less, or is it currently doing the right amount?

Answer choices:
1. Should be doing more 2. Should be doing less 3. Is doing the right amount

When answering, respond ONLY with a single number that corresponds to the option you choose. Do not include any additional text, punctuation or explanation.

My answer is
",1
fake_1968,1,6,3,2,73,1,2,"Today is November 5, 2024. Racially, I am white. Ideologically, I am conservative. Politically, I am an independent who leans Democratic. I do not attend church. I am 73 years old. I am a man. I am somewhat interested in politics.. Question: Do you think the federal government should be doing more about the opioid drug addiction issue, should be doing less, or is it currently doing the right amount?

Answer choices:
1. Should be doing more 2. Should be doing less 3. Is doing the right amount

When answering, respond ONLY with a single number that corresponds to the option you choose. Do not include any additional text, punctuation or explanation.

My answer is
",1
fake_1969,3,4,1,1,46,2,1,"Today is November 5, 2024. Racially, I am hispanic. Ideologically, I am moderate. Politically, I am a strong democrat. I attend church. I am 46 years old. I am a woman. I am very interested in politics.. Question: Do you think the federal government should be doing more about the opioid drug addiction issue, should be doing less, or is it currently doing the right amount?

Answer choices:
1. Should be doing more 2. Should be doing less 3. Is doing the right amount

When answering, respond ONLY with a single number that corresponds to the option you choose. Do not include any additional text, punctuation or explanation.

My answer is
",1
fake_1970,6,4,6,1,47,1,2,"Today is November 5, 2024. Ideologically, I am moderate. Politically, I am a weak Republican. I attend church. I am 47 years old. I am a man. I am somewhat interested in politics.. Question: Do you think the federal government should be doing more about the opioid drug addiction issue, should be doing less, or is it currently doing the right amount?

Answer choices:
1. Should be doing more 2. Should be doing less 3. Is doing the right amount

When answering, respond ONLY with a single number that corresponds to the option you choose. Do not include any additional text, punctuation or explanation.

My answer is
",1
fake_1971,1,2,2,2,44,2,1,"Today is November 5, 2024. Racially, I am white. Ideologically, I am liberal. Politically, I am a weak Democrat. I do not attend church. I am 44 years old. I am a woman. I am very interested in politics.. Question: Do you think the federal government should be doing more about the opioid drug addiction issue, should be doing less, or is it currently doing the right amount?

Answer choices:
1. Should be doing more 2. Should be doing less 3. Is doing the right amount

When answering, respond ONLY with a single number that corresponds to the option you choose. Do not include any additional text, punctuation or explanation.

My answer is
",1
fake_1972,1,3,1,2,34,2,2,"Today is November 5, 2024. Racially, I am white. Ideologically, I am slightly liberal. Politically, I am a strong democrat. I do not attend church. I am 34 years old. I am a woman. I am somewhat interested in politics.. Question: Do you think the federal government should be doing more about the opioid drug addiction issue, should be doing less, or is it currently doing the right amount?

Answer choices:
1. Should be doing more 2. Should be doing less 3. Is doing the right amount

When answering, respond ONLY with a single number that corresponds to the option you choose. Do not include any additional text, punctuation or explanation.

My answer is
",1
fake_1973,2,4,3,1,60,1,4,"Today is November 5, 2024. Racially, I am black. Ideologically, I am moderate. Politically, I am an independent who leans Democratic. I attend church. I am 60 years old. I am a man. I am not at all interested in politics.. Question: Do you think the federal government should be doing more about the opioid drug addiction issue, should be doing less, or is it currently doing the right amount?

Answer choices:
1. Should be doing more 2. Should be doing less 3. Is doing the right amount

When answering, respond ONLY with a single number that corresponds to the option you choose. Do not include any additional text, punctuation or explanation.

My answer is
",1
fake_1974,1,4,1,1,70,2,3,"Today is November 5, 2024. Racially, I am white. Ideologically, I am moderate. Politically, I am a strong democrat. I attend church. I am 70 years old. I am a woman. I am not very interested in politics.. Question: Do you think the federal government should be doing more about the opioid drug addiction issue, should be doing less, or is it currently doing the right amount?

Answer choices:
1. Should be doing more 2. Should be doing less 3. Is doing the right amount

When answering, respond ONLY with a single number that corresponds to the option you choose. Do not include any additional text, punctuation or explanation.

My answer is
",1
fake_1975,1,4,1,2,80,2,3,"Today is November 5, 2024. Racially, I am white. Ideologically, I am moderate. Politically, I am a strong democrat. I do not attend church. I am 80 years old. I am a woman. I am not very interested in politics.. Question: Do you think the federal government should be doing more about the opioid drug addiction issue, should be doing less, or is it currently doing the right amount?

Answer choices:
1. Should be doing more 2. Should be doing less 3. Is doing the right amount

When answering, respond ONLY with a single number that corresponds to the option you choose. Do not include any additional text, punctuation or explanation.

My answer is
",1
fake_1976,1,4,7,2,59,2,2,"Today is November 5, 2024. Racially, I am white. Ideologically, I am moderate. Politically, I am a strong Republican. I do not attend church. I am 59 years old. I am a woman. I am somewhat interested in politics.. Question: Do you think the federal government should be doing more about the opioid drug addiction issue, should be doing less, or is it currently doing the right amount?

Answer choices:
1. Should be doing more 2. Should be doing less 3. Is doing the right amount

When answering, respond ONLY with a single number that corresponds to the option you choose. Do not include any additional text, punctuation or explanation.

My answer is
",1
fake_1977,1,7,4,1,80,1,3,"Today is November 5, 2024. Racially, I am white. Ideologically, I am extremely conservative. Politically, I am an independent. I attend church. I am 80 years old. I am a man. I am not very interested in politics.. Question: Do you think the federal government should be doing more about the opioid drug addiction issue, should be doing less, or is it currently doing the right amount?

Answer choices:
1. Should be doing more 2. Should be doing less 3. Is doing the right amount

When answering, respond ONLY with a single number that corresponds to the option you choose. Do not include any additional text, punctuation or explanation.

My answer is
",1
fake_1978,1,5,1,2,-2,2,2,"Today is November 5, 2024. Racially, I am white. Ideologically, I am slightly conservative. Politically, I am a strong democrat. I do not attend church. I am a woman. I am somewhat interested in politics.. Question: Do you think the federal government should be doing more about the opioid drug addiction issue, should be doing less, or is it currently doing the right amount?

Answer choices:
1. Should be doing more 2. Should be doing less 3. Is doing the right amount

When answering, respond ONLY with a single number that corresponds to the option you choose. Do not include any additional text, punctuation or explanation.

My answer is
",1
fake_1979,1,4,6,2,74,2,1,"Today is November 5, 2024. Racially, I am white. Ideologically, I am moderate. Politically, I am a weak Republican. I do not attend church. I am 74 years old. I am a woman. I am very interested in politics.. Question: Do you think the federal government should be doing more about the opioid drug addiction issue, should be doing less, or is it currently doing the right amount?

Answer choices:
1. Should be doing more 2. Should be doing less 3. Is doing the right amount

When answering, respond ONLY with a single number that corresponds to the option you choose. Do not include any additional text, punctuation or explanation.

My answer is
",1
fake_1980,1,4,1,2,-2,2,1,"Today is November 5, 2024. Racially, I am white. Ideologically, I am moderate. Politically, I am a strong democrat. I do not attend church. I am a woman. I am very interested in politics.. Question: Do you think the federal government should be doing more about the opioid drug addiction issue, should be doing less, or is it currently doing the right amount?

Answer choices:
1. Should be doing more 2. Should be doing less 3. Is doing the right amount

When answering, respond ONLY with a single number that corresponds to the option you choose. Do not include any additional text, punctuation or explanation.

My answer is
",1
fake_1981,1,4,3,1,64,2,2,"Today is November 5, 2024. Racially, I am white. Ideologically, I am moderate. Politically, I am an independent who leans Democratic. I attend church. I am 64 years old. I am a woman. I am somewhat interested in politics.. Question: Do you think the federal government should be doing more about the opioid drug addiction issue, should be doing less, or is it currently doing the right amount?

Answer choices:
1. Should be doing more 2. Should be doing less 3. Is doing the right amount

When answering, respond ONLY with a single number that corresponds to the option you choose. Do not include any additional text, punctuation or explanation.

My answer is
",1
fake_1982,3,6,3,1,68,2,3,"Today is November 5, 2024. Racially, I am hispanic. Ideologically, I am conservative. Politically, I am an independent who leans Democratic. I attend church. I am 68 years old. I am a woman. I am not very interested in politics.. Question: Do you think the federal government should be doing more about the opioid drug addiction issue, should be doing less, or is it currently doing the right amount?

Answer choices:
1. Should be doing more 2. Should be doing less 3. Is doing the right amount

When answering, respond ONLY with a single number that corresponds to the option you choose. Do not include any additional text, punctuation or explanation.

My answer is
",1
fake_1983,1,99,3,1,27,2,4,"Today is November 5, 2024. Racially, I am white. Politically, I am an independent who leans Democratic. I attend church. I am 27 years old. I am a woman. I am not at all interested in politics.. Question: Do you think the federal government should be doing more about the opioid drug addiction issue, should be doing less, or is it currently doing the right amount?

Answer choices:
1. Should be doing more 2. Should be doing less 3. Is doing the right amount

When answering, respond ONLY with a single number that corresponds to the option you choose. Do not include any additional text, punctuation or explanation.

My answer is
",1
fake_1984,3,2,7,1,50,2,4,"Today is November 5, 2024. Racially, I am hispanic. Ideologically, I am liberal. Politically, I am a strong Republican. I attend church. I am 50 years old. I am a woman. I am not at all interested in politics.. Question: Do you think the federal government should be doing more about the opioid drug addiction issue, should be doing less, or is it currently doing the right amount?

Answer choices:
1. Should be doing more 2. Should be doing less 3. Is doing the right amount

When answering, respond ONLY with a single number that corresponds to the option you choose. Do not include any additional text, punctuation or explanation.

My answer is
",1
fake_1985,1,4,3,1,45,1,2,"Today is November 5, 2024. Racially, I am white. Ideologically, I am moderate. Politically, I am an independent who leans Democratic. I attend church. I am 45 years old. I am a man. I am somewhat interested in politics.. Question: Do you think the federal government should be doing more about the opioid drug addiction issue, should be doing less, or is it currently doing the right amount?

Answer choices:
1. Should be doing more 2. Should be doing less 3. Is doing the right amount

When answering, respond ONLY with a single number that corresponds to the option you choose. Do not include any additional text, punctuation or explanation.

My answer is
",1
fake_1986,1,3,1,2,80,1,2,"Today is November 5, 2024. Racially, I am white. Ideologically, I am slightly liberal. Politically, I am a strong democrat. I do not attend church. I am 80 years old. I am a man. I am somewhat interested in politics.. Question: Do you think the federal government should be doing more about the opioid drug addiction issue, should be doing less, or is it currently doing the right amount?

Answer choices:
1. Should be doing more 2. Should be doing less 3. Is doing the right amount

When answering, respond ONLY with a single number that corresponds to the option you choose. Do not include any additional text, punctuation or explanation.

My answer is
",1
fake_1987,1,3,6,2,80,2,-6,"Today is November 5, 2024. Racially, I am white. Ideologically, I am slightly liberal. Politically, I am a weak Republican. I do not attend church. I am 80 years old. I am a woman.. Question: Do you think the federal government should be doing more about the opioid drug addiction issue, should be doing less, or is it currently doing the right amount?

Answer choices:
1. Should be doing more 2. Should be doing less 3. Is doing the right amount

When answering, respond ONLY with a single number that corresponds to the option you choose. Do not include any additional text, punctuation or explanation.

My answer is
",1
fake_1988,3,2,5,2,39,2,4,"Today is November 5, 2024. Racially, I am hispanic. Ideologically, I am liberal. Politically, I am an independent who leans Republican. I do not attend church. I am 39 years old. I am a woman. I am not at all interested in politics.. Question: Do you think the federal government should be doing more about the opioid drug addiction issue, should be doing less, or is it currently doing the right amount?

Answer choices:
1. Should be doing more 2. Should be doing less 3. Is doing the right amount

When answering, respond ONLY with a single number that corresponds to the option you choose. Do not include any additional text, punctuation or explanation.

My answer is
",1
fake_1989,1,3,5,1,25,2,2,"Today is November 5, 2024. Racially, I am white. Ideologically, I am slightly liberal. Politically, I am an independent who leans Republican. I attend church. I am 25 years old. I am a woman. I am somewhat interested in politics.. Question: Do you think the federal government should be doing more about the opioid drug addiction issue, should be doing less, or is it currently doing the right amount?

Answer choices:
1. Should be doing more 2. Should be doing less 3. Is doing the right amount

When answering, respond ONLY with a single number that corresponds to the option you choose. Do not include any additional text, punctuation or explanation.

My answer is
",1
fake_1990,1,5,6,2,72,2,3,"Today is November 5, 2024. Racially, I am white. Ideologically, I am slightly conservative. Politically, I am a weak Republican. I do not attend church. I am 72 years old. I am a woman. I am not very interested in politics.. Question: Do you think the federal government should be doing more about the opioid drug addiction issue, should be doing less, or is it currently doing the right amount?

Answer choices:
1. Should be doing more 2. Should be doing less 3. Is doing the right amount

When answering, respond ONLY with a single number that corresponds to the option you choose. Do not include any additional text, punctuation or explanation.

My answer is
",1
fake_1991,1,99,5,2,51,1,3,"Today is November 5, 2024. Racially, I am white. Politically, I am an independent who leans Republican. I do not attend church. I am 51 years old. I am a man. I am not very interested in politics.. Question: Do you think the federal government should be doing more about the opioid drug addiction issue, should be doing less, or is it currently doing the right amount?

Answer choices:
1. Should be doing more 2. Should be doing less 3. Is doing the right amount

When answering, respond ONLY with a single number that corresponds to the option you choose. Do not include any additional text, punctuation or explanation.

My answer is
",1
fake_1992,1,6,1,2,28,2,4,"Today is November 5, 2024. Racially, I am white. Ideologically, I am conservative. Politically, I am a strong democrat. I do not attend church. I am 28 years old. I am a woman. I am not at all interested in politics.. Question: Do you think the federal government should be doing more about the opioid drug addiction issue, should be doing less, or is it currently doing the right amount?

Answer choices:
1. Should be doing more 2. Should be doing less 3. Is doing the right amount

When answering, respond ONLY with a single number that corresponds to the option you choose. Do not include any additional text, punctuation or explanation.

My answer is
",1
fake_1993,1,6,3,1,43,2,1,"Today is November 5, 2024. Racially, I am white. Ideologically, I am conservative. Politically, I am an independent who leans Democratic. I attend church. I am 43 years old. I am a woman. I am very interested in politics.. Question: Do you think the federal government should be doing more about the opioid drug addiction issue, should be doing less, or is it currently doing the right amount?

Answer choices:
1. Should be doing more 2. Should be doing less 3. Is doing the right amount

When answering, respond ONLY with a single number that corresponds to the option you choose. Do not include any additional text, punctuation or explanation.

My answer is
",1
fake_1994,1,4,2,2,58,1,2,"Today is November 5, 2024. Racially, I am white. Ideologically, I am moderate. Politically, I am a weak Democrat. I do not attend church. I am 58 years old. I am a man. I am somewhat interested in politics.. Question: Do you think the federal government should be doing more about the opioid drug addiction issue, should be doing less, or is it currently doing the right amount?

Answer choices:
1. Should be doing more 2. Should be doing less 3. Is doing the right amount

When answering, respond ONLY with a single number that corresponds to the option you choose. Do not include any additional text, punctuation or explanation.

My answer is
",1
fake_1995,1,4,6,1,63,2,3,"Today is November 5, 2024. Racially, I am white. Ideologically, I am moderate. Politically, I am a weak Republican. I attend church. I am 63 years old. I am a woman. I am not very interested in politics.. Question: Do you think the federal government should be doing more about the opioid drug addiction issue, should be doing less, or is it currently doing the right amount?

Answer choices:
1. Should be doing more 2. Should be doing less 3. Is doing the right amount

When answering, respond ONLY with a single number that corresponds to the option you choose. Do not include any additional text, punctuation or explanation.

My answer is
",1
fake_1996,1,5,3,2,69,2,4,"Today is November 5, 2024. Racially, I am white. Ideologically, I am slightly conservative. Politically, I am an independent who leans Democratic. I do not attend church. I am 69 years old. I am a woman. I am not at all interested in politics.. Question: Do you think the federal government should be doing more about the opioid drug addiction issue, should be doing less, or is it currently doing the right amount?

Answer choices:
1. Should be doing more 2. Should be doing less 3. Is doing the right amount

When answering, respond ONLY with a single number that corresponds to the option you choose. Do not include any additional text, punctuation or explanation.

My answer is
",1
fake_1997,6,2,2,1,-2,2,1,"Today is November 5, 2024. Ideologically, I am liberal. Politically, I am a weak Democrat. I attend church. I am a woman. I am very interested in politics.. Question: Do you think the federal government should be doing more about the opioid drug addiction issue, should be doing less, or is it currently doing the right amount?

Answer choices:
1. Should be doing more 2. Should be doing less 3. Is doing the right amount

When answering, respond ONLY with a single number that corresponds to the option you choose. Do not include any additional text, punctuation or explanation.

My answer is
",1
fake_1998,1,99,6,2,59,2,4,"Today is November 5, 2024. Racially, I am white. Politically, I am a weak Republican. I do not attend church. I am 59 years old. I am a woman. I am not at all interested in politics.. Question: Do you think the federal government should be doing more about the opioid drug addiction issue, should be doing less, or is it currently doing the right amount?

Answer choices:
1. Should be doing more 2. Should be doing less 3. Is doing the right amount

When answering, respond ONLY with a single number that corresponds to the option you choose. Do not include any additional text, punctuation or explanation.

My answer is
",1
fake_1999,1,6,6,1,39,2,4,"Today is November 5, 2024. Racially, I am white. Ideologically, I am conservative. Politically, I am a weak Republican. I attend church. I am 39 years old. I am a woman. I am not at all interested in politics.. Question: Do you think the federal government should be doing more about the opioid drug addiction issue, should be doing less, or is it currently doing the right amount?

Answer choices:
1. Should be doing more 2. Should be doing less 3. Is doing the right amount

When answering, respond ONLY with a single number that corresponds to the option you choose. Do not include any additional text, punctuation or explanation.

My answer is
",1
fake_2000,1,99,7,2,70,1,-6,"Today is November 5, 2024. Racially, I am white. Politically, I am a strong Republican. I do not attend church. I am 70 years old. I am a man.. Question: Do you think the federal government should be doing more about the opioid drug addiction issue, should be doing less, or is it currently doing the right amount?

Answer choices:
1. Should be doing more 2. Should be doing less 3. Is doing the right amount

When answering, respond ONLY with a single number that corresponds to the option you choose. Do not include any additional text, punctuation or explanation.

My answer is
",1
fake_2001,1,6,3,2,65,2,3,"Today is November 5, 2024. Racially, I am white. Ideologically, I am conservative. Politically, I am an independent who leans Democratic. I do not attend church. I am 65 years old. I am a woman. I am not very interested in politics.. Question: Do you think the federal government should be doing more about the opioid drug addiction issue, should be doing less, or is it currently doing the right amount?

Answer choices:
1. Should be doing more 2. Should be doing less 3. Is doing the right amount

When answering, respond ONLY with a single number that corresponds to the option you choose. Do not include any additional text, punctuation or explanation.

My answer is
",1
fake_2002,1,6,1,1,53,1,1,"Today is November 5, 2024. Racially, I am white. Ideologically, I am conservative. Politically, I am a strong democrat. I attend church. I am 53 years old. I am a man. I am very interested in politics.. Question: Do you think the federal government should be doing more about the opioid drug addiction issue, should be doing less, or is it currently doing the right amount?

Answer choices:
1. Should be doing more 2. Should be doing less 3. Is doing the right amount

When answering, respond ONLY with a single number that corresponds to the option you choose. Do not include any additional text, punctuation or explanation.

My answer is
",1
fake_2003,1,6,5,1,24,1,1,"Today is November 5, 2024. Racially, I am white. Ideologically, I am conservative. Politically, I am an independent who leans Republican. I attend church. I am 24 years old. I am a man. I am very interested in politics.. Question: Do you think the federal government should be doing more about the opioid drug addiction issue, should be doing less, or is it currently doing the right amount?

Answer choices:
1. Should be doing more 2. Should be doing less 3. Is doing the right amount

When answering, respond ONLY with a single number that corresponds to the option you choose. Do not include any additional text, punctuation or explanation.

My answer is
",1
fake_2004,1,3,4,2,65,1,2,"Today is November 5, 2024. Racially, I am white. Ideologically, I am slightly liberal. Politically, I am an independent. I do not attend church. I am 65 years old. I am a man. I am somewhat interested in politics.. Question: Do you think the federal government should be doing more about the opioid drug addiction issue, should be doing less, or is it currently doing the right amount?

Answer choices:
1. Should be doing more 2. Should be doing less 3. Is doing the right amount

When answering, respond ONLY with a single number that corresponds to the option you choose. Do not include any additional text, punctuation or explanation.

My answer is
",1
fake_2005,1,6,7,1,77,1,4,"Today is November 5, 2024. Racially, I am white. Ideologically, I am conservative. Politically, I am a strong Republican. I attend church. I am 77 years old. I am a man. I am not at all interested in politics.. Question: Do you think the federal government should be doing more about the opioid drug addiction issue, should be doing less, or is it currently doing the right amount?

Answer choices:
1. Should be doing more 2. Should be doing less 3. Is doing the right amount

When answering, respond ONLY with a single number that corresponds to the option you choose. Do not include any additional text, punctuation or explanation.

My answer is
",1
fake_2006,3,4,6,1,80,2,1,"Today is November 5, 2024. Racially, I am hispanic. Ideologically, I am moderate. Politically, I am a weak Republican. I attend church. I am 80 years old. I am a woman. I am very interested in politics.. Question: Do you think the federal government should be doing more about the opioid drug addiction issue, should be doing less, or is it currently doing the right amount?

Answer choices:
1. Should be doing more 2. Should be doing less 3. Is doing the right amount

When answering, respond ONLY with a single number that corresponds to the option you choose. Do not include any additional text, punctuation or explanation.

My answer is
",1
fake_2007,1,3,4,2,53,2,1,"Today is November 5, 2024. Racially, I am white. Ideologically, I am slightly liberal. Politically, I am an independent. I do not attend church. I am 53 years old. I am a woman. I am very interested in politics.. Question: Do you think the federal government should be doing more about the opioid drug addiction issue, should be doing less, or is it currently doing the right amount?

Answer choices:
1. Should be doing more 2. Should be doing less 3. Is doing the right amount

When answering, respond ONLY with a single number that corresponds to the option you choose. Do not include any additional text, punctuation or explanation.

My answer is
",1
fake_2008,1,4,7,2,27,1,1,"Today is November 5, 2024. Racially, I am white. Ideologically, I am moderate. Politically, I am a strong Republican. I do not attend church. I am 27 years old. I am a man. I am very interested in politics.. Question: Do you think the federal government should be doing more about the opioid drug addiction issue, should be doing less, or is it currently doing the right amount?

Answer choices:
1. Should be doing more 2. Should be doing less 3. Is doing the right amount

When answering, respond ONLY with a single number that corresponds to the option you choose. Do not include any additional text, punctuation or explanation.

My answer is
",1
fake_2009,1,3,6,2,60,1,3,"Today is November 5, 2024. Racially, I am white. Ideologically, I am slightly liberal. Politically, I am a weak Republican. I do not attend church. I am 60 years old. I am a man. I am not very interested in politics.. Question: Do you think the federal government should be doing more about the opioid drug addiction issue, should be doing less, or is it currently doing the right amount?

Answer choices:
1. Should be doing more 2. Should be doing less 3. Is doing the right amount

When answering, respond ONLY with a single number that corresponds to the option you choose. Do not include any additional text, punctuation or explanation.

My answer is
",1
fake_2010,1,99,1,2,35,1,2,"Today is November 5, 2024. Racially, I am white. Politically, I am a strong democrat. I do not attend church. I am 35 years old. I am a man. I am somewhat interested in politics.. Question: Do you think the federal government should be doing more about the opioid drug addiction issue, should be doing less, or is it currently doing the right amount?

Answer choices:
1. Should be doing more 2. Should be doing less 3. Is doing the right amount

When answering, respond ONLY with a single number that corresponds to the option you choose. Do not include any additional text, punctuation or explanation.

My answer is
",1
fake_2011,1,6,7,2,44,1,3,"Today is November 5, 2024. Racially, I am white. Ideologically, I am conservative. Politically, I am a strong Republican. I do not attend church. I am 44 years old. I am a man. I am not very interested in politics.. Question: Do you think the federal government should be doing more about the opioid drug addiction issue, should be doing less, or is it currently doing the right amount?

Answer choices:
1. Should be doing more 2. Should be doing less 3. Is doing the right amount

When answering, respond ONLY with a single number that corresponds to the option you choose. Do not include any additional text, punctuation or explanation.

My answer is
",1
fake_2012,3,6,1,1,73,2,2,"Today is November 5, 2024. Racially, I am hispanic. Ideologically, I am conservative. Politically, I am a strong democrat. I attend church. I am 73 years old. I am a woman. I am somewhat interested in politics.. Question: Do you think the federal government should be doing more about the opioid drug addiction issue, should be doing less, or is it currently doing the right amount?

Answer choices:
1. Should be doing more 2. Should be doing less 3. Is doing the right amount

When answering, respond ONLY with a single number that corresponds to the option you choose. Do not include any additional text, punctuation or explanation.

My answer is
",1
fake_2013,1,5,7,2,53,2,2,"Today is November 5, 2024. Racially, I am white. Ideologically, I am slightly conservative. Politically, I am a strong Republican. I do not attend church. I am 53 years old. I am a woman. I am somewhat interested in politics.. Question: Do you think the federal government should be doing more about the opioid drug addiction issue, should be doing less, or is it currently doing the right amount?

Answer choices:
1. Should be doing more 2. Should be doing less 3. Is doing the right amount

When answering, respond ONLY with a single number that corresponds to the option you choose. Do not include any additional text, punctuation or explanation.

My answer is
",1
fake_2014,3,5,6,1,45,2,2,"Today is November 5, 2024. Racially, I am hispanic. Ideologically, I am slightly conservative. Politically, I am a weak Republican. I attend church. I am 45 years old. I am a woman. I am somewhat interested in politics.. Question: Do you think the federal government should be doing more about the opioid drug addiction issue, should be doing less, or is it currently doing the right amount?

Answer choices:
1. Should be doing more 2. Should be doing less 3. Is doing the right amount

When answering, respond ONLY with a single number that corresponds to the option you choose. Do not include any additional text, punctuation or explanation.

My answer is
",1
fake_2015,1,2,5,2,-2,2,4,"Today is November 5, 2024. Racially, I am white. Ideologically, I am liberal. Politically, I am an independent who leans Republican. I do not attend church. I am a woman. I am not at all interested in politics.. Question: Do you think the federal government should be doing more about the opioid drug addiction issue, should be doing less, or is it currently doing the right amount?

Answer choices:
1. Should be doing more 2. Should be doing less 3. Is doing the right amount

When answering, respond ONLY with a single number that corresponds to the option you choose. Do not include any additional text, punctuation or explanation.

My answer is
",1
fake_2016,1,4,3,2,70,2,-6,"Today is November 5, 2024. Racially, I am white. Ideologically, I am moderate. Politically, I am an independent who leans Democratic. I do not attend church. I am 70 years old. I am a woman.. Question: Do you think the federal government should be doing more about the opioid drug addiction issue, should be doing less, or is it currently doing the right amount?

Answer choices:
1. Should be doing more 2. Should be doing less 3. Is doing the right amount

When answering, respond ONLY with a single number that corresponds to the option you choose. Do not include any additional text, punctuation or explanation.

My answer is
",1
fake_2017,1,99,6,1,37,1,3,"Today is November 5, 2024. Racially, I am white. Politically, I am a weak Republican. I attend church. I am 37 years old. I am a man. I am not very interested in politics.. Question: Do you think the federal government should be doing more about the opioid drug addiction issue, should be doing less, or is it currently doing the right amount?

Answer choices:
1. Should be doing more 2. Should be doing less 3. Is doing the right amount

When answering, respond ONLY with a single number that corresponds to the option you choose. Do not include any additional text, punctuation or explanation.

My answer is
",1
fake_2018,3,5,2,1,59,2,2,"Today is November 5, 2024. Racially, I am hispanic. Ideologically, I am slightly conservative. Politically, I am a weak Democrat. I attend church. I am 59 years old. I am a woman. I am somewhat interested in politics.. Question: Do you think the federal government should be doing more about the opioid drug addiction issue, should be doing less, or is it currently doing the right amount?

Answer choices:
1. Should be doing more 2. Should be doing less 3. Is doing the right amount

When answering, respond ONLY with a single number that corresponds to the option you choose. Do not include any additional text, punctuation or explanation.

My answer is
",1
fake_2019,1,1,1,2,45,2,2,"Today is November 5, 2024. Racially, I am white. Ideologically, I am extremely liberal. Politically, I am a strong democrat. I do not attend church. I am 45 years old. I am a woman. I am somewhat interested in politics.. Question: Do you think the federal government should be doing more about the opioid drug addiction issue, should be doing less, or is it currently doing the right amount?

Answer choices:
1. Should be doing more 2. Should be doing less 3. Is doing the right amount

When answering, respond ONLY with a single number that corresponds to the option you choose. Do not include any additional text, punctuation or explanation.

My answer is
",1
fake_2020,1,3,2,2,65,2,3,"Today is November 5, 2024. Racially, I am white. Ideologically, I am slightly liberal. Politically, I am a weak Democrat. I do not attend church. I am 65 years old. I am a woman. I am not very interested in politics.. Question: Do you think the federal government should be doing more about the opioid drug addiction issue, should be doing less, or is it currently doing the right amount?

Answer choices:
1. Should be doing more 2. Should be doing less 3. Is doing the right amount

When answering, respond ONLY with a single number that corresponds to the option you choose. Do not include any additional text, punctuation or explanation.

My answer is
",1
fake_2021,1,4,2,1,80,2,2,"Today is November 5, 2024. Racially, I am white. Ideologically, I am moderate. Politically, I am a weak Democrat. I attend church. I am 80 years old. I am a woman. I am somewhat interested in politics.. Question: Do you think the federal government should be doing more about the opioid drug addiction issue, should be doing less, or is it currently doing the right amount?

Answer choices:
1. Should be doing more 2. Should be doing less 3. Is doing the right amount

When answering, respond ONLY with a single number that corresponds to the option you choose. Do not include any additional text, punctuation or explanation.

My answer is
",1
fake_2022,3,2,7,-1,35,1,2,"Today is November 5, 2024. Racially, I am hispanic. Ideologically, I am liberal. Politically, I am a strong Republican. I am 35 years old. I am a man. I am somewhat interested in politics.. Question: Do you think the federal government should be doing more about the opioid drug addiction issue, should be doing less, or is it currently doing the right amount?

Answer choices:
1. Should be doing more 2. Should be doing less 3. Is doing the right amount

When answering, respond ONLY with a single number that corresponds to the option you choose. Do not include any additional text, punctuation or explanation.

My answer is
",1
fake_2023,1,2,1,2,61,2,2,"Today is November 5, 2024. Racially, I am white. Ideologically, I am liberal. Politically, I am a strong democrat. I do not attend church. I am 61 years old. I am a woman. I am somewhat interested in politics.. Question: Do you think the federal government should be doing more about the opioid drug addiction issue, should be doing less, or is it currently doing the right amount?

Answer choices:
1. Should be doing more 2. Should be doing less 3. Is doing the right amount

When answering, respond ONLY with a single number that corresponds to the option you choose. Do not include any additional text, punctuation or explanation.

My answer is
",1
fake_2024,1,2,7,1,51,2,1,"Today is November 5, 2024. Racially, I am white. Ideologically, I am liberal. Politically, I am a strong Republican. I attend church. I am 51 years old. I am a woman. I am very interested in politics.. Question: Do you think the federal government should be doing more about the opioid drug addiction issue, should be doing less, or is it currently doing the right amount?

Answer choices:
1. Should be doing more 2. Should be doing less 3. Is doing the right amount

When answering, respond ONLY with a single number that corresponds to the option you choose. Do not include any additional text, punctuation or explanation.

My answer is
",1
fake_2025,1,2,1,1,33,2,1,"Today is November 5, 2024. Racially, I am white. Ideologically, I am liberal. Politically, I am a strong democrat. I attend church. I am 33 years old. I am a woman. I am very interested in politics.. Question: Do you think the federal government should be doing more about the opioid drug addiction issue, should be doing less, or is it currently doing the right amount?

Answer choices:
1. Should be doing more 2. Should be doing less 3. Is doing the right amount

When answering, respond ONLY with a single number that corresponds to the option you choose. Do not include any additional text, punctuation or explanation.

My answer is
",1
fake_2026,1,4,7,2,-2,1,-6,"Today is November 5, 2024. Racially, I am white. Ideologically, I am moderate. Politically, I am a strong Republican. I do not attend church. I am a man.. Question: Do you think the federal government should be doing more about the opioid drug addiction issue, should be doing less, or is it currently doing the right amount?

Answer choices:
1. Should be doing more 2. Should be doing less 3. Is doing the right amount

When answering, respond ONLY with a single number that corresponds to the option you choose. Do not include any additional text, punctuation or explanation.

My answer is
",1
fake_2027,1,5,7,2,68,1,3,"Today is November 5, 2024. Racially, I am white. Ideologically, I am slightly conservative. Politically, I am a strong Republican. I do not attend church. I am 68 years old. I am a man. I am not very interested in politics.. Question: Do you think the federal government should be doing more about the opioid drug addiction issue, should be doing less, or is it currently doing the right amount?

Answer choices:
1. Should be doing more 2. Should be doing less 3. Is doing the right amount

When answering, respond ONLY with a single number that corresponds to the option you choose. Do not include any additional text, punctuation or explanation.

My answer is
",1
fake_2028,3,3,2,2,76,2,4,"Today is November 5, 2024. Racially, I am hispanic. Ideologically, I am slightly liberal. Politically, I am a weak Democrat. I do not attend church. I am 76 years old. I am a woman. I am not at all interested in politics.. Question: Do you think the federal government should be doing more about the opioid drug addiction issue, should be doing less, or is it currently doing the right amount?

Answer choices:
1. Should be doing more 2. Should be doing less 3. Is doing the right amount

When answering, respond ONLY with a single number that corresponds to the option you choose. Do not include any additional text, punctuation or explanation.

My answer is
",1
fake_2029,3,99,2,1,-2,2,1,"Today is November 5, 2024. Racially, I am hispanic. Politically, I am a weak Democrat. I attend church. I am a woman. I am very interested in politics.. Question: Do you think the federal government should be doing more about the opioid drug addiction issue, should be doing less, or is it currently doing the right amount?

Answer choices:
1. Should be doing more 2. Should be doing less 3. Is doing the right amount

When answering, respond ONLY with a single number that corresponds to the option you choose. Do not include any additional text, punctuation or explanation.

My answer is
",1
fake_2030,3,1,2,1,66,1,2,"Today is November 5, 2024. Racially, I am hispanic. Ideologically, I am extremely liberal. Politically, I am a weak Democrat. I attend church. I am 66 years old. I am a man. I am somewhat interested in politics.. Question: Do you think the federal government should be doing more about the opioid drug addiction issue, should be doing less, or is it currently doing the right amount?

Answer choices:
1. Should be doing more 2. Should be doing less 3. Is doing the right amount

When answering, respond ONLY with a single number that corresponds to the option you choose. Do not include any additional text, punctuation or explanation.

My answer is
",1
fake_2031,3,99,7,2,33,1,4,"Today is November 5, 2024. Racially, I am hispanic. Politically, I am a strong Republican. I do not attend church. I am 33 years old. I am a man. I am not at all interested in politics.. Question: Do you think the federal government should be doing more about the opioid drug addiction issue, should be doing less, or is it currently doing the right amount?

Answer choices:
1. Should be doing more 2. Should be doing less 3. Is doing the right amount

When answering, respond ONLY with a single number that corresponds to the option you choose. Do not include any additional text, punctuation or explanation.

My answer is
",1
fake_2032,2,4,1,1,18,2,-6,"Today is November 5, 2024. Racially, I am black. Ideologically, I am moderate. Politically, I am a strong democrat. I attend church. I am 18 years old. I am a woman.. Question: Do you think the federal government should be doing more about the opioid drug addiction issue, should be doing less, or is it currently doing the right amount?

Answer choices:
1. Should be doing more 2. Should be doing less 3. Is doing the right amount

When answering, respond ONLY with a single number that corresponds to the option you choose. Do not include any additional text, punctuation or explanation.

My answer is
",1
fake_2033,1,2,3,2,54,1,1,"Today is November 5, 2024. Racially, I am white. Ideologically, I am liberal. Politically, I am an independent who leans Democratic. I do not attend church. I am 54 years old. I am a man. I am very interested in politics.. Question: Do you think the federal government should be doing more about the opioid drug addiction issue, should be doing less, or is it currently doing the right amount?

Answer choices:
1. Should be doing more 2. Should be doing less 3. Is doing the right amount

When answering, respond ONLY with a single number that corresponds to the option you choose. Do not include any additional text, punctuation or explanation.

My answer is
",1
fake_2034,1,4,6,2,33,1,3,"Today is November 5, 2024. Racially, I am white. Ideologically, I am moderate. Politically, I am a weak Republican. I do not attend church. I am 33 years old. I am a man. I am not very interested in politics.. Question: Do you think the federal government should be doing more about the opioid drug addiction issue, should be doing less, or is it currently doing the right amount?

Answer choices:
1. Should be doing more 2. Should be doing less 3. Is doing the right amount

When answering, respond ONLY with a single number that corresponds to the option you choose. Do not include any additional text, punctuation or explanation.

My answer is
",1
fake_2035,2,4,7,2,57,2,2,"Today is November 5, 2024. Racially, I am black. Ideologically, I am moderate. Politically, I am a strong Republican. I do not attend church. I am 57 years old. I am a woman. I am somewhat interested in politics.. Question: Do you think the federal government should be doing more about the opioid drug addiction issue, should be doing less, or is it currently doing the right amount?

Answer choices:
1. Should be doing more 2. Should be doing less 3. Is doing the right amount

When answering, respond ONLY with a single number that corresponds to the option you choose. Do not include any additional text, punctuation or explanation.

My answer is
",1
fake_2036,1,3,5,1,38,1,3,"Today is November 5, 2024. Racially, I am white. Ideologically, I am slightly liberal. Politically, I am an independent who leans Republican. I attend church. I am 38 years old. I am a man. I am not very interested in politics.. Question: Do you think the federal government should be doing more about the opioid drug addiction issue, should be doing less, or is it currently doing the right amount?

Answer choices:
1. Should be doing more 2. Should be doing less 3. Is doing the right amount

When answering, respond ONLY with a single number that corresponds to the option you choose. Do not include any additional text, punctuation or explanation.

My answer is
",1
fake_2037,1,7,4,2,24,2,-6,"Today is November 5, 2024. Racially, I am white. Ideologically, I am extremely conservative. Politically, I am an independent. I do not attend church. I am 24 years old. I am a woman.. Question: Do you think the federal government should be doing more about the opioid drug addiction issue, should be doing less, or is it currently doing the right amount?

Answer choices:
1. Should be doing more 2. Should be doing less 3. Is doing the right amount

When answering, respond ONLY with a single number that corresponds to the option you choose. Do not include any additional text, punctuation or explanation.

My answer is
",2
fake_2038,1,4,2,2,78,1,2,"Today is November 5, 2024. Racially, I am white. Ideologically, I am moderate. Politically, I am a weak Democrat. I do not attend church. I am 78 years old. I am a man. I am somewhat interested in politics.. Question: Do you think the federal government should be doing more about the opioid drug addiction issue, should be doing less, or is it currently doing the right amount?

Answer choices:
1. Should be doing more 2. Should be doing less 3. Is doing the right amount

When answering, respond ONLY with a single number that corresponds to the option you choose. Do not include any additional text, punctuation or explanation.

My answer is
",1
fake_2039,1,2,1,2,45,1,2,"Today is November 5, 2024. Racially, I am white. Ideologically, I am liberal. Politically, I am a strong democrat. I do not attend church. I am 45 years old. I am a man. I am somewhat interested in politics.. Question: Do you think the federal government should be doing more about the opioid drug addiction issue, should be doing less, or is it currently doing the right amount?

Answer choices:
1. Should be doing more 2. Should be doing less 3. Is doing the right amount

When answering, respond ONLY with a single number that corresponds to the option you choose. Do not include any additional text, punctuation or explanation.

My answer is
",1
fake_2040,1,2,7,2,56,2,1,"Today is November 5, 2024. Racially, I am white. Ideologically, I am liberal. Politically, I am a strong Republican. I do not attend church. I am 56 years old. I am a woman. I am very interested in politics.. Question: Do you think the federal government should be doing more about the opioid drug addiction issue, should be doing less, or is it currently doing the right amount?

Answer choices:
1. Should be doing more 2. Should be doing less 3. Is doing the right amount

When answering, respond ONLY with a single number that corresponds to the option you choose. Do not include any additional text, punctuation or explanation.

My answer is
",1
fake_2041,1,6,5,2,39,2,2,"Today is November 5, 2024. Racially, I am white. Ideologically, I am conservative. Politically, I am an independent who leans Republican. I do not attend church. I am 39 years old. I am a woman. I am somewhat interested in politics.. Question: Do you think the federal government should be doing more about the opioid drug addiction issue, should be doing less, or is it currently doing the right amount?

Answer choices:
1. Should be doing more 2. Should be doing less 3. Is doing the right amount

When answering, respond ONLY with a single number that corresponds to the option you choose. Do not include any additional text, punctuation or explanation.

My answer is
",1
fake_2042,5,7,1,2,41,2,2,"Today is November 5, 2024. Racially, I am native American. Ideologically, I am extremely conservative. Politically, I am a strong democrat. I do not attend church. I am 41 years old. I am a woman. I am somewhat interested in politics.. Question: Do you think the federal government should be doing more about the opioid drug addiction issue, should be doing less, or is it currently doing the right amount?

Answer choices:
1. Should be doing more 2. Should be doing less 3. Is doing the right amount

When answering, respond ONLY with a single number that corresponds to the option you choose. Do not include any additional text, punctuation or explanation.

My answer is
",1
fake_2043,-9,-9,6,1,73,1,2,"Today is November 5, 2024. Politically, I am a weak Republican. I attend church. I am 73 years old. I am a man. I am somewhat interested in politics.. Question: Do you think the federal government should be doing more about the opioid drug addiction issue, should be doing less, or is it currently doing the right amount?

Answer choices:
1. Should be doing more 2. Should be doing less 3. Is doing the right amount

When answering, respond ONLY with a single number that corresponds to the option you choose. Do not include any additional text, punctuation or explanation.

My answer is
",1
fake_2044,1,6,4,1,65,1,2,"Today is November 5, 2024. Racially, I am white. Ideologically, I am conservative. Politically, I am an independent. I attend church. I am 65 years old. I am a man. I am somewhat interested in politics.. Question: Do you think the federal government should be doing more about the opioid drug addiction issue, should be doing less, or is it currently doing the right amount?

Answer choices:
1. Should be doing more 2. Should be doing less 3. Is doing the right amount

When answering, respond ONLY with a single number that corresponds to the option you choose. Do not include any additional text, punctuation or explanation.

My answer is
",1
fake_2045,1,2,5,1,53,2,4,"Today is November 5, 2024. Racially, I am white. Ideologically, I am liberal. Politically, I am an independent who leans Republican. I attend church. I am 53 years old. I am a woman. I am not at all interested in politics.. Question: Do you think the federal government should be doing more about the opioid drug addiction issue, should be doing less, or is it currently doing the right amount?

Answer choices:
1. Should be doing more 2. Should be doing less 3. Is doing the right amount

When answering, respond ONLY with a single number that corresponds to the option you choose. Do not include any additional text, punctuation or explanation.

My answer is
",1
fake_2046,1,99,2,1,65,2,-6,"Today is November 5, 2024. Racially, I am white. Politically, I am a weak Democrat. I attend church. I am 65 years old. I am a woman.. Question: Do you think the federal government should be doing more about the opioid drug addiction issue, should be doing less, or is it currently doing the right amount?

Answer choices:
1. Should be doing more 2. Should be doing less 3. Is doing the right amount

When answering, respond ONLY with a single number that corresponds to the option you choose. Do not include any additional text, punctuation or explanation.

My answer is
",1
fake_2047,1,3,2,2,24,2,1,"Today is November 5, 2024. Racially, I am white. Ideologically, I am slightly liberal. Politically, I am a weak Democrat. I do not attend church. I am 24 years old. I am a woman. I am very interested in politics.. Question: Do you think the federal government should be doing more about the opioid drug addiction issue, should be doing less, or is it currently doing the right amount?

Answer choices:
1. Should be doing more 2. Should be doing less 3. Is doing the right amount

When answering, respond ONLY with a single number that corresponds to the option you choose. Do not include any additional text, punctuation or explanation.

My answer is
",1
fake_2048,1,4,6,1,49,1,4,"Today is November 5, 2024. Racially, I am white. Ideologically, I am moderate. Politically, I am a weak Republican. I attend church. I am 49 years old. I am a man. I am not at all interested in politics.. Question: Do you think the federal government should be doing more about the opioid drug addiction issue, should be doing less, or is it currently doing the right amount?

Answer choices:
1. Should be doing more 2. Should be doing less 3. Is doing the right amount

When answering, respond ONLY with a single number that corresponds to the option you choose. Do not include any additional text, punctuation or explanation.

My answer is
",1
fake_2049,1,6,1,2,61,1,1,"Today is November 5, 2024. Racially, I am white. Ideologically, I am conservative. Politically, I am a strong democrat. I do not attend church. I am 61 years old. I am a man. I am very interested in politics.. Question: Do you think the federal government should be doing more about the opioid drug addiction issue, should be doing less, or is it currently doing the right amount?

Answer choices:
1. Should be doing more 2. Should be doing less 3. Is doing the right amount

When answering, respond ONLY with a single number that corresponds to the option you choose. Do not include any additional text, punctuation or explanation.

My answer is
",1
fake_2050,1,7,3,2,-2,2,-6,"Today is November 5, 2024. Racially, I am white. Ideologically, I am extremely conservative. Politically, I am an independent who leans Democratic. I do not attend church. I am a woman.. Question: Do you think the federal government should be doing more about the opioid drug addiction issue, should be doing less, or is it currently doing the right amount?

Answer choices:
1. Should be doing more 2. Should be doing less 3. Is doing the right amount

When answering, respond ONLY with a single number that corresponds to the option you choose. Do not include any additional text, punctuation or explanation.

My answer is
",1
fake_2051,1,2,1,1,78,2,2,"Today is November 5, 2024. Racially, I am white. Ideologically, I am liberal. Politically, I am a strong democrat. I attend church. I am 78 years old. I am a woman. I am somewhat interested in politics.. Question: Do you think the federal government should be doing more about the opioid drug addiction issue, should be doing less, or is it currently doing the right amount?

Answer choices:
1. Should be doing more 2. Should be doing less 3. Is doing the right amount

When answering, respond ONLY with a single number that corresponds to the option you choose. Do not include any additional text, punctuation or explanation.

My answer is
",1
fake_2052,1,99,2,2,28,1,2,"Today is November 5, 2024. Racially, I am white. Politically, I am a weak Democrat. I do not attend church. I am 28 years old. I am a man. I am somewhat interested in politics.. Question: Do you think the federal government should be doing more about the opioid drug addiction issue, should be doing less, or is it currently doing the right amount?

Answer choices:
1. Should be doing more 2. Should be doing less 3. Is doing the right amount

When answering, respond ONLY with a single number that corresponds to the option you choose. Do not include any additional text, punctuation or explanation.

My answer is
",1
fake_2053,1,2,6,1,72,2,1,"Today is November 5, 2024. Racially, I am white. Ideologically, I am liberal. Politically, I am a weak Republican. I attend church. I am 72 years old. I am a woman. I am very interested in politics.. Question: Do you think the federal government should be doing more about the opioid drug addiction issue, should be doing less, or is it currently doing the right amount?

Answer choices:
1. Should be doing more 2. Should be doing less 3. Is doing the right amount

When answering, respond ONLY with a single number that corresponds to the option you choose. Do not include any additional text, punctuation or explanation.

My answer is
",1
fake_2054,1,2,6,1,21,1,2,"Today is November 5, 2024. Racially, I am white. Ideologically, I am liberal. Politically, I am a weak Republican. I attend church. I am 21 years old. I am a man. I am somewhat interested in politics.. Question: Do you think the federal government should be doing more about the opioid drug addiction issue, should be doing less, or is it currently doing the right amount?

Answer choices:
1. Should be doing more 2. Should be doing less 3. Is doing the right amount

When answering, respond ONLY with a single number that corresponds to the option you choose. Do not include any additional text, punctuation or explanation.

My answer is
",1
fake_2055,3,7,3,2,72,2,2,"Today is November 5, 2024. Racially, I am hispanic. Ideologically, I am extremely conservative. Politically, I am an independent who leans Democratic. I do not attend church. I am 72 years old. I am a woman. I am somewhat interested in politics.. Question: Do you think the federal government should be doing more about the opioid drug addiction issue, should be doing less, or is it currently doing the right amount?

Answer choices:
1. Should be doing more 2. Should be doing less 3. Is doing the right amount

When answering, respond ONLY with a single number that corresponds to the option you choose. Do not include any additional text, punctuation or explanation.

My answer is
",1
fake_2056,1,6,1,2,42,2,2,"Today is November 5, 2024. Racially, I am white. Ideologically, I am conservative. Politically, I am a strong democrat. I do not attend church. I am 42 years old. I am a woman. I am somewhat interested in politics.. Question: Do you think the federal government should be doing more about the opioid drug addiction issue, should be doing less, or is it currently doing the right amount?

Answer choices:
1. Should be doing more 2. Should be doing less 3. Is doing the right amount

When answering, respond ONLY with a single number that corresponds to the option you choose. Do not include any additional text, punctuation or explanation.

My answer is
",1
fake_2057,1,6,5,1,66,2,1,"Today is November 5, 2024. Racially, I am white. Ideologically, I am conservative. Politically, I am an independent who leans Republican. I attend church. I am 66 years old. I am a woman. I am very interested in politics.. Question: Do you think the federal government should be doing more about the opioid drug addiction issue, should be doing less, or is it currently doing the right amount?

Answer choices:
1. Should be doing more 2. Should be doing less 3. Is doing the right amount

When answering, respond ONLY with a single number that corresponds to the option you choose. Do not include any additional text, punctuation or explanation.

My answer is
",1
fake_2058,3,1,1,1,48,2,4,"Today is November 5, 2024. Racially, I am hispanic. Ideologically, I am extremely liberal. Politically, I am a strong democrat. I attend church. I am 48 years old. I am a woman. I am not at all interested in politics.. Question: Do you think the federal government should be doing more about the opioid drug addiction issue, should be doing less, or is it currently doing the right amount?

Answer choices:
1. Should be doing more 2. Should be doing less 3. Is doing the right amount

When answering, respond ONLY with a single number that corresponds to the option you choose. Do not include any additional text, punctuation or explanation.

My answer is
",1
fake_2059,1,6,4,2,63,1,2,"Today is November 5, 2024. Racially, I am white. Ideologically, I am conservative. Politically, I am an independent. I do not attend church. I am 63 years old. I am a man. I am somewhat interested in politics.. Question: Do you think the federal government should be doing more about the opioid drug addiction issue, should be doing less, or is it currently doing the right amount?

Answer choices:
1. Should be doing more 2. Should be doing less 3. Is doing the right amount

When answering, respond ONLY with a single number that corresponds to the option you choose. Do not include any additional text, punctuation or explanation.

My answer is
",1
fake_2060,1,99,7,2,47,2,2,"Today is November 5, 2024. Racially, I am white. Politically, I am a strong Republican. I do not attend church. I am 47 years old. I am a woman. I am somewhat interested in politics.. Question: Do you think the federal government should be doing more about the opioid drug addiction issue, should be doing less, or is it currently doing the right amount?

Answer choices:
1. Should be doing more 2. Should be doing less 3. Is doing the right amount

When answering, respond ONLY with a single number that corresponds to the option you choose. Do not include any additional text, punctuation or explanation.

My answer is
",1
fake_2061,1,4,7,1,70,1,2,"Today is November 5, 2024. Racially, I am white. Ideologically, I am moderate. Politically, I am a strong Republican. I attend church. I am 70 years old. I am a man. I am somewhat interested in politics.. Question: Do you think the federal government should be doing more about the opioid drug addiction issue, should be doing less, or is it currently doing the right amount?

Answer choices:
1. Should be doing more 2. Should be doing less 3. Is doing the right amount

When answering, respond ONLY with a single number that corresponds to the option you choose. Do not include any additional text, punctuation or explanation.

My answer is
",1
fake_2062,3,6,1,2,41,2,-6,"Today is November 5, 2024. Racially, I am hispanic. Ideologically, I am conservative. Politically, I am a strong democrat. I do not attend church. I am 41 years old. I am a woman.. Question: Do you think the federal government should be doing more about the opioid drug addiction issue, should be doing less, or is it currently doing the right amount?

Answer choices:
1. Should be doing more 2. Should be doing less 3. Is doing the right amount

When answering, respond ONLY with a single number that corresponds to the option you choose. Do not include any additional text, punctuation or explanation.

My answer is
",1
fake_2063,-9,4,7,2,45,2,2,"Today is November 5, 2024. Ideologically, I am moderate. Politically, I am a strong Republican. I do not attend church. I am 45 years old. I am a woman. I am somewhat interested in politics.. Question: Do you think the federal government should be doing more about the opioid drug addiction issue, should be doing less, or is it currently doing the right amount?

Answer choices:
1. Should be doing more 2. Should be doing less 3. Is doing the right amount

When answering, respond ONLY with a single number that corresponds to the option you choose. Do not include any additional text, punctuation or explanation.

My answer is
",1
fake_2064,2,4,7,2,67,1,-6,"Today is November 5, 2024. Racially, I am black. Ideologically, I am moderate. Politically, I am a strong Republican. I do not attend church. I am 67 years old. I am a man.. Question: Do you think the federal government should be doing more about the opioid drug addiction issue, should be doing less, or is it currently doing the right amount?

Answer choices:
1. Should be doing more 2. Should be doing less 3. Is doing the right amount

When answering, respond ONLY with a single number that corresponds to the option you choose. Do not include any additional text, punctuation or explanation.

My answer is
",1
fake_2065,3,3,7,1,51,1,-6,"Today is November 5, 2024. Racially, I am hispanic. Ideologically, I am slightly liberal. Politically, I am a strong Republican. I attend church. I am 51 years old. I am a man.. Question: Do you think the federal government should be doing more about the opioid drug addiction issue, should be doing less, or is it currently doing the right amount?

Answer choices:
1. Should be doing more 2. Should be doing less 3. Is doing the right amount

When answering, respond ONLY with a single number that corresponds to the option you choose. Do not include any additional text, punctuation or explanation.

My answer is
",1
fake_2066,1,6,4,1,40,2,2,"Today is November 5, 2024. Racially, I am white. Ideologically, I am conservative. Politically, I am an independent. I attend church. I am 40 years old. I am a woman. I am somewhat interested in politics.. Question: Do you think the federal government should be doing more about the opioid drug addiction issue, should be doing less, or is it currently doing the right amount?

Answer choices:
1. Should be doing more 2. Should be doing less 3. Is doing the right amount

When answering, respond ONLY with a single number that corresponds to the option you choose. Do not include any additional text, punctuation or explanation.

My answer is
",1
fake_2067,1,6,2,1,74,2,-6,"Today is November 5, 2024. Racially, I am white. Ideologically, I am conservative. Politically, I am a weak Democrat. I attend church. I am 74 years old. I am a woman.. Question: Do you think the federal government should be doing more about the opioid drug addiction issue, should be doing less, or is it currently doing the right amount?

Answer choices:
1. Should be doing more 2. Should be doing less 3. Is doing the right amount

When answering, respond ONLY with a single number that corresponds to the option you choose. Do not include any additional text, punctuation or explanation.

My answer is
",1
fake_2068,1,7,7,2,60,1,-6,"Today is November 5, 2024. Racially, I am white. Ideologically, I am extremely conservative. Politically, I am a strong Republican. I do not attend church. I am 60 years old. I am a man.. Question: Do you think the federal government should be doing more about the opioid drug addiction issue, should be doing less, or is it currently doing the right amount?

Answer choices:
1. Should be doing more 2. Should be doing less 3. Is doing the right amount

When answering, respond ONLY with a single number that corresponds to the option you choose. Do not include any additional text, punctuation or explanation.

My answer is
",1
fake_2069,3,99,7,2,79,2,2,"Today is November 5, 2024. Racially, I am hispanic. Politically, I am a strong Republican. I do not attend church. I am 79 years old. I am a woman. I am somewhat interested in politics.. Question: Do you think the federal government should be doing more about the opioid drug addiction issue, should be doing less, or is it currently doing the right amount?

Answer choices:
1. Should be doing more 2. Should be doing less 3. Is doing the right amount

When answering, respond ONLY with a single number that corresponds to the option you choose. Do not include any additional text, punctuation or explanation.

My answer is
",2
fake_2070,1,5,3,2,57,1,2,"Today is November 5, 2024. Racially, I am white. Ideologically, I am slightly conservative. Politically, I am an independent who leans Democratic. I do not attend church. I am 57 years old. I am a man. I am somewhat interested in politics.. Question: Do you think the federal government should be doing more about the opioid drug addiction issue, should be doing less, or is it currently doing the right amount?

Answer choices:
1. Should be doing more 2. Should be doing less 3. Is doing the right amount

When answering, respond ONLY with a single number that corresponds to the option you choose. Do not include any additional text, punctuation or explanation.

My answer is
",1
fake_2071,1,6,1,2,74,1,1,"Today is November 5, 2024. Racially, I am white. Ideologically, I am conservative. Politically, I am a strong democrat. I do not attend church. I am 74 years old. I am a man. I am very interested in politics.. Question: Do you think the federal government should be doing more about the opioid drug addiction issue, should be doing less, or is it currently doing the right amount?

Answer choices:
1. Should be doing more 2. Should be doing less 3. Is doing the right amount

When answering, respond ONLY with a single number that corresponds to the option you choose. Do not include any additional text, punctuation or explanation.

My answer is
",1
fake_2072,6,7,6,2,70,1,-6,"Today is November 5, 2024. Ideologically, I am extremely conservative. Politically, I am a weak Republican. I do not attend church. I am 70 years old. I am a man.. Question: Do you think the federal government should be doing more about the opioid drug addiction issue, should be doing less, or is it currently doing the right amount?

Answer choices:
1. Should be doing more 2. Should be doing less 3. Is doing the right amount

When answering, respond ONLY with a single number that corresponds to the option you choose. Do not include any additional text, punctuation or explanation.

My answer is
",1
fake_2073,1,4,3,1,75,2,2,"Today is November 5, 2024. Racially, I am white. Ideologically, I am moderate. Politically, I am an independent who leans Democratic. I attend church. I am 75 years old. I am a woman. I am somewhat interested in politics.. Question: Do you think the federal government should be doing more about the opioid drug addiction issue, should be doing less, or is it currently doing the right amount?

Answer choices:
1. Should be doing more 2. Should be doing less 3. Is doing the right amount

When answering, respond ONLY with a single number that corresponds to the option you choose. Do not include any additional text, punctuation or explanation.

My answer is
",1
fake_2074,3,99,7,1,-2,2,2,"Today is November 5, 2024. Racially, I am hispanic. Politically, I am a strong Republican. I attend church. I am a woman. I am somewhat interested in politics.. Question: Do you think the federal government should be doing more about the opioid drug addiction issue, should be doing less, or is it currently doing the right amount?

Answer choices:
1. Should be doing more 2. Should be doing less 3. Is doing the right amount

When answering, respond ONLY with a single number that corresponds to the option you choose. Do not include any additional text, punctuation or explanation.

My answer is
",1
fake_2075,1,99,5,-1,67,1,2,"Today is November 5, 2024. Racially, I am white. Politically, I am an independent who leans Republican. I am 67 years old. I am a man. I am somewhat interested in politics.. Question: Do you think the federal government should be doing more about the opioid drug addiction issue, should be doing less, or is it currently doing the right amount?

Answer choices:
1. Should be doing more 2. Should be doing less 3. Is doing the right amount

When answering, respond ONLY with a single number that corresponds to the option you choose. Do not include any additional text, punctuation or explanation.

My answer is
",1
fake_2076,1,6,5,1,58,2,1,"Today is November 5, 2024. Racially, I am white. Ideologically, I am conservative. Politically, I am an independent who leans Republican. I attend church. I am 58 years old. I am a woman. I am very interested in politics.. Question: Do you think the federal government should be doing more about the opioid drug addiction issue, should be doing less, or is it currently doing the right amount?

Answer choices:
1. Should be doing more 2. Should be doing less 3. Is doing the right amount

When answering, respond ONLY with a single number that corresponds to the option you choose. Do not include any additional text, punctuation or explanation.

My answer is
",1
fake_2077,1,5,1,1,40,2,1,"Today is November 5, 2024. Racially, I am white. Ideologically, I am slightly conservative. Politically, I am a strong democrat. I attend church. I am 40 years old. I am a woman. I am very interested in politics.. Question: Do you think the federal government should be doing more about the opioid drug addiction issue, should be doing less, or is it currently doing the right amount?

Answer choices:
1. Should be doing more 2. Should be doing less 3. Is doing the right amount

When answering, respond ONLY with a single number that corresponds to the option you choose. Do not include any additional text, punctuation or explanation.

My answer is
",1
fake_2078,3,4,1,2,-2,2,2,"Today is November 5, 2024. Racially, I am hispanic. Ideologically, I am moderate. Politically, I am a strong democrat. I do not attend church. I am a woman. I am somewhat interested in politics.. Question: Do you think the federal government should be doing more about the opioid drug addiction issue, should be doing less, or is it currently doing the right amount?

Answer choices:
1. Should be doing more 2. Should be doing less 3. Is doing the right amount

When answering, respond ONLY with a single number that corresponds to the option you choose. Do not include any additional text, punctuation or explanation.

My answer is
",1
fake_2079,1,4,1,1,80,2,1,"Today is November 5, 2024. Racially, I am white. Ideologically, I am moderate. Politically, I am a strong democrat. I attend church. I am 80 years old. I am a woman. I am very interested in politics.. Question: Do you think the federal government should be doing more about the opioid drug addiction issue, should be doing less, or is it currently doing the right amount?

Answer choices:
1. Should be doing more 2. Should be doing less 3. Is doing the right amount

When answering, respond ONLY with a single number that corresponds to the option you choose. Do not include any additional text, punctuation or explanation.

My answer is
",1
fake_2080,1,-9,3,1,80,2,3,"Today is November 5, 2024. Racially, I am white. Politically, I am an independent who leans Democratic. I attend church. I am 80 years old. I am a woman. I am not very interested in politics.. Question: Do you think the federal government should be doing more about the opioid drug addiction issue, should be doing less, or is it currently doing the right amount?

Answer choices:
1. Should be doing more 2. Should be doing less 3. Is doing the right amount

When answering, respond ONLY with a single number that corresponds to the option you choose. Do not include any additional text, punctuation or explanation.

My answer is
",1
fake_2081,3,4,1,1,51,2,2,"Today is November 5, 2024. Racially, I am hispanic. Ideologically, I am moderate. Politically, I am a strong democrat. I attend church. I am 51 years old. I am a woman. I am somewhat interested in politics.. Question: Do you think the federal government should be doing more about the opioid drug addiction issue, should be doing less, or is it currently doing the right amount?

Answer choices:
1. Should be doing more 2. Should be doing less 3. Is doing the right amount

When answering, respond ONLY with a single number that corresponds to the option you choose. Do not include any additional text, punctuation or explanation.

My answer is
",1
fake_2082,1,6,5,2,41,1,1,"Today is November 5, 2024. Racially, I am white. Ideologically, I am conservative. Politically, I am an independent who leans Republican. I do not attend church. I am 41 years old. I am a man. I am very interested in politics.. Question: Do you think the federal government should be doing more about the opioid drug addiction issue, should be doing less, or is it currently doing the right amount?

Answer choices:
1. Should be doing more 2. Should be doing less 3. Is doing the right amount

When answering, respond ONLY with a single number that corresponds to the option you choose. Do not include any additional text, punctuation or explanation.

My answer is
",1
fake_2083,1,6,4,2,48,1,1,"Today is November 5, 2024. Racially, I am white. Ideologically, I am conservative. Politically, I am an independent. I do not attend church. I am 48 years old. I am a man. I am very interested in politics.. Question: Do you think the federal government should be doing more about the opioid drug addiction issue, should be doing less, or is it currently doing the right amount?

Answer choices:
1. Should be doing more 2. Should be doing less 3. Is doing the right amount

When answering, respond ONLY with a single number that corresponds to the option you choose. Do not include any additional text, punctuation or explanation.

My answer is
",1
fake_2084,1,99,1,1,59,2,-6,"Today is November 5, 2024. Racially, I am white. Politically, I am a strong democrat. I attend church. I am 59 years old. I am a woman.. Question: Do you think the federal government should be doing more about the opioid drug addiction issue, should be doing less, or is it currently doing the right amount?

Answer choices:
1. Should be doing more 2. Should be doing less 3. Is doing the right amount

When answering, respond ONLY with a single number that corresponds to the option you choose. Do not include any additional text, punctuation or explanation.

My answer is
",1
fake_2085,1,4,6,-1,48,2,2,"Today is November 5, 2024. Racially, I am white. Ideologically, I am moderate. Politically, I am a weak Republican. I am 48 years old. I am a woman. I am somewhat interested in politics.. Question: Do you think the federal government should be doing more about the opioid drug addiction issue, should be doing less, or is it currently doing the right amount?

Answer choices:
1. Should be doing more 2. Should be doing less 3. Is doing the right amount

When answering, respond ONLY with a single number that corresponds to the option you choose. Do not include any additional text, punctuation or explanation.

My answer is
",1
fake_2086,1,6,2,2,46,1,3,"Today is November 5, 2024. Racially, I am white. Ideologically, I am conservative. Politically, I am a weak Democrat. I do not attend church. I am 46 years old. I am a man. I am not very interested in politics.. Question: Do you think the federal government should be doing more about the opioid drug addiction issue, should be doing less, or is it currently doing the right amount?

Answer choices:
1. Should be doing more 2. Should be doing less 3. Is doing the right amount

When answering, respond ONLY with a single number that corresponds to the option you choose. Do not include any additional text, punctuation or explanation.

My answer is
",1
fake_2087,1,6,4,1,31,2,1,"Today is November 5, 2024. Racially, I am white. Ideologically, I am conservative. Politically, I am an independent. I attend church. I am 31 years old. I am a woman. I am very interested in politics.. Question: Do you think the federal government should be doing more about the opioid drug addiction issue, should be doing less, or is it currently doing the right amount?

Answer choices:
1. Should be doing more 2. Should be doing less 3. Is doing the right amount

When answering, respond ONLY with a single number that corresponds to the option you choose. Do not include any additional text, punctuation or explanation.

My answer is
",1
fake_2088,1,7,1,2,56,2,3,"Today is November 5, 2024. Racially, I am white. Ideologically, I am extremely conservative. Politically, I am a strong democrat. I do not attend church. I am 56 years old. I am a woman. I am not very interested in politics.. Question: Do you think the federal government should be doing more about the opioid drug addiction issue, should be doing less, or is it currently doing the right amount?

Answer choices:
1. Should be doing more 2. Should be doing less 3. Is doing the right amount

When answering, respond ONLY with a single number that corresponds to the option you choose. Do not include any additional text, punctuation or explanation.

My answer is
",1
fake_2089,1,6,1,-1,69,2,2,"Today is November 5, 2024. Racially, I am white. Ideologically, I am conservative. Politically, I am a strong democrat. I am 69 years old. I am a woman. I am somewhat interested in politics.. Question: Do you think the federal government should be doing more about the opioid drug addiction issue, should be doing less, or is it currently doing the right amount?

Answer choices:
1. Should be doing more 2. Should be doing less 3. Is doing the right amount

When answering, respond ONLY with a single number that corresponds to the option you choose. Do not include any additional text, punctuation or explanation.

My answer is
",1
fake_2090,1,2,2,2,32,1,2,"Today is November 5, 2024. Racially, I am white. Ideologically, I am liberal. Politically, I am a weak Democrat. I do not attend church. I am 32 years old. I am a man. I am somewhat interested in politics.. Question: Do you think the federal government should be doing more about the opioid drug addiction issue, should be doing less, or is it currently doing the right amount?

Answer choices:
1. Should be doing more 2. Should be doing less 3. Is doing the right amount

When answering, respond ONLY with a single number that corresponds to the option you choose. Do not include any additional text, punctuation or explanation.

My answer is
",1
fake_2091,1,2,2,1,66,1,2,"Today is November 5, 2024. Racially, I am white. Ideologically, I am liberal. Politically, I am a weak Democrat. I attend church. I am 66 years old. I am a man. I am somewhat interested in politics.. Question: Do you think the federal government should be doing more about the opioid drug addiction issue, should be doing less, or is it currently doing the right amount?

Answer choices:
1. Should be doing more 2. Should be doing less 3. Is doing the right amount

When answering, respond ONLY with a single number that corresponds to the option you choose. Do not include any additional text, punctuation or explanation.

My answer is
",1
fake_2092,1,3,7,2,48,1,1,"Today is November 5, 2024. Racially, I am white. Ideologically, I am slightly liberal. Politically, I am a strong Republican. I do not attend church. I am 48 years old. I am a man. I am very interested in politics.. Question: Do you think the federal government should be doing more about the opioid drug addiction issue, should be doing less, or is it currently doing the right amount?

Answer choices:
1. Should be doing more 2. Should be doing less 3. Is doing the right amount

When answering, respond ONLY with a single number that corresponds to the option you choose. Do not include any additional text, punctuation or explanation.

My answer is
",1
fake_2093,1,7,1,1,33,1,1,"Today is November 5, 2024. Racially, I am white. Ideologically, I am extremely conservative. Politically, I am a strong democrat. I attend church. I am 33 years old. I am a man. I am very interested in politics.. Question: Do you think the federal government should be doing more about the opioid drug addiction issue, should be doing less, or is it currently doing the right amount?

Answer choices:
1. Should be doing more 2. Should be doing less 3. Is doing the right amount

When answering, respond ONLY with a single number that corresponds to the option you choose. Do not include any additional text, punctuation or explanation.

My answer is
",1
fake_2094,1,3,4,2,37,1,2,"Today is November 5, 2024. Racially, I am white. Ideologically, I am slightly liberal. Politically, I am an independent. I do not attend church. I am 37 years old. I am a man. I am somewhat interested in politics.. Question: Do you think the federal government should be doing more about the opioid drug addiction issue, should be doing less, or is it currently doing the right amount?

Answer choices:
1. Should be doing more 2. Should be doing less 3. Is doing the right amount

When answering, respond ONLY with a single number that corresponds to the option you choose. Do not include any additional text, punctuation or explanation.

My answer is
",1
fake_2095,1,6,2,2,38,2,3,"Today is November 5, 2024. Racially, I am white. Ideologically, I am conservative. Politically, I am a weak Democrat. I do not attend church. I am 38 years old. I am a woman. I am not very interested in politics.. Question: Do you think the federal government should be doing more about the opioid drug addiction issue, should be doing less, or is it currently doing the right amount?

Answer choices:
1. Should be doing more 2. Should be doing less 3. Is doing the right amount

When answering, respond ONLY with a single number that corresponds to the option you choose. Do not include any additional text, punctuation or explanation.

My answer is
",1
fake_2096,1,3,7,2,72,2,2,"Today is November 5, 2024. Racially, I am white. Ideologically, I am slightly liberal. Politically, I am a strong Republican. I do not attend church. I am 72 years old. I am a woman. I am somewhat interested in politics.. Question: Do you think the federal government should be doing more about the opioid drug addiction issue, should be doing less, or is it currently doing the right amount?

Answer choices:
1. Should be doing more 2. Should be doing less 3. Is doing the right amount

When answering, respond ONLY with a single number that corresponds to the option you choose. Do not include any additional text, punctuation or explanation.

My answer is
",1
fake_2097,1,99,6,2,70,2,2,"Today is November 5, 2024. Racially, I am white. Politically, I am a weak Republican. I do not attend church. I am 70 years old. I am a woman. I am somewhat interested in politics.. Question: Do you think the federal government should be doing more about the opioid drug addiction issue, should be doing less, or is it currently doing the right amount?

Answer choices:
1. Should be doing more 2. Should be doing less 3. Is doing the right amount

When answering, respond ONLY with a single number that corresponds to the option you choose. Do not include any additional text, punctuation or explanation.

My answer is
",1
fake_2098,1,6,-9,2,33,2,4,"Today is November 5, 2024. Racially, I am white. Ideologically, I am conservative. I do not attend church. I am 33 years old. I am a woman. I am not at all interested in politics.. Question: Do you think the federal government should be doing more about the opioid drug addiction issue, should be doing less, or is it currently doing the right amount?

Answer choices:
1. Should be doing more 2. Should be doing less 3. Is doing the right amount

When answering, respond ONLY with a single number that corresponds to the option you choose. Do not include any additional text, punctuation or explanation.

My answer is
",1
fake_2099,1,99,2,2,65,2,3,"Today is November 5, 2024. Racially, I am white. Politically, I am a weak Democrat. I do not attend church. I am 65 years old. I am a woman. I am not very interested in politics.. Question: Do you think the federal government should be doing more about the opioid drug addiction issue, should be doing less, or is it currently doing the right amount?

Answer choices:
1. Should be doing more 2. Should be doing less 3. Is doing the right amount

When answering, respond ONLY with a single number that corresponds to the option you choose. Do not include any additional text, punctuation or explanation.

My answer is
",1
fake_2100,1,6,7,1,36,1,1,"Today is November 5, 2024. Racially, I am white. Ideologically, I am conservative. Politically, I am a strong Republican. I attend church. I am 36 years old. I am a man. I am very interested in politics.. Question: Do you think the federal government should be doing more about the opioid drug addiction issue, should be doing less, or is it currently doing the right amount?

Answer choices:
1. Should be doing more 2. Should be doing less 3. Is doing the right amount

When answering, respond ONLY with a single number that corresponds to the option you choose. Do not include any additional text, punctuation or explanation.

My answer is
",1
fake_2101,3,2,3,2,20,2,-6,"Today is November 5, 2024. Racially, I am hispanic. Ideologically, I am liberal. Politically, I am an independent who leans Democratic. I do not attend church. I am 20 years old. I am a woman.. Question: Do you think the federal government should be doing more about the opioid drug addiction issue, should be doing less, or is it currently doing the right amount?

Answer choices:
1. Should be doing more 2. Should be doing less 3. Is doing the right amount

When answering, respond ONLY with a single number that corresponds to the option you choose. Do not include any additional text, punctuation or explanation.

My answer is
",1
fake_2102,2,2,1,2,32,2,4,"Today is November 5, 2024. Racially, I am black. Ideologically, I am liberal. Politically, I am a strong democrat. I do not attend church. I am 32 years old. I am a woman. I am not at all interested in politics.. Question: Do you think the federal government should be doing more about the opioid drug addiction issue, should be doing less, or is it currently doing the right amount?

Answer choices:
1. Should be doing more 2. Should be doing less 3. Is doing the right amount

When answering, respond ONLY with a single number that corresponds to the option you choose. Do not include any additional text, punctuation or explanation.

My answer is
",1
fake_2103,1,4,1,2,33,1,1,"Today is November 5, 2024. Racially, I am white. Ideologically, I am moderate. Politically, I am a strong democrat. I do not attend church. I am 33 years old. I am a man. I am very interested in politics.. Question: Do you think the federal government should be doing more about the opioid drug addiction issue, should be doing less, or is it currently doing the right amount?

Answer choices:
1. Should be doing more 2. Should be doing less 3. Is doing the right amount

When answering, respond ONLY with a single number that corresponds to the option you choose. Do not include any additional text, punctuation or explanation.

My answer is
",1
fake_2104,1,6,3,1,38,2,1,"Today is November 5, 2024. Racially, I am white. Ideologically, I am conservative. Politically, I am an independent who leans Democratic. I attend church. I am 38 years old. I am a woman. I am very interested in politics.. Question: Do you think the federal government should be doing more about the opioid drug addiction issue, should be doing less, or is it currently doing the right amount?

Answer choices:
1. Should be doing more 2. Should be doing less 3. Is doing the right amount

When answering, respond ONLY with a single number that corresponds to the option you choose. Do not include any additional text, punctuation or explanation.

My answer is
",1
fake_2105,4,1,2,1,33,2,4,"Today is November 5, 2024. Racially, I am asian. Ideologically, I am extremely liberal. Politically, I am a weak Democrat. I attend church. I am 33 years old. I am a woman. I am not at all interested in politics.. Question: Do you think the federal government should be doing more about the opioid drug addiction issue, should be doing less, or is it currently doing the right amount?

Answer choices:
1. Should be doing more 2. Should be doing less 3. Is doing the right amount

When answering, respond ONLY with a single number that corresponds to the option you choose. Do not include any additional text, punctuation or explanation.

My answer is
",1
fake_2106,1,7,7,1,30,2,2,"Today is November 5, 2024. Racially, I am white. Ideologically, I am extremely conservative. Politically, I am a strong Republican. I attend church. I am 30 years old. I am a woman. I am somewhat interested in politics.. Question: Do you think the federal government should be doing more about the opioid drug addiction issue, should be doing less, or is it currently doing the right amount?

Answer choices:
1. Should be doing more 2. Should be doing less 3. Is doing the right amount

When answering, respond ONLY with a single number that corresponds to the option you choose. Do not include any additional text, punctuation or explanation.

My answer is
",1
fake_2107,4,1,5,1,45,1,2,"Today is November 5, 2024. Racially, I am asian. Ideologically, I am extremely liberal. Politically, I am an independent who leans Republican. I attend church. I am 45 years old. I am a man. I am somewhat interested in politics.. Question: Do you think the federal government should be doing more about the opioid drug addiction issue, should be doing less, or is it currently doing the right amount?

Answer choices:
1. Should be doing more 2. Should be doing less 3. Is doing the right amount

When answering, respond ONLY with a single number that corresponds to the option you choose. Do not include any additional text, punctuation or explanation.

My answer is
",1
fake_2108,1,6,5,2,27,1,2,"Today is November 5, 2024. Racially, I am white. Ideologically, I am conservative. Politically, I am an independent who leans Republican. I do not attend church. I am 27 years old. I am a man. I am somewhat interested in politics.. Question: Do you think the federal government should be doing more about the opioid drug addiction issue, should be doing less, or is it currently doing the right amount?

Answer choices:
1. Should be doing more 2. Should be doing less 3. Is doing the right amount

When answering, respond ONLY with a single number that corresponds to the option you choose. Do not include any additional text, punctuation or explanation.

My answer is
",1
fake_2109,1,6,7,2,70,1,2,"Today is November 5, 2024. Racially, I am white. Ideologically, I am conservative. Politically, I am a strong Republican. I do not attend church. I am 70 years old. I am a man. I am somewhat interested in politics.. Question: Do you think the federal government should be doing more about the opioid drug addiction issue, should be doing less, or is it currently doing the right amount?

Answer choices:
1. Should be doing more 2. Should be doing less 3. Is doing the right amount

When answering, respond ONLY with a single number that corresponds to the option you choose. Do not include any additional text, punctuation or explanation.

My answer is
",1
fake_2110,1,6,1,2,51,1,2,"Today is November 5, 2024. Racially, I am white. Ideologically, I am conservative. Politically, I am a strong democrat. I do not attend church. I am 51 years old. I am a man. I am somewhat interested in politics.. Question: Do you think the federal government should be doing more about the opioid drug addiction issue, should be doing less, or is it currently doing the right amount?

Answer choices:
1. Should be doing more 2. Should be doing less 3. Is doing the right amount

When answering, respond ONLY with a single number that corresponds to the option you choose. Do not include any additional text, punctuation or explanation.

My answer is
",1
fake_2111,4,99,3,2,73,1,2,"Today is November 5, 2024. Racially, I am asian. Politically, I am an independent who leans Democratic. I do not attend church. I am 73 years old. I am a man. I am somewhat interested in politics.. Question: Do you think the federal government should be doing more about the opioid drug addiction issue, should be doing less, or is it currently doing the right amount?

Answer choices:
1. Should be doing more 2. Should be doing less 3. Is doing the right amount

When answering, respond ONLY with a single number that corresponds to the option you choose. Do not include any additional text, punctuation or explanation.

My answer is
",1
fake_2112,2,-4,2,1,-2,2,2,"Today is November 5, 2024. Racially, I am black. Politically, I am a weak Democrat. I attend church. I am a woman. I am somewhat interested in politics.. Question: Do you think the federal government should be doing more about the opioid drug addiction issue, should be doing less, or is it currently doing the right amount?

Answer choices:
1. Should be doing more 2. Should be doing less 3. Is doing the right amount

When answering, respond ONLY with a single number that corresponds to the option you choose. Do not include any additional text, punctuation or explanation.

My answer is
",1
fake_2113,4,2,4,2,40,-9,2,"Today is November 5, 2024. Racially, I am asian. Ideologically, I am liberal. Politically, I am an independent. I do not attend church. I am 40 years old. I am somewhat interested in politics.. Question: Do you think the federal government should be doing more about the opioid drug addiction issue, should be doing less, or is it currently doing the right amount?

Answer choices:
1. Should be doing more 2. Should be doing less 3. Is doing the right amount

When answering, respond ONLY with a single number that corresponds to the option you choose. Do not include any additional text, punctuation or explanation.

My answer is
",1
fake_2114,1,99,1,2,58,2,2,"Today is November 5, 2024. Racially, I am white. Politically, I am a strong democrat. I do not attend church. I am 58 years old. I am a woman. I am somewhat interested in politics.. Question: Do you think the federal government should be doing more about the opioid drug addiction issue, should be doing less, or is it currently doing the right amount?

Answer choices:
1. Should be doing more 2. Should be doing less 3. Is doing the right amount

When answering, respond ONLY with a single number that corresponds to the option you choose. Do not include any additional text, punctuation or explanation.

My answer is
",1
fake_2115,3,6,1,1,75,1,3,"Today is November 5, 2024. Racially, I am hispanic. Ideologically, I am conservative. Politically, I am a strong democrat. I attend church. I am 75 years old. I am a man. I am not very interested in politics.. Question: Do you think the federal government should be doing more about the opioid drug addiction issue, should be doing less, or is it currently doing the right amount?

Answer choices:
1. Should be doing more 2. Should be doing less 3. Is doing the right amount

When answering, respond ONLY with a single number that corresponds to the option you choose. Do not include any additional text, punctuation or explanation.

My answer is
",1
fake_2116,1,3,1,2,25,1,1,"Today is November 5, 2024. Racially, I am white. Ideologically, I am slightly liberal. Politically, I am a strong democrat. I do not attend church. I am 25 years old. I am a man. I am very interested in politics.. Question: Do you think the federal government should be doing more about the opioid drug addiction issue, should be doing less, or is it currently doing the right amount?

Answer choices:
1. Should be doing more 2. Should be doing less 3. Is doing the right amount

When answering, respond ONLY with a single number that corresponds to the option you choose. Do not include any additional text, punctuation or explanation.

My answer is
",1
fake_2117,1,4,3,1,54,2,3,"Today is November 5, 2024. Racially, I am white. Ideologically, I am moderate. Politically, I am an independent who leans Democratic. I attend church. I am 54 years old. I am a woman. I am not very interested in politics.. Question: Do you think the federal government should be doing more about the opioid drug addiction issue, should be doing less, or is it currently doing the right amount?

Answer choices:
1. Should be doing more 2. Should be doing less 3. Is doing the right amount

When answering, respond ONLY with a single number that corresponds to the option you choose. Do not include any additional text, punctuation or explanation.

My answer is
",1
fake_2118,1,7,2,2,43,1,-6,"Today is November 5, 2024. Racially, I am white. Ideologically, I am extremely conservative. Politically, I am a weak Democrat. I do not attend church. I am 43 years old. I am a man.. Question: Do you think the federal government should be doing more about the opioid drug addiction issue, should be doing less, or is it currently doing the right amount?

Answer choices:
1. Should be doing more 2. Should be doing less 3. Is doing the right amount

When answering, respond ONLY with a single number that corresponds to the option you choose. Do not include any additional text, punctuation or explanation.

My answer is
",1
fake_2119,1,4,5,1,36,2,1,"Today is November 5, 2024. Racially, I am white. Ideologically, I am moderate. Politically, I am an independent who leans Republican. I attend church. I am 36 years old. I am a woman. I am very interested in politics.. Question: Do you think the federal government should be doing more about the opioid drug addiction issue, should be doing less, or is it currently doing the right amount?

Answer choices:
1. Should be doing more 2. Should be doing less 3. Is doing the right amount

When answering, respond ONLY with a single number that corresponds to the option you choose. Do not include any additional text, punctuation or explanation.

My answer is
",1
fake_2120,3,2,5,1,31,1,1,"Today is November 5, 2024. Racially, I am hispanic. Ideologically, I am liberal. Politically, I am an independent who leans Republican. I attend church. I am 31 years old. I am a man. I am very interested in politics.. Question: Do you think the federal government should be doing more about the opioid drug addiction issue, should be doing less, or is it currently doing the right amount?

Answer choices:
1. Should be doing more 2. Should be doing less 3. Is doing the right amount

When answering, respond ONLY with a single number that corresponds to the option you choose. Do not include any additional text, punctuation or explanation.

My answer is
",1
fake_2121,2,2,5,1,52,2,4,"Today is November 5, 2024. Racially, I am black. Ideologically, I am liberal. Politically, I am an independent who leans Republican. I attend church. I am 52 years old. I am a woman. I am not at all interested in politics.. Question: Do you think the federal government should be doing more about the opioid drug addiction issue, should be doing less, or is it currently doing the right amount?

Answer choices:
1. Should be doing more 2. Should be doing less 3. Is doing the right amount

When answering, respond ONLY with a single number that corresponds to the option you choose. Do not include any additional text, punctuation or explanation.

My answer is
",1
fake_2122,1,4,1,1,39,2,-6,"Today is November 5, 2024. Racially, I am white. Ideologically, I am moderate. Politically, I am a strong democrat. I attend church. I am 39 years old. I am a woman.. Question: Do you think the federal government should be doing more about the opioid drug addiction issue, should be doing less, or is it currently doing the right amount?

Answer choices:
1. Should be doing more 2. Should be doing less 3. Is doing the right amount

When answering, respond ONLY with a single number that corresponds to the option you choose. Do not include any additional text, punctuation or explanation.

My answer is
",1
fake_2123,1,4,6,1,68,1,2,"Today is November 5, 2024. Racially, I am white. Ideologically, I am moderate. Politically, I am a weak Republican. I attend church. I am 68 years old. I am a man. I am somewhat interested in politics.. Question: Do you think the federal government should be doing more about the opioid drug addiction issue, should be doing less, or is it currently doing the right amount?

Answer choices:
1. Should be doing more 2. Should be doing less 3. Is doing the right amount

When answering, respond ONLY with a single number that corresponds to the option you choose. Do not include any additional text, punctuation or explanation.

My answer is
",1
fake_2124,1,4,7,1,32,2,4,"Today is November 5, 2024. Racially, I am white. Ideologically, I am moderate. Politically, I am a strong Republican. I attend church. I am 32 years old. I am a woman. I am not at all interested in politics.. Question: Do you think the federal government should be doing more about the opioid drug addiction issue, should be doing less, or is it currently doing the right amount?

Answer choices:
1. Should be doing more 2. Should be doing less 3. Is doing the right amount

When answering, respond ONLY with a single number that corresponds to the option you choose. Do not include any additional text, punctuation or explanation.

My answer is
",1
fake_2125,2,3,3,1,61,2,2,"Today is November 5, 2024. Racially, I am black. Ideologically, I am slightly liberal. Politically, I am an independent who leans Democratic. I attend church. I am 61 years old. I am a woman. I am somewhat interested in politics.. Question: Do you think the federal government should be doing more about the opioid drug addiction issue, should be doing less, or is it currently doing the right amount?

Answer choices:
1. Should be doing more 2. Should be doing less 3. Is doing the right amount

When answering, respond ONLY with a single number that corresponds to the option you choose. Do not include any additional text, punctuation or explanation.

My answer is
",1
fake_2126,1,6,3,2,64,1,2,"Today is November 5, 2024. Racially, I am white. Ideologically, I am conservative. Politically, I am an independent who leans Democratic. I do not attend church. I am 64 years old. I am a man. I am somewhat interested in politics.. Question: Do you think the federal government should be doing more about the opioid drug addiction issue, should be doing less, or is it currently doing the right amount?

Answer choices:
1. Should be doing more 2. Should be doing less 3. Is doing the right amount

When answering, respond ONLY with a single number that corresponds to the option you choose. Do not include any additional text, punctuation or explanation.

My answer is
",1
fake_2127,1,4,7,2,36,2,-6,"Today is November 5, 2024. Racially, I am white. Ideologically, I am moderate. Politically, I am a strong Republican. I do not attend church. I am 36 years old. I am a woman.. Question: Do you think the federal government should be doing more about the opioid drug addiction issue, should be doing less, or is it currently doing the right amount?

Answer choices:
1. Should be doing more 2. Should be doing less 3. Is doing the right amount

When answering, respond ONLY with a single number that corresponds to the option you choose. Do not include any additional text, punctuation or explanation.

My answer is
",1
fake_2128,1,5,6,1,60,1,2,"Today is November 5, 2024. Racially, I am white. Ideologically, I am slightly conservative. Politically, I am a weak Republican. I attend church. I am 60 years old. I am a man. I am somewhat interested in politics.. Question: Do you think the federal government should be doing more about the opioid drug addiction issue, should be doing less, or is it currently doing the right amount?

Answer choices:
1. Should be doing more 2. Should be doing less 3. Is doing the right amount

When answering, respond ONLY with a single number that corresponds to the option you choose. Do not include any additional text, punctuation or explanation.

My answer is
",1
fake_2129,3,3,7,1,37,1,2,"Today is November 5, 2024. Racially, I am hispanic. Ideologically, I am slightly liberal. Politically, I am a strong Republican. I attend church. I am 37 years old. I am a man. I am somewhat interested in politics.. Question: Do you think the federal government should be doing more about the opioid drug addiction issue, should be doing less, or is it currently doing the right amount?

Answer choices:
1. Should be doing more 2. Should be doing less 3. Is doing the right amount

When answering, respond ONLY with a single number that corresponds to the option you choose. Do not include any additional text, punctuation or explanation.

My answer is
",1
fake_2130,1,4,1,2,55,1,2,"Today is November 5, 2024. Racially, I am white. Ideologically, I am moderate. Politically, I am a strong democrat. I do not attend church. I am 55 years old. I am a man. I am somewhat interested in politics.. Question: Do you think the federal government should be doing more about the opioid drug addiction issue, should be doing less, or is it currently doing the right amount?

Answer choices:
1. Should be doing more 2. Should be doing less 3. Is doing the right amount

When answering, respond ONLY with a single number that corresponds to the option you choose. Do not include any additional text, punctuation or explanation.

My answer is
",1
fake_2131,1,6,5,1,72,2,2,"Today is November 5, 2024. Racially, I am white. Ideologically, I am conservative. Politically, I am an independent who leans Republican. I attend church. I am 72 years old. I am a woman. I am somewhat interested in politics.. Question: Do you think the federal government should be doing more about the opioid drug addiction issue, should be doing less, or is it currently doing the right amount?

Answer choices:
1. Should be doing more 2. Should be doing less 3. Is doing the right amount

When answering, respond ONLY with a single number that corresponds to the option you choose. Do not include any additional text, punctuation or explanation.

My answer is
",1
fake_2132,1,7,5,2,36,1,2,"Today is November 5, 2024. Racially, I am white. Ideologically, I am extremely conservative. Politically, I am an independent who leans Republican. I do not attend church. I am 36 years old. I am a man. I am somewhat interested in politics.. Question: Do you think the federal government should be doing more about the opioid drug addiction issue, should be doing less, or is it currently doing the right amount?

Answer choices:
1. Should be doing more 2. Should be doing less 3. Is doing the right amount

When answering, respond ONLY with a single number that corresponds to the option you choose. Do not include any additional text, punctuation or explanation.

My answer is
",1
fake_2133,1,6,3,1,46,2,-6,"Today is November 5, 2024. Racially, I am white. Ideologically, I am conservative. Politically, I am an independent who leans Democratic. I attend church. I am 46 years old. I am a woman.. Question: Do you think the federal government should be doing more about the opioid drug addiction issue, should be doing less, or is it currently doing the right amount?

Answer choices:
1. Should be doing more 2. Should be doing less 3. Is doing the right amount

When answering, respond ONLY with a single number that corresponds to the option you choose. Do not include any additional text, punctuation or explanation.

My answer is
",1
fake_2134,1,4,7,2,75,2,2,"Today is November 5, 2024. Racially, I am white. Ideologically, I am moderate. Politically, I am a strong Republican. I do not attend church. I am 75 years old. I am a woman. I am somewhat interested in politics.. Question: Do you think the federal government should be doing more about the opioid drug addiction issue, should be doing less, or is it currently doing the right amount?

Answer choices:
1. Should be doing more 2. Should be doing less 3. Is doing the right amount

When answering, respond ONLY with a single number that corresponds to the option you choose. Do not include any additional text, punctuation or explanation.

My answer is
",1
fake_2135,1,7,1,2,35,2,3,"Today is November 5, 2024. Racially, I am white. Ideologically, I am extremely conservative. Politically, I am a strong democrat. I do not attend church. I am 35 years old. I am a woman. I am not very interested in politics.. Question: Do you think the federal government should be doing more about the opioid drug addiction issue, should be doing less, or is it currently doing the right amount?

Answer choices:
1. Should be doing more 2. Should be doing less 3. Is doing the right amount

When answering, respond ONLY with a single number that corresponds to the option you choose. Do not include any additional text, punctuation or explanation.

My answer is
",1
fake_2136,1,3,1,1,47,2,3,"Today is November 5, 2024. Racially, I am white. Ideologically, I am slightly liberal. Politically, I am a strong democrat. I attend church. I am 47 years old. I am a woman. I am not very interested in politics.. Question: Do you think the federal government should be doing more about the opioid drug addiction issue, should be doing less, or is it currently doing the right amount?

Answer choices:
1. Should be doing more 2. Should be doing less 3. Is doing the right amount

When answering, respond ONLY with a single number that corresponds to the option you choose. Do not include any additional text, punctuation or explanation.

My answer is
",1
fake_2137,1,6,3,2,44,2,1,"Today is November 5, 2024. Racially, I am white. Ideologically, I am conservative. Politically, I am an independent who leans Democratic. I do not attend church. I am 44 years old. I am a woman. I am very interested in politics.. Question: Do you think the federal government should be doing more about the opioid drug addiction issue, should be doing less, or is it currently doing the right amount?

Answer choices:
1. Should be doing more 2. Should be doing less 3. Is doing the right amount

When answering, respond ONLY with a single number that corresponds to the option you choose. Do not include any additional text, punctuation or explanation.

My answer is
",1
fake_2138,3,1,2,-1,55,1,2,"Today is November 5, 2024. Racially, I am hispanic. Ideologically, I am extremely liberal. Politically, I am a weak Democrat. I am 55 years old. I am a man. I am somewhat interested in politics.. Question: Do you think the federal government should be doing more about the opioid drug addiction issue, should be doing less, or is it currently doing the right amount?

Answer choices:
1. Should be doing more 2. Should be doing less 3. Is doing the right amount

When answering, respond ONLY with a single number that corresponds to the option you choose. Do not include any additional text, punctuation or explanation.

My answer is
",1
fake_2139,1,4,7,1,40,2,-6,"Today is November 5, 2024. Racially, I am white. Ideologically, I am moderate. Politically, I am a strong Republican. I attend church. I am 40 years old. I am a woman.. Question: Do you think the federal government should be doing more about the opioid drug addiction issue, should be doing less, or is it currently doing the right amount?

Answer choices:
1. Should be doing more 2. Should be doing less 3. Is doing the right amount

When answering, respond ONLY with a single number that corresponds to the option you choose. Do not include any additional text, punctuation or explanation.

My answer is
",1
fake_2140,3,5,2,1,67,2,1,"Today is November 5, 2024. Racially, I am hispanic. Ideologically, I am slightly conservative. Politically, I am a weak Democrat. I attend church. I am 67 years old. I am a woman. I am very interested in politics.. Question: Do you think the federal government should be doing more about the opioid drug addiction issue, should be doing less, or is it currently doing the right amount?

Answer choices:
1. Should be doing more 2. Should be doing less 3. Is doing the right amount

When answering, respond ONLY with a single number that corresponds to the option you choose. Do not include any additional text, punctuation or explanation.

My answer is
",1
fake_2141,3,6,6,2,54,2,2,"Today is November 5, 2024. Racially, I am hispanic. Ideologically, I am conservative. Politically, I am a weak Republican. I do not attend church. I am 54 years old. I am a woman. I am somewhat interested in politics.. Question: Do you think the federal government should be doing more about the opioid drug addiction issue, should be doing less, or is it currently doing the right amount?

Answer choices:
1. Should be doing more 2. Should be doing less 3. Is doing the right amount

When answering, respond ONLY with a single number that corresponds to the option you choose. Do not include any additional text, punctuation or explanation.

My answer is
",1
fake_2142,1,2,6,1,40,1,2,"Today is November 5, 2024. Racially, I am white. Ideologically, I am liberal. Politically, I am a weak Republican. I attend church. I am 40 years old. I am a man. I am somewhat interested in politics.. Question: Do you think the federal government should be doing more about the opioid drug addiction issue, should be doing less, or is it currently doing the right amount?

Answer choices:
1. Should be doing more 2. Should be doing less 3. Is doing the right amount

When answering, respond ONLY with a single number that corresponds to the option you choose. Do not include any additional text, punctuation or explanation.

My answer is
",1
fake_2143,2,5,3,1,42,2,1,"Today is November 5, 2024. Racially, I am black. Ideologically, I am slightly conservative. Politically, I am an independent who leans Democratic. I attend church. I am 42 years old. I am a woman. I am very interested in politics.. Question: Do you think the federal government should be doing more about the opioid drug addiction issue, should be doing less, or is it currently doing the right amount?

Answer choices:
1. Should be doing more 2. Should be doing less 3. Is doing the right amount

When answering, respond ONLY with a single number that corresponds to the option you choose. Do not include any additional text, punctuation or explanation.

My answer is
",1
fake_2144,1,3,1,2,55,2,2,"Today is November 5, 2024. Racially, I am white. Ideologically, I am slightly liberal. Politically, I am a strong democrat. I do not attend church. I am 55 years old. I am a woman. I am somewhat interested in politics.. Question: Do you think the federal government should be doing more about the opioid drug addiction issue, should be doing less, or is it currently doing the right amount?

Answer choices:
1. Should be doing more 2. Should be doing less 3. Is doing the right amount

When answering, respond ONLY with a single number that corresponds to the option you choose. Do not include any additional text, punctuation or explanation.

My answer is
",1
fake_2145,1,6,7,2,80,2,4,"Today is November 5, 2024. Racially, I am white. Ideologically, I am conservative. Politically, I am a strong Republican. I do not attend church. I am 80 years old. I am a woman. I am not at all interested in politics.. Question: Do you think the federal government should be doing more about the opioid drug addiction issue, should be doing less, or is it currently doing the right amount?

Answer choices:
1. Should be doing more 2. Should be doing less 3. Is doing the right amount

When answering, respond ONLY with a single number that corresponds to the option you choose. Do not include any additional text, punctuation or explanation.

My answer is
",1
fake_2146,1,6,7,1,62,2,3,"Today is November 5, 2024. Racially, I am white. Ideologically, I am conservative. Politically, I am a strong Republican. I attend church. I am 62 years old. I am a woman. I am not very interested in politics.. Question: Do you think the federal government should be doing more about the opioid drug addiction issue, should be doing less, or is it currently doing the right amount?

Answer choices:
1. Should be doing more 2. Should be doing less 3. Is doing the right amount

When answering, respond ONLY with a single number that corresponds to the option you choose. Do not include any additional text, punctuation or explanation.

My answer is
",1
fake_2147,1,99,1,2,75,2,3,"Today is November 5, 2024. Racially, I am white. Politically, I am a strong democrat. I do not attend church. I am 75 years old. I am a woman. I am not very interested in politics.. Question: Do you think the federal government should be doing more about the opioid drug addiction issue, should be doing less, or is it currently doing the right amount?

Answer choices:
1. Should be doing more 2. Should be doing less 3. Is doing the right amount

When answering, respond ONLY with a single number that corresponds to the option you choose. Do not include any additional text, punctuation or explanation.

My answer is
",1
fake_2148,1,4,6,2,54,2,3,"Today is November 5, 2024. Racially, I am white. Ideologically, I am moderate. Politically, I am a weak Republican. I do not attend church. I am 54 years old. I am a woman. I am not very interested in politics.. Question: Do you think the federal government should be doing more about the opioid drug addiction issue, should be doing less, or is it currently doing the right amount?

Answer choices:
1. Should be doing more 2. Should be doing less 3. Is doing the right amount

When answering, respond ONLY with a single number that corresponds to the option you choose. Do not include any additional text, punctuation or explanation.

My answer is
",1
fake_2149,1,6,3,1,45,2,3,"Today is November 5, 2024. Racially, I am white. Ideologically, I am conservative. Politically, I am an independent who leans Democratic. I attend church. I am 45 years old. I am a woman. I am not very interested in politics.. Question: Do you think the federal government should be doing more about the opioid drug addiction issue, should be doing less, or is it currently doing the right amount?

Answer choices:
1. Should be doing more 2. Should be doing less 3. Is doing the right amount

When answering, respond ONLY with a single number that corresponds to the option you choose. Do not include any additional text, punctuation or explanation.

My answer is
",1
fake_2150,1,2,5,1,52,1,2,"Today is November 5, 2024. Racially, I am white. Ideologically, I am liberal. Politically, I am an independent who leans Republican. I attend church. I am 52 years old. I am a man. I am somewhat interested in politics.. Question: Do you think the federal government should be doing more about the opioid drug addiction issue, should be doing less, or is it currently doing the right amount?

Answer choices:
1. Should be doing more 2. Should be doing less 3. Is doing the right amount

When answering, respond ONLY with a single number that corresponds to the option you choose. Do not include any additional text, punctuation or explanation.

My answer is
",1
fake_2151,1,6,3,1,30,1,1,"Today is November 5, 2024. Racially, I am white. Ideologically, I am conservative. Politically, I am an independent who leans Democratic. I attend church. I am 30 years old. I am a man. I am very interested in politics.. Question: Do you think the federal government should be doing more about the opioid drug addiction issue, should be doing less, or is it currently doing the right amount?

Answer choices:
1. Should be doing more 2. Should be doing less 3. Is doing the right amount

When answering, respond ONLY with a single number that corresponds to the option you choose. Do not include any additional text, punctuation or explanation.

My answer is
",1
fake_2152,1,3,2,1,59,1,2,"Today is November 5, 2024. Racially, I am white. Ideologically, I am slightly liberal. Politically, I am a weak Democrat. I attend church. I am 59 years old. I am a man. I am somewhat interested in politics.. Question: Do you think the federal government should be doing more about the opioid drug addiction issue, should be doing less, or is it currently doing the right amount?

Answer choices:
1. Should be doing more 2. Should be doing less 3. Is doing the right amount

When answering, respond ONLY with a single number that corresponds to the option you choose. Do not include any additional text, punctuation or explanation.

My answer is
",1
fake_2153,2,1,7,1,25,1,2,"Today is November 5, 2024. Racially, I am black. Ideologically, I am extremely liberal. Politically, I am a strong Republican. I attend church. I am 25 years old. I am a man. I am somewhat interested in politics.. Question: Do you think the federal government should be doing more about the opioid drug addiction issue, should be doing less, or is it currently doing the right amount?

Answer choices:
1. Should be doing more 2. Should be doing less 3. Is doing the right amount

When answering, respond ONLY with a single number that corresponds to the option you choose. Do not include any additional text, punctuation or explanation.

My answer is
",1
fake_2154,1,4,2,2,60,1,2,"Today is November 5, 2024. Racially, I am white. Ideologically, I am moderate. Politically, I am a weak Democrat. I do not attend church. I am 60 years old. I am a man. I am somewhat interested in politics.. Question: Do you think the federal government should be doing more about the opioid drug addiction issue, should be doing less, or is it currently doing the right amount?

Answer choices:
1. Should be doing more 2. Should be doing less 3. Is doing the right amount

When answering, respond ONLY with a single number that corresponds to the option you choose. Do not include any additional text, punctuation or explanation.

My answer is
",1
fake_2155,2,5,4,1,60,2,2,"Today is November 5, 2024. Racially, I am black. Ideologically, I am slightly conservative. Politically, I am an independent. I attend church. I am 60 years old. I am a woman. I am somewhat interested in politics.. Question: Do you think the federal government should be doing more about the opioid drug addiction issue, should be doing less, or is it currently doing the right amount?

Answer choices:
1. Should be doing more 2. Should be doing less 3. Is doing the right amount

When answering, respond ONLY with a single number that corresponds to the option you choose. Do not include any additional text, punctuation or explanation.

My answer is
",1
fake_2156,1,2,2,2,69,1,2,"Today is November 5, 2024. Racially, I am white. Ideologically, I am liberal. Politically, I am a weak Democrat. I do not attend church. I am 69 years old. I am a man. I am somewhat interested in politics.. Question: Do you think the federal government should be doing more about the opioid drug addiction issue, should be doing less, or is it currently doing the right amount?

Answer choices:
1. Should be doing more 2. Should be doing less 3. Is doing the right amount

When answering, respond ONLY with a single number that corresponds to the option you choose. Do not include any additional text, punctuation or explanation.

My answer is
",1
fake_2157,1,1,1,2,40,2,2,"Today is November 5, 2024. Racially, I am white. Ideologically, I am extremely liberal. Politically, I am a strong democrat. I do not attend church. I am 40 years old. I am a woman. I am somewhat interested in politics.. Question: Do you think the federal government should be doing more about the opioid drug addiction issue, should be doing less, or is it currently doing the right amount?

Answer choices:
1. Should be doing more 2. Should be doing less 3. Is doing the right amount

When answering, respond ONLY with a single number that corresponds to the option you choose. Do not include any additional text, punctuation or explanation.

My answer is
",1
fake_2158,1,2,2,1,40,2,4,"Today is November 5, 2024. Racially, I am white. Ideologically, I am liberal. Politically, I am a weak Democrat. I attend church. I am 40 years old. I am a woman. I am not at all interested in politics.. Question: Do you think the federal government should be doing more about the opioid drug addiction issue, should be doing less, or is it currently doing the right amount?

Answer choices:
1. Should be doing more 2. Should be doing less 3. Is doing the right amount

When answering, respond ONLY with a single number that corresponds to the option you choose. Do not include any additional text, punctuation or explanation.

My answer is
",1
fake_2159,1,99,7,2,69,2,1,"Today is November 5, 2024. Racially, I am white. Politically, I am a strong Republican. I do not attend church. I am 69 years old. I am a woman. I am very interested in politics.. Question: Do you think the federal government should be doing more about the opioid drug addiction issue, should be doing less, or is it currently doing the right amount?

Answer choices:
1. Should be doing more 2. Should be doing less 3. Is doing the right amount

When answering, respond ONLY with a single number that corresponds to the option you choose. Do not include any additional text, punctuation or explanation.

My answer is
",1
fake_2160,1,4,7,2,64,2,2,"Today is November 5, 2024. Racially, I am white. Ideologically, I am moderate. Politically, I am a strong Republican. I do not attend church. I am 64 years old. I am a woman. I am somewhat interested in politics.. Question: Do you think the federal government should be doing more about the opioid drug addiction issue, should be doing less, or is it currently doing the right amount?

Answer choices:
1. Should be doing more 2. Should be doing less 3. Is doing the right amount

When answering, respond ONLY with a single number that corresponds to the option you choose. Do not include any additional text, punctuation or explanation.

My answer is
",1
fake_2161,1,4,3,1,33,2,-6,"Today is November 5, 2024. Racially, I am white. Ideologically, I am moderate. Politically, I am an independent who leans Democratic. I attend church. I am 33 years old. I am a woman.. Question: Do you think the federal government should be doing more about the opioid drug addiction issue, should be doing less, or is it currently doing the right amount?

Answer choices:
1. Should be doing more 2. Should be doing less 3. Is doing the right amount

When answering, respond ONLY with a single number that corresponds to the option you choose. Do not include any additional text, punctuation or explanation.

My answer is
",1
fake_2162,3,2,1,2,42,2,1,"Today is November 5, 2024. Racially, I am hispanic. Ideologically, I am liberal. Politically, I am a strong democrat. I do not attend church. I am 42 years old. I am a woman. I am very interested in politics.. Question: Do you think the federal government should be doing more about the opioid drug addiction issue, should be doing less, or is it currently doing the right amount?

Answer choices:
1. Should be doing more 2. Should be doing less 3. Is doing the right amount

When answering, respond ONLY with a single number that corresponds to the option you choose. Do not include any additional text, punctuation or explanation.

My answer is
",1
fake_2163,1,6,-9,1,75,2,3,"Today is November 5, 2024. Racially, I am white. Ideologically, I am conservative. I attend church. I am 75 years old. I am a woman. I am not very interested in politics.. Question: Do you think the federal government should be doing more about the opioid drug addiction issue, should be doing less, or is it currently doing the right amount?

Answer choices:
1. Should be doing more 2. Should be doing less 3. Is doing the right amount

When answering, respond ONLY with a single number that corresponds to the option you choose. Do not include any additional text, punctuation or explanation.

My answer is
",1
fake_2164,1,4,-9,-1,64,2,1,"Today is November 5, 2024. Racially, I am white. Ideologically, I am moderate. I am 64 years old. I am a woman. I am very interested in politics.. Question: Do you think the federal government should be doing more about the opioid drug addiction issue, should be doing less, or is it currently doing the right amount?

Answer choices:
1. Should be doing more 2. Should be doing less 3. Is doing the right amount

When answering, respond ONLY with a single number that corresponds to the option you choose. Do not include any additional text, punctuation or explanation.

My answer is
",1
fake_2165,1,2,6,1,80,2,2,"Today is November 5, 2024. Racially, I am white. Ideologically, I am liberal. Politically, I am a weak Republican. I attend church. I am 80 years old. I am a woman. I am somewhat interested in politics.. Question: Do you think the federal government should be doing more about the opioid drug addiction issue, should be doing less, or is it currently doing the right amount?

Answer choices:
1. Should be doing more 2. Should be doing less 3. Is doing the right amount

When answering, respond ONLY with a single number that corresponds to the option you choose. Do not include any additional text, punctuation or explanation.

My answer is
",1
fake_2166,3,2,1,1,31,1,2,"Today is November 5, 2024. Racially, I am hispanic. Ideologically, I am liberal. Politically, I am a strong democrat. I attend church. I am 31 years old. I am a man. I am somewhat interested in politics.. Question: Do you think the federal government should be doing more about the opioid drug addiction issue, should be doing less, or is it currently doing the right amount?

Answer choices:
1. Should be doing more 2. Should be doing less 3. Is doing the right amount

When answering, respond ONLY with a single number that corresponds to the option you choose. Do not include any additional text, punctuation or explanation.

My answer is
",1
fake_2167,1,5,7,1,44,2,2,"Today is November 5, 2024. Racially, I am white. Ideologically, I am slightly conservative. Politically, I am a strong Republican. I attend church. I am 44 years old. I am a woman. I am somewhat interested in politics.. Question: Do you think the federal government should be doing more about the opioid drug addiction issue, should be doing less, or is it currently doing the right amount?

Answer choices:
1. Should be doing more 2. Should be doing less 3. Is doing the right amount

When answering, respond ONLY with a single number that corresponds to the option you choose. Do not include any additional text, punctuation or explanation.

My answer is
",1
fake_2168,1,4,2,1,-2,2,2,"Today is November 5, 2024. Racially, I am white. Ideologically, I am moderate. Politically, I am a weak Democrat. I attend church. I am a woman. I am somewhat interested in politics.. Question: Do you think the federal government should be doing more about the opioid drug addiction issue, should be doing less, or is it currently doing the right amount?

Answer choices:
1. Should be doing more 2. Should be doing less 3. Is doing the right amount

When answering, respond ONLY with a single number that corresponds to the option you choose. Do not include any additional text, punctuation or explanation.

My answer is
",1
fake_2169,3,99,7,1,66,2,2,"Today is November 5, 2024. Racially, I am hispanic. Politically, I am a strong Republican. I attend church. I am 66 years old. I am a woman. I am somewhat interested in politics.. Question: Do you think the federal government should be doing more about the opioid drug addiction issue, should be doing less, or is it currently doing the right amount?

Answer choices:
1. Should be doing more 2. Should be doing less 3. Is doing the right amount

When answering, respond ONLY with a single number that corresponds to the option you choose. Do not include any additional text, punctuation or explanation.

My answer is
",1
fake_2170,1,3,5,2,48,1,1,"Today is November 5, 2024. Racially, I am white. Ideologically, I am slightly liberal. Politically, I am an independent who leans Republican. I do not attend church. I am 48 years old. I am a man. I am very interested in politics.. Question: Do you think the federal government should be doing more about the opioid drug addiction issue, should be doing less, or is it currently doing the right amount?

Answer choices:
1. Should be doing more 2. Should be doing less 3. Is doing the right amount

When answering, respond ONLY with a single number that corresponds to the option you choose. Do not include any additional text, punctuation or explanation.

My answer is
",1
fake_2171,1,4,2,2,38,2,-6,"Today is November 5, 2024. Racially, I am white. Ideologically, I am moderate. Politically, I am a weak Democrat. I do not attend church. I am 38 years old. I am a woman.. Question: Do you think the federal government should be doing more about the opioid drug addiction issue, should be doing less, or is it currently doing the right amount?

Answer choices:
1. Should be doing more 2. Should be doing less 3. Is doing the right amount

When answering, respond ONLY with a single number that corresponds to the option you choose. Do not include any additional text, punctuation or explanation.

My answer is
",1
fake_2172,1,4,7,-8,-2,1,4,"Today is November 5, 2024. Racially, I am white. Ideologically, I am moderate. Politically, I am a strong Republican. I am a man. I am not at all interested in politics.. Question: Do you think the federal government should be doing more about the opioid drug addiction issue, should be doing less, or is it currently doing the right amount?

Answer choices:
1. Should be doing more 2. Should be doing less 3. Is doing the right amount

When answering, respond ONLY with a single number that corresponds to the option you choose. Do not include any additional text, punctuation or explanation.

My answer is
",1
fake_2173,1,4,1,2,64,1,2,"Today is November 5, 2024. Racially, I am white. Ideologically, I am moderate. Politically, I am a strong democrat. I do not attend church. I am 64 years old. I am a man. I am somewhat interested in politics.. Question: Do you think the federal government should be doing more about the opioid drug addiction issue, should be doing less, or is it currently doing the right amount?

Answer choices:
1. Should be doing more 2. Should be doing less 3. Is doing the right amount

When answering, respond ONLY with a single number that corresponds to the option you choose. Do not include any additional text, punctuation or explanation.

My answer is
",1
fake_2174,1,5,3,2,77,2,3,"Today is November 5, 2024. Racially, I am white. Ideologically, I am slightly conservative. Politically, I am an independent who leans Democratic. I do not attend church. I am 77 years old. I am a woman. I am not very interested in politics.. Question: Do you think the federal government should be doing more about the opioid drug addiction issue, should be doing less, or is it currently doing the right amount?

Answer choices:
1. Should be doing more 2. Should be doing less 3. Is doing the right amount

When answering, respond ONLY with a single number that corresponds to the option you choose. Do not include any additional text, punctuation or explanation.

My answer is
",1
fake_2175,3,4,2,2,-2,2,2,"Today is November 5, 2024. Racially, I am hispanic. Ideologically, I am moderate. Politically, I am a weak Democrat. I do not attend church. I am a woman. I am somewhat interested in politics.. Question: Do you think the federal government should be doing more about the opioid drug addiction issue, should be doing less, or is it currently doing the right amount?

Answer choices:
1. Should be doing more 2. Should be doing less 3. Is doing the right amount

When answering, respond ONLY with a single number that corresponds to the option you choose. Do not include any additional text, punctuation or explanation.

My answer is
",1
fake_2176,1,4,4,1,66,-9,2,"Today is November 5, 2024. Racially, I am white. Ideologically, I am moderate. Politically, I am an independent. I attend church. I am 66 years old. I am somewhat interested in politics.. Question: Do you think the federal government should be doing more about the opioid drug addiction issue, should be doing less, or is it currently doing the right amount?

Answer choices:
1. Should be doing more 2. Should be doing less 3. Is doing the right amount

When answering, respond ONLY with a single number that corresponds to the option you choose. Do not include any additional text, punctuation or explanation.

My answer is
",1
fake_2177,1,4,1,1,68,2,3,"Today is November 5, 2024. Racially, I am white. Ideologically, I am moderate. Politically, I am a strong democrat. I attend church. I am 68 years old. I am a woman. I am not very interested in politics.. Question: Do you think the federal government should be doing more about the opioid drug addiction issue, should be doing less, or is it currently doing the right amount?

Answer choices:
1. Should be doing more 2. Should be doing less 3. Is doing the right amount

When answering, respond ONLY with a single number that corresponds to the option you choose. Do not include any additional text, punctuation or explanation.

My answer is
",1
fake_2178,4,4,3,-9,44,2,2,"Today is November 5, 2024. Racially, I am asian. Ideologically, I am moderate. Politically, I am an independent who leans Democratic. I am 44 years old. I am a woman. I am somewhat interested in politics.. Question: Do you think the federal government should be doing more about the opioid drug addiction issue, should be doing less, or is it currently doing the right amount?

Answer choices:
1. Should be doing more 2. Should be doing less 3. Is doing the right amount

When answering, respond ONLY with a single number that corresponds to the option you choose. Do not include any additional text, punctuation or explanation.

My answer is
",1
fake_2179,3,3,5,2,79,1,1,"Today is November 5, 2024. Racially, I am hispanic. Ideologically, I am slightly liberal. Politically, I am an independent who leans Republican. I do not attend church. I am 79 years old. I am a man. I am very interested in politics.. Question: Do you think the federal government should be doing more about the opioid drug addiction issue, should be doing less, or is it currently doing the right amount?

Answer choices:
1. Should be doing more 2. Should be doing less 3. Is doing the right amount

When answering, respond ONLY with a single number that corresponds to the option you choose. Do not include any additional text, punctuation or explanation.

My answer is
",1
fake_2180,6,5,2,2,76,2,4,"Today is November 5, 2024. Ideologically, I am slightly conservative. Politically, I am a weak Democrat. I do not attend church. I am 76 years old. I am a woman. I am not at all interested in politics.. Question: Do you think the federal government should be doing more about the opioid drug addiction issue, should be doing less, or is it currently doing the right amount?

Answer choices:
1. Should be doing more 2. Should be doing less 3. Is doing the right amount

When answering, respond ONLY with a single number that corresponds to the option you choose. Do not include any additional text, punctuation or explanation.

My answer is
",1
fake_2181,1,4,3,-1,43,1,2,"Today is November 5, 2024. Racially, I am white. Ideologically, I am moderate. Politically, I am an independent who leans Democratic. I am 43 years old. I am a man. I am somewhat interested in politics.. Question: Do you think the federal government should be doing more about the opioid drug addiction issue, should be doing less, or is it currently doing the right amount?

Answer choices:
1. Should be doing more 2. Should be doing less 3. Is doing the right amount

When answering, respond ONLY with a single number that corresponds to the option you choose. Do not include any additional text, punctuation or explanation.

My answer is
",1
fake_2182,6,99,2,2,56,2,3,"Today is November 5, 2024. Politically, I am a weak Democrat. I do not attend church. I am 56 years old. I am a woman. I am not very interested in politics.. Question: Do you think the federal government should be doing more about the opioid drug addiction issue, should be doing less, or is it currently doing the right amount?

Answer choices:
1. Should be doing more 2. Should be doing less 3. Is doing the right amount

When answering, respond ONLY with a single number that corresponds to the option you choose. Do not include any additional text, punctuation or explanation.

My answer is
",1
fake_2183,-9,2,1,1,54,1,-6,"Today is November 5, 2024. Ideologically, I am liberal. Politically, I am a strong democrat. I attend church. I am 54 years old. I am a man.. Question: Do you think the federal government should be doing more about the opioid drug addiction issue, should be doing less, or is it currently doing the right amount?

Answer choices:
1. Should be doing more 2. Should be doing less 3. Is doing the right amount

When answering, respond ONLY with a single number that corresponds to the option you choose. Do not include any additional text, punctuation or explanation.

My answer is
",1
fake_2184,1,4,5,1,70,2,2,"Today is November 5, 2024. Racially, I am white. Ideologically, I am moderate. Politically, I am an independent who leans Republican. I attend church. I am 70 years old. I am a woman. I am somewhat interested in politics.. Question: Do you think the federal government should be doing more about the opioid drug addiction issue, should be doing less, or is it currently doing the right amount?

Answer choices:
1. Should be doing more 2. Should be doing less 3. Is doing the right amount

When answering, respond ONLY with a single number that corresponds to the option you choose. Do not include any additional text, punctuation or explanation.

My answer is
",1
fake_2185,1,3,1,1,31,2,1,"Today is November 5, 2024. Racially, I am white. Ideologically, I am slightly liberal. Politically, I am a strong democrat. I attend church. I am 31 years old. I am a woman. I am very interested in politics.. Question: Do you think the federal government should be doing more about the opioid drug addiction issue, should be doing less, or is it currently doing the right amount?

Answer choices:
1. Should be doing more 2. Should be doing less 3. Is doing the right amount

When answering, respond ONLY with a single number that corresponds to the option you choose. Do not include any additional text, punctuation or explanation.

My answer is
",1
fake_2186,1,4,7,1,42,1,2,"Today is November 5, 2024. Racially, I am white. Ideologically, I am moderate. Politically, I am a strong Republican. I attend church. I am 42 years old. I am a man. I am somewhat interested in politics.. Question: Do you think the federal government should be doing more about the opioid drug addiction issue, should be doing less, or is it currently doing the right amount?

Answer choices:
1. Should be doing more 2. Should be doing less 3. Is doing the right amount

When answering, respond ONLY with a single number that corresponds to the option you choose. Do not include any additional text, punctuation or explanation.

My answer is
",1
fake_2187,1,3,7,1,53,1,2,"Today is November 5, 2024. Racially, I am white. Ideologically, I am slightly liberal. Politically, I am a strong Republican. I attend church. I am 53 years old. I am a man. I am somewhat interested in politics.. Question: Do you think the federal government should be doing more about the opioid drug addiction issue, should be doing less, or is it currently doing the right amount?

Answer choices:
1. Should be doing more 2. Should be doing less 3. Is doing the right amount

When answering, respond ONLY with a single number that corresponds to the option you choose. Do not include any additional text, punctuation or explanation.

My answer is
",1
fake_2188,6,2,1,2,29,-9,1,"Today is November 5, 2024. Ideologically, I am liberal. Politically, I am a strong democrat. I do not attend church. I am 29 years old. I am very interested in politics.. Question: Do you think the federal government should be doing more about the opioid drug addiction issue, should be doing less, or is it currently doing the right amount?

Answer choices:
1. Should be doing more 2. Should be doing less 3. Is doing the right amount

When answering, respond ONLY with a single number that corresponds to the option you choose. Do not include any additional text, punctuation or explanation.

My answer is
",1
fake_2189,1,6,1,2,73,1,1,"Today is November 5, 2024. Racially, I am white. Ideologically, I am conservative. Politically, I am a strong democrat. I do not attend church. I am 73 years old. I am a man. I am very interested in politics.. Question: Do you think the federal government should be doing more about the opioid drug addiction issue, should be doing less, or is it currently doing the right amount?

Answer choices:
1. Should be doing more 2. Should be doing less 3. Is doing the right amount

When answering, respond ONLY with a single number that corresponds to the option you choose. Do not include any additional text, punctuation or explanation.

My answer is
",1
fake_2190,1,99,2,2,44,2,2,"Today is November 5, 2024. Racially, I am white. Politically, I am a weak Democrat. I do not attend church. I am 44 years old. I am a woman. I am somewhat interested in politics.. Question: Do you think the federal government should be doing more about the opioid drug addiction issue, should be doing less, or is it currently doing the right amount?

Answer choices:
1. Should be doing more 2. Should be doing less 3. Is doing the right amount

When answering, respond ONLY with a single number that corresponds to the option you choose. Do not include any additional text, punctuation or explanation.

My answer is
",1
fake_2191,1,3,7,2,78,2,2,"Today is November 5, 2024. Racially, I am white. Ideologically, I am slightly liberal. Politically, I am a strong Republican. I do not attend church. I am 78 years old. I am a woman. I am somewhat interested in politics.. Question: Do you think the federal government should be doing more about the opioid drug addiction issue, should be doing less, or is it currently doing the right amount?

Answer choices:
1. Should be doing more 2. Should be doing less 3. Is doing the right amount

When answering, respond ONLY with a single number that corresponds to the option you choose. Do not include any additional text, punctuation or explanation.

My answer is
",1
fake_2192,2,1,2,2,29,1,2,"Today is November 5, 2024. Racially, I am black. Ideologically, I am extremely liberal. Politically, I am a weak Democrat. I do not attend church. I am 29 years old. I am a man. I am somewhat interested in politics.. Question: Do you think the federal government should be doing more about the opioid drug addiction issue, should be doing less, or is it currently doing the right amount?

Answer choices:
1. Should be doing more 2. Should be doing less 3. Is doing the right amount

When answering, respond ONLY with a single number that corresponds to the option you choose. Do not include any additional text, punctuation or explanation.

My answer is
",1
fake_2193,1,4,7,2,-2,2,2,"Today is November 5, 2024. Racially, I am white. Ideologically, I am moderate. Politically, I am a strong Republican. I do not attend church. I am a woman. I am somewhat interested in politics.. Question: Do you think the federal government should be doing more about the opioid drug addiction issue, should be doing less, or is it currently doing the right amount?

Answer choices:
1. Should be doing more 2. Should be doing less 3. Is doing the right amount

When answering, respond ONLY with a single number that corresponds to the option you choose. Do not include any additional text, punctuation or explanation.

My answer is
",1
fake_2194,1,2,7,1,73,1,4,"Today is November 5, 2024. Racially, I am white. Ideologically, I am liberal. Politically, I am a strong Republican. I attend church. I am 73 years old. I am a man. I am not at all interested in politics.. Question: Do you think the federal government should be doing more about the opioid drug addiction issue, should be doing less, or is it currently doing the right amount?

Answer choices:
1. Should be doing more 2. Should be doing less 3. Is doing the right amount

When answering, respond ONLY with a single number that corresponds to the option you choose. Do not include any additional text, punctuation or explanation.

My answer is
",1
fake_2195,1,2,3,2,38,1,1,"Today is November 5, 2024. Racially, I am white. Ideologically, I am liberal. Politically, I am an independent who leans Democratic. I do not attend church. I am 38 years old. I am a man. I am very interested in politics.. Question: Do you think the federal government should be doing more about the opioid drug addiction issue, should be doing less, or is it currently doing the right amount?

Answer choices:
1. Should be doing more 2. Should be doing less 3. Is doing the right amount

When answering, respond ONLY with a single number that corresponds to the option you choose. Do not include any additional text, punctuation or explanation.

My answer is
",1
fake_2196,1,4,6,1,45,1,2,"Today is November 5, 2024. Racially, I am white. Ideologically, I am moderate. Politically, I am a weak Republican. I attend church. I am 45 years old. I am a man. I am somewhat interested in politics.. Question: Do you think the federal government should be doing more about the opioid drug addiction issue, should be doing less, or is it currently doing the right amount?

Answer choices:
1. Should be doing more 2. Should be doing less 3. Is doing the right amount

When answering, respond ONLY with a single number that corresponds to the option you choose. Do not include any additional text, punctuation or explanation.

My answer is
",1
fake_2197,2,99,1,2,32,1,2,"Today is November 5, 2024. Racially, I am black. Politically, I am a strong democrat. I do not attend church. I am 32 years old. I am a man. I am somewhat interested in politics.. Question: Do you think the federal government should be doing more about the opioid drug addiction issue, should be doing less, or is it currently doing the right amount?

Answer choices:
1. Should be doing more 2. Should be doing less 3. Is doing the right amount

When answering, respond ONLY with a single number that corresponds to the option you choose. Do not include any additional text, punctuation or explanation.

My answer is
",1
fake_2198,1,6,6,1,27,2,-6,"Today is November 5, 2024. Racially, I am white. Ideologically, I am conservative. Politically, I am a weak Republican. I attend church. I am 27 years old. I am a woman.. Question: Do you think the federal government should be doing more about the opioid drug addiction issue, should be doing less, or is it currently doing the right amount?

Answer choices:
1. Should be doing more 2. Should be doing less 3. Is doing the right amount

When answering, respond ONLY with a single number that corresponds to the option you choose. Do not include any additional text, punctuation or explanation.

My answer is
",1
fake_2199,1,99,2,1,68,2,1,"Today is November 5, 2024. Racially, I am white. Politically, I am a weak Democrat. I attend church. I am 68 years old. I am a woman. I am very interested in politics.. Question: Do you think the federal government should be doing more about the opioid drug addiction issue, should be doing less, or is it currently doing the right amount?

Answer choices:
1. Should be doing more 2. Should be doing less 3. Is doing the right amount

When answering, respond ONLY with a single number that corresponds to the option you choose. Do not include any additional text, punctuation or explanation.

My answer is
",1
fake_2200,4,3,4,1,59,2,2,"Today is November 5, 2024. Racially, I am asian. Ideologically, I am slightly liberal. Politically, I am an independent. I attend church. I am 59 years old. I am a woman. I am somewhat interested in politics.. Question: Do you think the federal government should be doing more about the opioid drug addiction issue, should be doing less, or is it currently doing the right amount?

Answer choices:
1. Should be doing more 2. Should be doing less 3. Is doing the right amount

When answering, respond ONLY with a single number that corresponds to the option you choose. Do not include any additional text, punctuation or explanation.

My answer is
",1
fake_2201,1,3,5,2,68,2,2,"Today is November 5, 2024. Racially, I am white. Ideologically, I am slightly liberal. Politically, I am an independent who leans Republican. I do not attend church. I am 68 years old. I am a woman. I am somewhat interested in politics.. Question: Do you think the federal government should be doing more about the opioid drug addiction issue, should be doing less, or is it currently doing the right amount?

Answer choices:
1. Should be doing more 2. Should be doing less 3. Is doing the right amount

When answering, respond ONLY with a single number that corresponds to the option you choose. Do not include any additional text, punctuation or explanation.

My answer is
",1
fake_2202,2,99,7,2,40,2,2,"Today is November 5, 2024. Racially, I am black. Politically, I am a strong Republican. I do not attend church. I am 40 years old. I am a woman. I am somewhat interested in politics.. Question: Do you think the federal government should be doing more about the opioid drug addiction issue, should be doing less, or is it currently doing the right amount?

Answer choices:
1. Should be doing more 2. Should be doing less 3. Is doing the right amount

When answering, respond ONLY with a single number that corresponds to the option you choose. Do not include any additional text, punctuation or explanation.

My answer is
",1
fake_2203,1,4,1,1,-2,1,4,"Today is November 5, 2024. Racially, I am white. Ideologically, I am moderate. Politically, I am a strong democrat. I attend church. I am a man. I am not at all interested in politics.. Question: Do you think the federal government should be doing more about the opioid drug addiction issue, should be doing less, or is it currently doing the right amount?

Answer choices:
1. Should be doing more 2. Should be doing less 3. Is doing the right amount

When answering, respond ONLY with a single number that corresponds to the option you choose. Do not include any additional text, punctuation or explanation.

My answer is
",1
fake_2204,1,6,7,2,67,2,3,"Today is November 5, 2024. Racially, I am white. Ideologically, I am conservative. Politically, I am a strong Republican. I do not attend church. I am 67 years old. I am a woman. I am not very interested in politics.. Question: Do you think the federal government should be doing more about the opioid drug addiction issue, should be doing less, or is it currently doing the right amount?

Answer choices:
1. Should be doing more 2. Should be doing less 3. Is doing the right amount

When answering, respond ONLY with a single number that corresponds to the option you choose. Do not include any additional text, punctuation or explanation.

My answer is
",1
fake_2205,1,5,5,1,46,2,-5,"Today is November 5, 2024. Racially, I am white. Ideologically, I am slightly conservative. Politically, I am an independent who leans Republican. I attend church. I am 46 years old. I am a woman.. Question: Do you think the federal government should be doing more about the opioid drug addiction issue, should be doing less, or is it currently doing the right amount?

Answer choices:
1. Should be doing more 2. Should be doing less 3. Is doing the right amount

When answering, respond ONLY with a single number that corresponds to the option you choose. Do not include any additional text, punctuation or explanation.

My answer is
",1
fake_2206,1,5,1,1,66,2,2,"Today is November 5, 2024. Racially, I am white. Ideologically, I am slightly conservative. Politically, I am a strong democrat. I attend church. I am 66 years old. I am a woman. I am somewhat interested in politics.. Question: Do you think the federal government should be doing more about the opioid drug addiction issue, should be doing less, or is it currently doing the right amount?

Answer choices:
1. Should be doing more 2. Should be doing less 3. Is doing the right amount

When answering, respond ONLY with a single number that corresponds to the option you choose. Do not include any additional text, punctuation or explanation.

My answer is
",1
fake_2207,1,6,1,1,76,1,2,"Today is November 5, 2024. Racially, I am white. Ideologically, I am conservative. Politically, I am a strong democrat. I attend church. I am 76 years old. I am a man. I am somewhat interested in politics.. Question: Do you think the federal government should be doing more about the opioid drug addiction issue, should be doing less, or is it currently doing the right amount?

Answer choices:
1. Should be doing more 2. Should be doing less 3. Is doing the right amount

When answering, respond ONLY with a single number that corresponds to the option you choose. Do not include any additional text, punctuation or explanation.

My answer is
",1
fake_2208,1,4,1,1,51,1,2,"Today is November 5, 2024. Racially, I am white. Ideologically, I am moderate. Politically, I am a strong democrat. I attend church. I am 51 years old. I am a man. I am somewhat interested in politics.. Question: Do you think the federal government should be doing more about the opioid drug addiction issue, should be doing less, or is it currently doing the right amount?

Answer choices:
1. Should be doing more 2. Should be doing less 3. Is doing the right amount

When answering, respond ONLY with a single number that corresponds to the option you choose. Do not include any additional text, punctuation or explanation.

My answer is
",1
fake_2209,1,2,5,1,65,2,3,"Today is November 5, 2024. Racially, I am white. Ideologically, I am liberal. Politically, I am an independent who leans Republican. I attend church. I am 65 years old. I am a woman. I am not very interested in politics.. Question: Do you think the federal government should be doing more about the opioid drug addiction issue, should be doing less, or is it currently doing the right amount?

Answer choices:
1. Should be doing more 2. Should be doing less 3. Is doing the right amount

When answering, respond ONLY with a single number that corresponds to the option you choose. Do not include any additional text, punctuation or explanation.

My answer is
",1
fake_2210,1,4,3,2,63,2,3,"Today is November 5, 2024. Racially, I am white. Ideologically, I am moderate. Politically, I am an independent who leans Democratic. I do not attend church. I am 63 years old. I am a woman. I am not very interested in politics.. Question: Do you think the federal government should be doing more about the opioid drug addiction issue, should be doing less, or is it currently doing the right amount?

Answer choices:
1. Should be doing more 2. Should be doing less 3. Is doing the right amount

When answering, respond ONLY with a single number that corresponds to the option you choose. Do not include any additional text, punctuation or explanation.

My answer is
",1
fake_2211,1,99,1,1,70,1,1,"Today is November 5, 2024. Racially, I am white. Politically, I am a strong democrat. I attend church. I am 70 years old. I am a man. I am very interested in politics.. Question: Do you think the federal government should be doing more about the opioid drug addiction issue, should be doing less, or is it currently doing the right amount?

Answer choices:
1. Should be doing more 2. Should be doing less 3. Is doing the right amount

When answering, respond ONLY with a single number that corresponds to the option you choose. Do not include any additional text, punctuation or explanation.

My answer is
",1
fake_2212,1,3,3,2,28,2,3,"Today is November 5, 2024. Racially, I am white. Ideologically, I am slightly liberal. Politically, I am an independent who leans Democratic. I do not attend church. I am 28 years old. I am a woman. I am not very interested in politics.. Question: Do you think the federal government should be doing more about the opioid drug addiction issue, should be doing less, or is it currently doing the right amount?

Answer choices:
1. Should be doing more 2. Should be doing less 3. Is doing the right amount

When answering, respond ONLY with a single number that corresponds to the option you choose. Do not include any additional text, punctuation or explanation.

My answer is
",1
fake_2213,1,99,1,1,75,1,2,"Today is November 5, 2024. Racially, I am white. Politically, I am a strong democrat. I attend church. I am 75 years old. I am a man. I am somewhat interested in politics.. Question: Do you think the federal government should be doing more about the opioid drug addiction issue, should be doing less, or is it currently doing the right amount?

Answer choices:
1. Should be doing more 2. Should be doing less 3. Is doing the right amount

When answering, respond ONLY with a single number that corresponds to the option you choose. Do not include any additional text, punctuation or explanation.

My answer is
",1
fake_2214,1,2,7,2,-2,1,1,"Today is November 5, 2024. Racially, I am white. Ideologically, I am liberal. Politically, I am a strong Republican. I do not attend church. I am a man. I am very interested in politics.. Question: Do you think the federal government should be doing more about the opioid drug addiction issue, should be doing less, or is it currently doing the right amount?

Answer choices:
1. Should be doing more 2. Should be doing less 3. Is doing the right amount

When answering, respond ONLY with a single number that corresponds to the option you choose. Do not include any additional text, punctuation or explanation.

My answer is
",1
fake_2215,1,1,7,1,37,1,1,"Today is November 5, 2024. Racially, I am white. Ideologically, I am extremely liberal. Politically, I am a strong Republican. I attend church. I am 37 years old. I am a man. I am very interested in politics.. Question: Do you think the federal government should be doing more about the opioid drug addiction issue, should be doing less, or is it currently doing the right amount?

Answer choices:
1. Should be doing more 2. Should be doing less 3. Is doing the right amount

When answering, respond ONLY with a single number that corresponds to the option you choose. Do not include any additional text, punctuation or explanation.

My answer is
",1
fake_2216,3,1,1,2,34,1,1,"Today is November 5, 2024. Racially, I am hispanic. Ideologically, I am extremely liberal. Politically, I am a strong democrat. I do not attend church. I am 34 years old. I am a man. I am very interested in politics.. Question: Do you think the federal government should be doing more about the opioid drug addiction issue, should be doing less, or is it currently doing the right amount?

Answer choices:
1. Should be doing more 2. Should be doing less 3. Is doing the right amount

When answering, respond ONLY with a single number that corresponds to the option you choose. Do not include any additional text, punctuation or explanation.

My answer is
",1
fake_2217,1,4,7,2,20,1,3,"Today is November 5, 2024. Racially, I am white. Ideologically, I am moderate. Politically, I am a strong Republican. I do not attend church. I am 20 years old. I am a man. I am not very interested in politics.. Question: Do you think the federal government should be doing more about the opioid drug addiction issue, should be doing less, or is it currently doing the right amount?

Answer choices:
1. Should be doing more 2. Should be doing less 3. Is doing the right amount

When answering, respond ONLY with a single number that corresponds to the option you choose. Do not include any additional text, punctuation or explanation.

My answer is
",1
fake_2218,1,5,7,2,61,2,2,"Today is November 5, 2024. Racially, I am white. Ideologically, I am slightly conservative. Politically, I am a strong Republican. I do not attend church. I am 61 years old. I am a woman. I am somewhat interested in politics.. Question: Do you think the federal government should be doing more about the opioid drug addiction issue, should be doing less, or is it currently doing the right amount?

Answer choices:
1. Should be doing more 2. Should be doing less 3. Is doing the right amount

When answering, respond ONLY with a single number that corresponds to the option you choose. Do not include any additional text, punctuation or explanation.

My answer is
",1
fake_2219,2,6,7,1,38,2,3,"Today is November 5, 2024. Racially, I am black. Ideologically, I am conservative. Politically, I am a strong Republican. I attend church. I am 38 years old. I am a woman. I am not very interested in politics.. Question: Do you think the federal government should be doing more about the opioid drug addiction issue, should be doing less, or is it currently doing the right amount?

Answer choices:
1. Should be doing more 2. Should be doing less 3. Is doing the right amount

When answering, respond ONLY with a single number that corresponds to the option you choose. Do not include any additional text, punctuation or explanation.

My answer is
",1
fake_2220,2,4,1,1,70,1,2,"Today is November 5, 2024. Racially, I am black. Ideologically, I am moderate. Politically, I am a strong democrat. I attend church. I am 70 years old. I am a man. I am somewhat interested in politics.. Question: Do you think the federal government should be doing more about the opioid drug addiction issue, should be doing less, or is it currently doing the right amount?

Answer choices:
1. Should be doing more 2. Should be doing less 3. Is doing the right amount

When answering, respond ONLY with a single number that corresponds to the option you choose. Do not include any additional text, punctuation or explanation.

My answer is
",1
fake_2221,4,99,1,2,64,1,4,"Today is November 5, 2024. Racially, I am asian. Politically, I am a strong democrat. I do not attend church. I am 64 years old. I am a man. I am not at all interested in politics.. Question: Do you think the federal government should be doing more about the opioid drug addiction issue, should be doing less, or is it currently doing the right amount?

Answer choices:
1. Should be doing more 2. Should be doing less 3. Is doing the right amount

When answering, respond ONLY with a single number that corresponds to the option you choose. Do not include any additional text, punctuation or explanation.

My answer is
",1
fake_2222,4,99,7,2,51,2,2,"Today is November 5, 2024. Racially, I am asian. Politically, I am a strong Republican. I do not attend church. I am 51 years old. I am a woman. I am somewhat interested in politics.. Question: Do you think the federal government should be doing more about the opioid drug addiction issue, should be doing less, or is it currently doing the right amount?

Answer choices:
1. Should be doing more 2. Should be doing less 3. Is doing the right amount

When answering, respond ONLY with a single number that corresponds to the option you choose. Do not include any additional text, punctuation or explanation.

My answer is
",1
fake_2223,2,5,5,1,78,1,2,"Today is November 5, 2024. Racially, I am black. Ideologically, I am slightly conservative. Politically, I am an independent who leans Republican. I attend church. I am 78 years old. I am a man. I am somewhat interested in politics.. Question: Do you think the federal government should be doing more about the opioid drug addiction issue, should be doing less, or is it currently doing the right amount?

Answer choices:
1. Should be doing more 2. Should be doing less 3. Is doing the right amount

When answering, respond ONLY with a single number that corresponds to the option you choose. Do not include any additional text, punctuation or explanation.

My answer is
",1
fake_2224,3,6,1,2,80,1,2,"Today is November 5, 2024. Racially, I am hispanic. Ideologically, I am conservative. Politically, I am a strong democrat. I do not attend church. I am 80 years old. I am a man. I am somewhat interested in politics.. Question: Do you think the federal government should be doing more about the opioid drug addiction issue, should be doing less, or is it currently doing the right amount?

Answer choices:
1. Should be doing more 2. Should be doing less 3. Is doing the right amount

When answering, respond ONLY with a single number that corresponds to the option you choose. Do not include any additional text, punctuation or explanation.

My answer is
",1
fake_2225,1,3,7,1,80,2,3,"Today is November 5, 2024. Racially, I am white. Ideologically, I am slightly liberal. Politically, I am a strong Republican. I attend church. I am 80 years old. I am a woman. I am not very interested in politics.. Question: Do you think the federal government should be doing more about the opioid drug addiction issue, should be doing less, or is it currently doing the right amount?

Answer choices:
1. Should be doing more 2. Should be doing less 3. Is doing the right amount

When answering, respond ONLY with a single number that corresponds to the option you choose. Do not include any additional text, punctuation or explanation.

My answer is
",1
fake_2226,1,2,2,2,80,2,2,"Today is November 5, 2024. Racially, I am white. Ideologically, I am liberal. Politically, I am a weak Democrat. I do not attend church. I am 80 years old. I am a woman. I am somewhat interested in politics.. Question: Do you think the federal government should be doing more about the opioid drug addiction issue, should be doing less, or is it currently doing the right amount?

Answer choices:
1. Should be doing more 2. Should be doing less 3. Is doing the right amount

When answering, respond ONLY with a single number that corresponds to the option you choose. Do not include any additional text, punctuation or explanation.

My answer is
",1
fake_2227,1,6,5,1,38,2,2,"Today is November 5, 2024. Racially, I am white. Ideologically, I am conservative. Politically, I am an independent who leans Republican. I attend church. I am 38 years old. I am a woman. I am somewhat interested in politics.. Question: Do you think the federal government should be doing more about the opioid drug addiction issue, should be doing less, or is it currently doing the right amount?

Answer choices:
1. Should be doing more 2. Should be doing less 3. Is doing the right amount

When answering, respond ONLY with a single number that corresponds to the option you choose. Do not include any additional text, punctuation or explanation.

My answer is
",1
fake_2228,1,4,7,1,19,2,3,"Today is November 5, 2024. Racially, I am white. Ideologically, I am moderate. Politically, I am a strong Republican. I attend church. I am 19 years old. I am a woman. I am not very interested in politics.. Question: Do you think the federal government should be doing more about the opioid drug addiction issue, should be doing less, or is it currently doing the right amount?

Answer choices:
1. Should be doing more 2. Should be doing less 3. Is doing the right amount

When answering, respond ONLY with a single number that corresponds to the option you choose. Do not include any additional text, punctuation or explanation.

My answer is
",1
fake_2229,2,99,2,1,54,1,-6,"Today is November 5, 2024. Racially, I am black. Politically, I am a weak Democrat. I attend church. I am 54 years old. I am a man.. Question: Do you think the federal government should be doing more about the opioid drug addiction issue, should be doing less, or is it currently doing the right amount?

Answer choices:
1. Should be doing more 2. Should be doing less 3. Is doing the right amount

When answering, respond ONLY with a single number that corresponds to the option you choose. Do not include any additional text, punctuation or explanation.

My answer is
",1
fake_2230,1,4,7,2,33,1,2,"Today is November 5, 2024. Racially, I am white. Ideologically, I am moderate. Politically, I am a strong Republican. I do not attend church. I am 33 years old. I am a man. I am somewhat interested in politics.. Question: Do you think the federal government should be doing more about the opioid drug addiction issue, should be doing less, or is it currently doing the right amount?

Answer choices:
1. Should be doing more 2. Should be doing less 3. Is doing the right amount

When answering, respond ONLY with a single number that corresponds to the option you choose. Do not include any additional text, punctuation or explanation.

My answer is
",1
fake_2231,2,3,2,2,21,1,3,"Today is November 5, 2024. Racially, I am black. Ideologically, I am slightly liberal. Politically, I am a weak Democrat. I do not attend church. I am 21 years old. I am a man. I am not very interested in politics.. Question: Do you think the federal government should be doing more about the opioid drug addiction issue, should be doing less, or is it currently doing the right amount?

Answer choices:
1. Should be doing more 2. Should be doing less 3. Is doing the right amount

When answering, respond ONLY with a single number that corresponds to the option you choose. Do not include any additional text, punctuation or explanation.

My answer is
",1
fake_2232,1,99,2,2,32,2,2,"Today is November 5, 2024. Racially, I am white. Politically, I am a weak Democrat. I do not attend church. I am 32 years old. I am a woman. I am somewhat interested in politics.. Question: Do you think the federal government should be doing more about the opioid drug addiction issue, should be doing less, or is it currently doing the right amount?

Answer choices:
1. Should be doing more 2. Should be doing less 3. Is doing the right amount

When answering, respond ONLY with a single number that corresponds to the option you choose. Do not include any additional text, punctuation or explanation.

My answer is
",1
fake_2233,3,3,3,1,53,2,2,"Today is November 5, 2024. Racially, I am hispanic. Ideologically, I am slightly liberal. Politically, I am an independent who leans Democratic. I attend church. I am 53 years old. I am a woman. I am somewhat interested in politics.. Question: Do you think the federal government should be doing more about the opioid drug addiction issue, should be doing less, or is it currently doing the right amount?

Answer choices:
1. Should be doing more 2. Should be doing less 3. Is doing the right amount

When answering, respond ONLY with a single number that corresponds to the option you choose. Do not include any additional text, punctuation or explanation.

My answer is
",1
fake_2234,1,6,5,2,49,2,2,"Today is November 5, 2024. Racially, I am white. Ideologically, I am conservative. Politically, I am an independent who leans Republican. I do not attend church. I am 49 years old. I am a woman. I am somewhat interested in politics.. Question: Do you think the federal government should be doing more about the opioid drug addiction issue, should be doing less, or is it currently doing the right amount?

Answer choices:
1. Should be doing more 2. Should be doing less 3. Is doing the right amount

When answering, respond ONLY with a single number that corresponds to the option you choose. Do not include any additional text, punctuation or explanation.

My answer is
",1
fake_2235,2,4,3,2,56,1,3,"Today is November 5, 2024. Racially, I am black. Ideologically, I am moderate. Politically, I am an independent who leans Democratic. I do not attend church. I am 56 years old. I am a man. I am not very interested in politics.. Question: Do you think the federal government should be doing more about the opioid drug addiction issue, should be doing less, or is it currently doing the right amount?

Answer choices:
1. Should be doing more 2. Should be doing less 3. Is doing the right amount

When answering, respond ONLY with a single number that corresponds to the option you choose. Do not include any additional text, punctuation or explanation.

My answer is
",1
fake_2236,1,3,6,2,62,2,3,"Today is November 5, 2024. Racially, I am white. Ideologically, I am slightly liberal. Politically, I am a weak Republican. I do not attend church. I am 62 years old. I am a woman. I am not very interested in politics.. Question: Do you think the federal government should be doing more about the opioid drug addiction issue, should be doing less, or is it currently doing the right amount?

Answer choices:
1. Should be doing more 2. Should be doing less 3. Is doing the right amount

When answering, respond ONLY with a single number that corresponds to the option you choose. Do not include any additional text, punctuation or explanation.

My answer is
",1
fake_2237,1,4,1,1,26,2,1,"Today is November 5, 2024. Racially, I am white. Ideologically, I am moderate. Politically, I am a strong democrat. I attend church. I am 26 years old. I am a woman. I am very interested in politics.. Question: Do you think the federal government should be doing more about the opioid drug addiction issue, should be doing less, or is it currently doing the right amount?

Answer choices:
1. Should be doing more 2. Should be doing less 3. Is doing the right amount

When answering, respond ONLY with a single number that corresponds to the option you choose. Do not include any additional text, punctuation or explanation.

My answer is
",1
fake_2238,1,99,5,1,28,2,1,"Today is November 5, 2024. Racially, I am white. Politically, I am an independent who leans Republican. I attend church. I am 28 years old. I am a woman. I am very interested in politics.. Question: Do you think the federal government should be doing more about the opioid drug addiction issue, should be doing less, or is it currently doing the right amount?

Answer choices:
1. Should be doing more 2. Should be doing less 3. Is doing the right amount

When answering, respond ONLY with a single number that corresponds to the option you choose. Do not include any additional text, punctuation or explanation.

My answer is
",1
fake_2239,1,6,3,2,26,1,2,"Today is November 5, 2024. Racially, I am white. Ideologically, I am conservative. Politically, I am an independent who leans Democratic. I do not attend church. I am 26 years old. I am a man. I am somewhat interested in politics.. Question: Do you think the federal government should be doing more about the opioid drug addiction issue, should be doing less, or is it currently doing the right amount?

Answer choices:
1. Should be doing more 2. Should be doing less 3. Is doing the right amount

When answering, respond ONLY with a single number that corresponds to the option you choose. Do not include any additional text, punctuation or explanation.

My answer is
",1
fake_2240,1,1,3,1,60,2,1,"Today is November 5, 2024. Racially, I am white. Ideologically, I am extremely liberal. Politically, I am an independent who leans Democratic. I attend church. I am 60 years old. I am a woman. I am very interested in politics.. Question: Do you think the federal government should be doing more about the opioid drug addiction issue, should be doing less, or is it currently doing the right amount?

Answer choices:
1. Should be doing more 2. Should be doing less 3. Is doing the right amount

When answering, respond ONLY with a single number that corresponds to the option you choose. Do not include any additional text, punctuation or explanation.

My answer is
",1
fake_2241,2,99,7,2,68,1,-6,"Today is November 5, 2024. Racially, I am black. Politically, I am a strong Republican. I do not attend church. I am 68 years old. I am a man.. Question: Do you think the federal government should be doing more about the opioid drug addiction issue, should be doing less, or is it currently doing the right amount?

Answer choices:
1. Should be doing more 2. Should be doing less 3. Is doing the right amount

When answering, respond ONLY with a single number that corresponds to the option you choose. Do not include any additional text, punctuation or explanation.

My answer is
",2
fake_2242,1,4,1,2,80,2,4,"Today is November 5, 2024. Racially, I am white. Ideologically, I am moderate. Politically, I am a strong democrat. I do not attend church. I am 80 years old. I am a woman. I am not at all interested in politics.. Question: Do you think the federal government should be doing more about the opioid drug addiction issue, should be doing less, or is it currently doing the right amount?

Answer choices:
1. Should be doing more 2. Should be doing less 3. Is doing the right amount

When answering, respond ONLY with a single number that corresponds to the option you choose. Do not include any additional text, punctuation or explanation.

My answer is
",1
fake_2243,1,6,6,2,-2,1,2,"Today is November 5, 2024. Racially, I am white. Ideologically, I am conservative. Politically, I am a weak Republican. I do not attend church. I am a man. I am somewhat interested in politics.. Question: Do you think the federal government should be doing more about the opioid drug addiction issue, should be doing less, or is it currently doing the right amount?

Answer choices:
1. Should be doing more 2. Should be doing less 3. Is doing the right amount

When answering, respond ONLY with a single number that corresponds to the option you choose. Do not include any additional text, punctuation or explanation.

My answer is
",1
fake_2244,6,99,3,1,37,1,1,"Today is November 5, 2024. Politically, I am an independent who leans Democratic. I attend church. I am 37 years old. I am a man. I am very interested in politics.. Question: Do you think the federal government should be doing more about the opioid drug addiction issue, should be doing less, or is it currently doing the right amount?

Answer choices:
1. Should be doing more 2. Should be doing less 3. Is doing the right amount

When answering, respond ONLY with a single number that corresponds to the option you choose. Do not include any additional text, punctuation or explanation.

My answer is
",1
fake_2245,1,6,1,2,41,2,2,"Today is November 5, 2024. Racially, I am white. Ideologically, I am conservative. Politically, I am a strong democrat. I do not attend church. I am 41 years old. I am a woman. I am somewhat interested in politics.. Question: Do you think the federal government should be doing more about the opioid drug addiction issue, should be doing less, or is it currently doing the right amount?

Answer choices:
1. Should be doing more 2. Should be doing less 3. Is doing the right amount

When answering, respond ONLY with a single number that corresponds to the option you choose. Do not include any additional text, punctuation or explanation.

My answer is
",1
fake_2246,1,5,5,2,76,1,-6,"Today is November 5, 2024. Racially, I am white. Ideologically, I am slightly conservative. Politically, I am an independent who leans Republican. I do not attend church. I am 76 years old. I am a man.. Question: Do you think the federal government should be doing more about the opioid drug addiction issue, should be doing less, or is it currently doing the right amount?

Answer choices:
1. Should be doing more 2. Should be doing less 3. Is doing the right amount

When answering, respond ONLY with a single number that corresponds to the option you choose. Do not include any additional text, punctuation or explanation.

My answer is
",1
fake_2247,1,99,3,1,50,2,3,"Today is November 5, 2024. Racially, I am white. Politically, I am an independent who leans Democratic. I attend church. I am 50 years old. I am a woman. I am not very interested in politics.. Question: Do you think the federal government should be doing more about the opioid drug addiction issue, should be doing less, or is it currently doing the right amount?

Answer choices:
1. Should be doing more 2. Should be doing less 3. Is doing the right amount

When answering, respond ONLY with a single number that corresponds to the option you choose. Do not include any additional text, punctuation or explanation.

My answer is
",1
fake_2248,1,99,3,2,46,1,1,"Today is November 5, 2024. Racially, I am white. Politically, I am an independent who leans Democratic. I do not attend church. I am 46 years old. I am a man. I am very interested in politics.. Question: Do you think the federal government should be doing more about the opioid drug addiction issue, should be doing less, or is it currently doing the right amount?

Answer choices:
1. Should be doing more 2. Should be doing less 3. Is doing the right amount

When answering, respond ONLY with a single number that corresponds to the option you choose. Do not include any additional text, punctuation or explanation.

My answer is
",1
fake_2249,1,6,1,1,48,1,2,"Today is November 5, 2024. Racially, I am white. Ideologically, I am conservative. Politically, I am a strong democrat. I attend church. I am 48 years old. I am a man. I am somewhat interested in politics.. Question: Do you think the federal government should be doing more about the opioid drug addiction issue, should be doing less, or is it currently doing the right amount?

Answer choices:
1. Should be doing more 2. Should be doing less 3. Is doing the right amount

When answering, respond ONLY with a single number that corresponds to the option you choose. Do not include any additional text, punctuation or explanation.

My answer is
",1
fake_2250,1,4,2,1,65,1,2,"Today is November 5, 2024. Racially, I am white. Ideologically, I am moderate. Politically, I am a weak Democrat. I attend church. I am 65 years old. I am a man. I am somewhat interested in politics.. Question: Do you think the federal government should be doing more about the opioid drug addiction issue, should be doing less, or is it currently doing the right amount?

Answer choices:
1. Should be doing more 2. Should be doing less 3. Is doing the right amount

When answering, respond ONLY with a single number that corresponds to the option you choose. Do not include any additional text, punctuation or explanation.

My answer is
",1
fake_2251,1,99,5,1,53,1,4,"Today is November 5, 2024. Racially, I am white. Politically, I am an independent who leans Republican. I attend church. I am 53 years old. I am a man. I am not at all interested in politics.. Question: Do you think the federal government should be doing more about the opioid drug addiction issue, should be doing less, or is it currently doing the right amount?

Answer choices:
1. Should be doing more 2. Should be doing less 3. Is doing the right amount

When answering, respond ONLY with a single number that corresponds to the option you choose. Do not include any additional text, punctuation or explanation.

My answer is
",1
fake_2252,1,2,6,2,42,1,2,"Today is November 5, 2024. Racially, I am white. Ideologically, I am liberal. Politically, I am a weak Republican. I do not attend church. I am 42 years old. I am a man. I am somewhat interested in politics.. Question: Do you think the federal government should be doing more about the opioid drug addiction issue, should be doing less, or is it currently doing the right amount?

Answer choices:
1. Should be doing more 2. Should be doing less 3. Is doing the right amount

When answering, respond ONLY with a single number that corresponds to the option you choose. Do not include any additional text, punctuation or explanation.

My answer is
",1
fake_2253,1,4,3,2,35,1,3,"Today is November 5, 2024. Racially, I am white. Ideologically, I am moderate. Politically, I am an independent who leans Democratic. I do not attend church. I am 35 years old. I am a man. I am not very interested in politics.. Question: Do you think the federal government should be doing more about the opioid drug addiction issue, should be doing less, or is it currently doing the right amount?

Answer choices:
1. Should be doing more 2. Should be doing less 3. Is doing the right amount

When answering, respond ONLY with a single number that corresponds to the option you choose. Do not include any additional text, punctuation or explanation.

My answer is
",1
fake_2254,3,5,4,2,57,2,2,"Today is November 5, 2024. Racially, I am hispanic. Ideologically, I am slightly conservative. Politically, I am an independent. I do not attend church. I am 57 years old. I am a woman. I am somewhat interested in politics.. Question: Do you think the federal government should be doing more about the opioid drug addiction issue, should be doing less, or is it currently doing the right amount?

Answer choices:
1. Should be doing more 2. Should be doing less 3. Is doing the right amount

When answering, respond ONLY with a single number that corresponds to the option you choose. Do not include any additional text, punctuation or explanation.

My answer is
",1
fake_2255,1,1,4,2,18,2,2,"Today is November 5, 2024. Racially, I am white. Ideologically, I am extremely liberal. Politically, I am an independent. I do not attend church. I am 18 years old. I am a woman. I am somewhat interested in politics.. Question: Do you think the federal government should be doing more about the opioid drug addiction issue, should be doing less, or is it currently doing the right amount?

Answer choices:
1. Should be doing more 2. Should be doing less 3. Is doing the right amount

When answering, respond ONLY with a single number that corresponds to the option you choose. Do not include any additional text, punctuation or explanation.

My answer is
",1
fake_2256,1,6,6,1,74,2,2,"Today is November 5, 2024. Racially, I am white. Ideologically, I am conservative. Politically, I am a weak Republican. I attend church. I am 74 years old. I am a woman. I am somewhat interested in politics.. Question: Do you think the federal government should be doing more about the opioid drug addiction issue, should be doing less, or is it currently doing the right amount?

Answer choices:
1. Should be doing more 2. Should be doing less 3. Is doing the right amount

When answering, respond ONLY with a single number that corresponds to the option you choose. Do not include any additional text, punctuation or explanation.

My answer is
",1
fake_2257,1,5,1,2,68,1,2,"Today is November 5, 2024. Racially, I am white. Ideologically, I am slightly conservative. Politically, I am a strong democrat. I do not attend church. I am 68 years old. I am a man. I am somewhat interested in politics.. Question: Do you think the federal government should be doing more about the opioid drug addiction issue, should be doing less, or is it currently doing the right amount?

Answer choices:
1. Should be doing more 2. Should be doing less 3. Is doing the right amount

When answering, respond ONLY with a single number that corresponds to the option you choose. Do not include any additional text, punctuation or explanation.

My answer is
",1
fake_2258,1,-9,2,-1,68,2,-6,"Today is November 5, 2024. Racially, I am white. Politically, I am a weak Democrat. I am 68 years old. I am a woman.. Question: Do you think the federal government should be doing more about the opioid drug addiction issue, should be doing less, or is it currently doing the right amount?

Answer choices:
1. Should be doing more 2. Should be doing less 3. Is doing the right amount

When answering, respond ONLY with a single number that corresponds to the option you choose. Do not include any additional text, punctuation or explanation.

My answer is
",1
fake_2259,1,5,1,1,80,2,2,"Today is November 5, 2024. Racially, I am white. Ideologically, I am slightly conservative. Politically, I am a strong democrat. I attend church. I am 80 years old. I am a woman. I am somewhat interested in politics.. Question: Do you think the federal government should be doing more about the opioid drug addiction issue, should be doing less, or is it currently doing the right amount?

Answer choices:
1. Should be doing more 2. Should be doing less 3. Is doing the right amount

When answering, respond ONLY with a single number that corresponds to the option you choose. Do not include any additional text, punctuation or explanation.

My answer is
",1
fake_2260,1,2,7,1,63,1,3,"Today is November 5, 2024. Racially, I am white. Ideologically, I am liberal. Politically, I am a strong Republican. I attend church. I am 63 years old. I am a man. I am not very interested in politics.. Question: Do you think the federal government should be doing more about the opioid drug addiction issue, should be doing less, or is it currently doing the right amount?

Answer choices:
1. Should be doing more 2. Should be doing less 3. Is doing the right amount

When answering, respond ONLY with a single number that corresponds to the option you choose. Do not include any additional text, punctuation or explanation.

My answer is
",1
fake_2261,1,6,1,2,76,2,1,"Today is November 5, 2024. Racially, I am white. Ideologically, I am conservative. Politically, I am a strong democrat. I do not attend church. I am 76 years old. I am a woman. I am very interested in politics.. Question: Do you think the federal government should be doing more about the opioid drug addiction issue, should be doing less, or is it currently doing the right amount?

Answer choices:
1. Should be doing more 2. Should be doing less 3. Is doing the right amount

When answering, respond ONLY with a single number that corresponds to the option you choose. Do not include any additional text, punctuation or explanation.

My answer is
",1
fake_2262,1,2,3,1,-2,2,2,"Today is November 5, 2024. Racially, I am white. Ideologically, I am liberal. Politically, I am an independent who leans Democratic. I attend church. I am a woman. I am somewhat interested in politics.. Question: Do you think the federal government should be doing more about the opioid drug addiction issue, should be doing less, or is it currently doing the right amount?

Answer choices:
1. Should be doing more 2. Should be doing less 3. Is doing the right amount

When answering, respond ONLY with a single number that corresponds to the option you choose. Do not include any additional text, punctuation or explanation.

My answer is
",1
fake_2263,1,2,7,2,46,2,3,"Today is November 5, 2024. Racially, I am white. Ideologically, I am liberal. Politically, I am a strong Republican. I do not attend church. I am 46 years old. I am a woman. I am not very interested in politics.. Question: Do you think the federal government should be doing more about the opioid drug addiction issue, should be doing less, or is it currently doing the right amount?

Answer choices:
1. Should be doing more 2. Should be doing less 3. Is doing the right amount

When answering, respond ONLY with a single number that corresponds to the option you choose. Do not include any additional text, punctuation or explanation.

My answer is
",1
fake_2264,3,1,2,1,37,-9,3,"Today is November 5, 2024. Racially, I am hispanic. Ideologically, I am extremely liberal. Politically, I am a weak Democrat. I attend church. I am 37 years old. I am not very interested in politics.. Question: Do you think the federal government should be doing more about the opioid drug addiction issue, should be doing less, or is it currently doing the right amount?

Answer choices:
1. Should be doing more 2. Should be doing less 3. Is doing the right amount

When answering, respond ONLY with a single number that corresponds to the option you choose. Do not include any additional text, punctuation or explanation.

My answer is
",1
fake_2265,1,4,7,2,65,2,2,"Today is November 5, 2024. Racially, I am white. Ideologically, I am moderate. Politically, I am a strong Republican. I do not attend church. I am 65 years old. I am a woman. I am somewhat interested in politics.. Question: Do you think the federal government should be doing more about the opioid drug addiction issue, should be doing less, or is it currently doing the right amount?

Answer choices:
1. Should be doing more 2. Should be doing less 3. Is doing the right amount

When answering, respond ONLY with a single number that corresponds to the option you choose. Do not include any additional text, punctuation or explanation.

My answer is
",1
fake_2266,1,5,7,2,52,1,1,"Today is November 5, 2024. Racially, I am white. Ideologically, I am slightly conservative. Politically, I am a strong Republican. I do not attend church. I am 52 years old. I am a man. I am very interested in politics.. Question: Do you think the federal government should be doing more about the opioid drug addiction issue, should be doing less, or is it currently doing the right amount?

Answer choices:
1. Should be doing more 2. Should be doing less 3. Is doing the right amount

When answering, respond ONLY with a single number that corresponds to the option you choose. Do not include any additional text, punctuation or explanation.

My answer is
",1
fake_2267,1,1,3,1,46,2,2,"Today is November 5, 2024. Racially, I am white. Ideologically, I am extremely liberal. Politically, I am an independent who leans Democratic. I attend church. I am 46 years old. I am a woman. I am somewhat interested in politics.. Question: Do you think the federal government should be doing more about the opioid drug addiction issue, should be doing less, or is it currently doing the right amount?

Answer choices:
1. Should be doing more 2. Should be doing less 3. Is doing the right amount

When answering, respond ONLY with a single number that corresponds to the option you choose. Do not include any additional text, punctuation or explanation.

My answer is
",1
fake_2268,1,4,3,1,45,1,-7,"Today is November 5, 2024. Racially, I am white. Ideologically, I am moderate. Politically, I am an independent who leans Democratic. I attend church. I am 45 years old. I am a man.. Question: Do you think the federal government should be doing more about the opioid drug addiction issue, should be doing less, or is it currently doing the right amount?

Answer choices:
1. Should be doing more 2. Should be doing less 3. Is doing the right amount

When answering, respond ONLY with a single number that corresponds to the option you choose. Do not include any additional text, punctuation or explanation.

My answer is
",1
fake_2269,2,6,2,1,-2,2,1,"Today is November 5, 2024. Racially, I am black. Ideologically, I am conservative. Politically, I am a weak Democrat. I attend church. I am a woman. I am very interested in politics.. Question: Do you think the federal government should be doing more about the opioid drug addiction issue, should be doing less, or is it currently doing the right amount?

Answer choices:
1. Should be doing more 2. Should be doing less 3. Is doing the right amount

When answering, respond ONLY with a single number that corresponds to the option you choose. Do not include any additional text, punctuation or explanation.

My answer is
",1
fake_2270,1,3,6,1,80,1,1,"Today is November 5, 2024. Racially, I am white. Ideologically, I am slightly liberal. Politically, I am a weak Republican. I attend church. I am 80 years old. I am a man. I am very interested in politics.. Question: Do you think the federal government should be doing more about the opioid drug addiction issue, should be doing less, or is it currently doing the right amount?

Answer choices:
1. Should be doing more 2. Should be doing less 3. Is doing the right amount

When answering, respond ONLY with a single number that corresponds to the option you choose. Do not include any additional text, punctuation or explanation.

My answer is
",1
fake_2271,1,4,7,1,27,2,4,"Today is November 5, 2024. Racially, I am white. Ideologically, I am moderate. Politically, I am a strong Republican. I attend church. I am 27 years old. I am a woman. I am not at all interested in politics.. Question: Do you think the federal government should be doing more about the opioid drug addiction issue, should be doing less, or is it currently doing the right amount?

Answer choices:
1. Should be doing more 2. Should be doing less 3. Is doing the right amount

When answering, respond ONLY with a single number that corresponds to the option you choose. Do not include any additional text, punctuation or explanation.

My answer is
",1
fake_2272,1,3,3,2,67,2,-6,"Today is November 5, 2024. Racially, I am white. Ideologically, I am slightly liberal. Politically, I am an independent who leans Democratic. I do not attend church. I am 67 years old. I am a woman.. Question: Do you think the federal government should be doing more about the opioid drug addiction issue, should be doing less, or is it currently doing the right amount?

Answer choices:
1. Should be doing more 2. Should be doing less 3. Is doing the right amount

When answering, respond ONLY with a single number that corresponds to the option you choose. Do not include any additional text, punctuation or explanation.

My answer is
",1
fake_2273,1,6,1,2,37,1,2,"Today is November 5, 2024. Racially, I am white. Ideologically, I am conservative. Politically, I am a strong democrat. I do not attend church. I am 37 years old. I am a man. I am somewhat interested in politics.. Question: Do you think the federal government should be doing more about the opioid drug addiction issue, should be doing less, or is it currently doing the right amount?

Answer choices:
1. Should be doing more 2. Should be doing less 3. Is doing the right amount

When answering, respond ONLY with a single number that corresponds to the option you choose. Do not include any additional text, punctuation or explanation.

My answer is
",1
fake_2274,3,99,7,1,44,2,2,"Today is November 5, 2024. Racially, I am hispanic. Politically, I am a strong Republican. I attend church. I am 44 years old. I am a woman. I am somewhat interested in politics.. Question: Do you think the federal government should be doing more about the opioid drug addiction issue, should be doing less, or is it currently doing the right amount?

Answer choices:
1. Should be doing more 2. Should be doing less 3. Is doing the right amount

When answering, respond ONLY with a single number that corresponds to the option you choose. Do not include any additional text, punctuation or explanation.

My answer is
",1
fake_2275,1,4,2,2,69,2,-6,"Today is November 5, 2024. Racially, I am white. Ideologically, I am moderate. Politically, I am a weak Democrat. I do not attend church. I am 69 years old. I am a woman.. Question: Do you think the federal government should be doing more about the opioid drug addiction issue, should be doing less, or is it currently doing the right amount?

Answer choices:
1. Should be doing more 2. Should be doing less 3. Is doing the right amount

When answering, respond ONLY with a single number that corresponds to the option you choose. Do not include any additional text, punctuation or explanation.

My answer is
",1
fake_2276,1,2,6,1,56,1,-6,"Today is November 5, 2024. Racially, I am white. Ideologically, I am liberal. Politically, I am a weak Republican. I attend church. I am 56 years old. I am a man.. Question: Do you think the federal government should be doing more about the opioid drug addiction issue, should be doing less, or is it currently doing the right amount?

Answer choices:
1. Should be doing more 2. Should be doing less 3. Is doing the right amount

When answering, respond ONLY with a single number that corresponds to the option you choose. Do not include any additional text, punctuation or explanation.

My answer is
",1
fake_2277,1,6,7,2,32,2,2,"Today is November 5, 2024. Racially, I am white. Ideologically, I am conservative. Politically, I am a strong Republican. I do not attend church. I am 32 years old. I am a woman. I am somewhat interested in politics.. Question: Do you think the federal government should be doing more about the opioid drug addiction issue, should be doing less, or is it currently doing the right amount?

Answer choices:
1. Should be doing more 2. Should be doing less 3. Is doing the right amount

When answering, respond ONLY with a single number that corresponds to the option you choose. Do not include any additional text, punctuation or explanation.

My answer is
",1
fake_2278,1,4,2,2,27,1,1,"Today is November 5, 2024. Racially, I am white. Ideologically, I am moderate. Politically, I am a weak Democrat. I do not attend church. I am 27 years old. I am a man. I am very interested in politics.. Question: Do you think the federal government should be doing more about the opioid drug addiction issue, should be doing less, or is it currently doing the right amount?

Answer choices:
1. Should be doing more 2. Should be doing less 3. Is doing the right amount

When answering, respond ONLY with a single number that corresponds to the option you choose. Do not include any additional text, punctuation or explanation.

My answer is
",1
fake_2279,1,6,4,2,67,2,1,"Today is November 5, 2024. Racially, I am white. Ideologically, I am conservative. Politically, I am an independent. I do not attend church. I am 67 years old. I am a woman. I am very interested in politics.. Question: Do you think the federal government should be doing more about the opioid drug addiction issue, should be doing less, or is it currently doing the right amount?

Answer choices:
1. Should be doing more 2. Should be doing less 3. Is doing the right amount

When answering, respond ONLY with a single number that corresponds to the option you choose. Do not include any additional text, punctuation or explanation.

My answer is
",1
fake_2280,6,7,1,1,25,1,1,"Today is November 5, 2024. Ideologically, I am extremely conservative. Politically, I am a strong democrat. I attend church. I am 25 years old. I am a man. I am very interested in politics.. Question: Do you think the federal government should be doing more about the opioid drug addiction issue, should be doing less, or is it currently doing the right amount?

Answer choices:
1. Should be doing more 2. Should be doing less 3. Is doing the right amount

When answering, respond ONLY with a single number that corresponds to the option you choose. Do not include any additional text, punctuation or explanation.

My answer is
",1
fake_2281,1,4,4,1,57,1,3,"Today is November 5, 2024. Racially, I am white. Ideologically, I am moderate. Politically, I am an independent. I attend church. I am 57 years old. I am a man. I am not very interested in politics.. Question: Do you think the federal government should be doing more about the opioid drug addiction issue, should be doing less, or is it currently doing the right amount?

Answer choices:
1. Should be doing more 2. Should be doing less 3. Is doing the right amount

When answering, respond ONLY with a single number that corresponds to the option you choose. Do not include any additional text, punctuation or explanation.

My answer is
",1
fake_2282,1,7,7,2,39,1,2,"Today is November 5, 2024. Racially, I am white. Ideologically, I am extremely conservative. Politically, I am a strong Republican. I do not attend church. I am 39 years old. I am a man. I am somewhat interested in politics.. Question: Do you think the federal government should be doing more about the opioid drug addiction issue, should be doing less, or is it currently doing the right amount?

Answer choices:
1. Should be doing more 2. Should be doing less 3. Is doing the right amount

When answering, respond ONLY with a single number that corresponds to the option you choose. Do not include any additional text, punctuation or explanation.

My answer is
",2
fake_2283,6,-9,1,2,70,1,2,"Today is November 5, 2024. Politically, I am a strong democrat. I do not attend church. I am 70 years old. I am a man. I am somewhat interested in politics.. Question: Do you think the federal government should be doing more about the opioid drug addiction issue, should be doing less, or is it currently doing the right amount?

Answer choices:
1. Should be doing more 2. Should be doing less 3. Is doing the right amount

When answering, respond ONLY with a single number that corresponds to the option you choose. Do not include any additional text, punctuation or explanation.

My answer is
",1
fake_2284,1,3,3,2,32,2,1,"Today is November 5, 2024. Racially, I am white. Ideologically, I am slightly liberal. Politically, I am an independent who leans Democratic. I do not attend church. I am 32 years old. I am a woman. I am very interested in politics.. Question: Do you think the federal government should be doing more about the opioid drug addiction issue, should be doing less, or is it currently doing the right amount?

Answer choices:
1. Should be doing more 2. Should be doing less 3. Is doing the right amount

When answering, respond ONLY with a single number that corresponds to the option you choose. Do not include any additional text, punctuation or explanation.

My answer is
",1
fake_2285,2,6,1,2,48,2,2,"Today is November 5, 2024. Racially, I am black. Ideologically, I am conservative. Politically, I am a strong democrat. I do not attend church. I am 48 years old. I am a woman. I am somewhat interested in politics.. Question: Do you think the federal government should be doing more about the opioid drug addiction issue, should be doing less, or is it currently doing the right amount?

Answer choices:
1. Should be doing more 2. Should be doing less 3. Is doing the right amount

When answering, respond ONLY with a single number that corresponds to the option you choose. Do not include any additional text, punctuation or explanation.

My answer is
",1
fake_2286,1,4,7,2,22,2,3,"Today is November 5, 2024. Racially, I am white. Ideologically, I am moderate. Politically, I am a strong Republican. I do not attend church. I am 22 years old. I am a woman. I am not very interested in politics.. Question: Do you think the federal government should be doing more about the opioid drug addiction issue, should be doing less, or is it currently doing the right amount?

Answer choices:
1. Should be doing more 2. Should be doing less 3. Is doing the right amount

When answering, respond ONLY with a single number that corresponds to the option you choose. Do not include any additional text, punctuation or explanation.

My answer is
",1
fake_2287,1,4,4,2,39,1,2,"Today is November 5, 2024. Racially, I am white. Ideologically, I am moderate. Politically, I am an independent. I do not attend church. I am 39 years old. I am a man. I am somewhat interested in politics.. Question: Do you think the federal government should be doing more about the opioid drug addiction issue, should be doing less, or is it currently doing the right amount?

Answer choices:
1. Should be doing more 2. Should be doing less 3. Is doing the right amount

When answering, respond ONLY with a single number that corresponds to the option you choose. Do not include any additional text, punctuation or explanation.

My answer is
",1
fake_2288,3,6,7,2,41,1,2,"Today is November 5, 2024. Racially, I am hispanic. Ideologically, I am conservative. Politically, I am a strong Republican. I do not attend church. I am 41 years old. I am a man. I am somewhat interested in politics.. Question: Do you think the federal government should be doing more about the opioid drug addiction issue, should be doing less, or is it currently doing the right amount?

Answer choices:
1. Should be doing more 2. Should be doing less 3. Is doing the right amount

When answering, respond ONLY with a single number that corresponds to the option you choose. Do not include any additional text, punctuation or explanation.

My answer is
",1
fake_2289,3,4,7,2,55,2,1,"Today is November 5, 2024. Racially, I am hispanic. Ideologically, I am moderate. Politically, I am a strong Republican. I do not attend church. I am 55 years old. I am a woman. I am very interested in politics.. Question: Do you think the federal government should be doing more about the opioid drug addiction issue, should be doing less, or is it currently doing the right amount?

Answer choices:
1. Should be doing more 2. Should be doing less 3. Is doing the right amount

When answering, respond ONLY with a single number that corresponds to the option you choose. Do not include any additional text, punctuation or explanation.

My answer is
",1
fake_2290,1,2,2,2,25,2,2,"Today is November 5, 2024. Racially, I am white. Ideologically, I am liberal. Politically, I am a weak Democrat. I do not attend church. I am 25 years old. I am a woman. I am somewhat interested in politics.. Question: Do you think the federal government should be doing more about the opioid drug addiction issue, should be doing less, or is it currently doing the right amount?

Answer choices:
1. Should be doing more 2. Should be doing less 3. Is doing the right amount

When answering, respond ONLY with a single number that corresponds to the option you choose. Do not include any additional text, punctuation or explanation.

My answer is
",1
fake_2291,1,4,2,2,27,2,1,"Today is November 5, 2024. Racially, I am white. Ideologically, I am moderate. Politically, I am a weak Democrat. I do not attend church. I am 27 years old. I am a woman. I am very interested in politics.. Question: Do you think the federal government should be doing more about the opioid drug addiction issue, should be doing less, or is it currently doing the right amount?

Answer choices:
1. Should be doing more 2. Should be doing less 3. Is doing the right amount

When answering, respond ONLY with a single number that corresponds to the option you choose. Do not include any additional text, punctuation or explanation.

My answer is
",1
fake_2292,1,6,5,2,-2,2,2,"Today is November 5, 2024. Racially, I am white. Ideologically, I am conservative. Politically, I am an independent who leans Republican. I do not attend church. I am a woman. I am somewhat interested in politics.. Question: Do you think the federal government should be doing more about the opioid drug addiction issue, should be doing less, or is it currently doing the right amount?

Answer choices:
1. Should be doing more 2. Should be doing less 3. Is doing the right amount

When answering, respond ONLY with a single number that corresponds to the option you choose. Do not include any additional text, punctuation or explanation.

My answer is
",1
fake_2293,2,3,1,2,-2,1,4,"Today is November 5, 2024. Racially, I am black. Ideologically, I am slightly liberal. Politically, I am a strong democrat. I do not attend church. I am a man. I am not at all interested in politics.. Question: Do you think the federal government should be doing more about the opioid drug addiction issue, should be doing less, or is it currently doing the right amount?

Answer choices:
1. Should be doing more 2. Should be doing less 3. Is doing the right amount

When answering, respond ONLY with a single number that corresponds to the option you choose. Do not include any additional text, punctuation or explanation.

My answer is
",1
fake_2294,2,2,7,1,-2,1,-6,"Today is November 5, 2024. Racially, I am black. Ideologically, I am liberal. Politically, I am a strong Republican. I attend church. I am a man.. Question: Do you think the federal government should be doing more about the opioid drug addiction issue, should be doing less, or is it currently doing the right amount?

Answer choices:
1. Should be doing more 2. Should be doing less 3. Is doing the right amount

When answering, respond ONLY with a single number that corresponds to the option you choose. Do not include any additional text, punctuation or explanation.

My answer is
",1
fake_2295,1,2,4,2,58,2,3,"Today is November 5, 2024. Racially, I am white. Ideologically, I am liberal. Politically, I am an independent. I do not attend church. I am 58 years old. I am a woman. I am not very interested in politics.. Question: Do you think the federal government should be doing more about the opioid drug addiction issue, should be doing less, or is it currently doing the right amount?

Answer choices:
1. Should be doing more 2. Should be doing less 3. Is doing the right amount

When answering, respond ONLY with a single number that corresponds to the option you choose. Do not include any additional text, punctuation or explanation.

My answer is
",1
fake_2296,1,1,6,1,76,2,2,"Today is November 5, 2024. Racially, I am white. Ideologically, I am extremely liberal. Politically, I am a weak Republican. I attend church. I am 76 years old. I am a woman. I am somewhat interested in politics.. Question: Do you think the federal government should be doing more about the opioid drug addiction issue, should be doing less, or is it currently doing the right amount?

Answer choices:
1. Should be doing more 2. Should be doing less 3. Is doing the right amount

When answering, respond ONLY with a single number that corresponds to the option you choose. Do not include any additional text, punctuation or explanation.

My answer is
",1
fake_2297,1,4,1,2,71,2,2,"Today is November 5, 2024. Racially, I am white. Ideologically, I am moderate. Politically, I am a strong democrat. I do not attend church. I am 71 years old. I am a woman. I am somewhat interested in politics.. Question: Do you think the federal government should be doing more about the opioid drug addiction issue, should be doing less, or is it currently doing the right amount?

Answer choices:
1. Should be doing more 2. Should be doing less 3. Is doing the right amount

When answering, respond ONLY with a single number that corresponds to the option you choose. Do not include any additional text, punctuation or explanation.

My answer is
",1
fake_2298,1,6,7,1,60,-9,2,"Today is November 5, 2024. Racially, I am white. Ideologically, I am conservative. Politically, I am a strong Republican. I attend church. I am 60 years old. I am somewhat interested in politics.. Question: Do you think the federal government should be doing more about the opioid drug addiction issue, should be doing less, or is it currently doing the right amount?

Answer choices:
1. Should be doing more 2. Should be doing less 3. Is doing the right amount

When answering, respond ONLY with a single number that corresponds to the option you choose. Do not include any additional text, punctuation or explanation.

My answer is
",1
fake_2299,1,4,7,2,66,1,1,"Today is November 5, 2024. Racially, I am white. Ideologically, I am moderate. Politically, I am a strong Republican. I do not attend church. I am 66 years old. I am a man. I am very interested in politics.. Question: Do you think the federal government should be doing more about the opioid drug addiction issue, should be doing less, or is it currently doing the right amount?

Answer choices:
1. Should be doing more 2. Should be doing less 3. Is doing the right amount

When answering, respond ONLY with a single number that corresponds to the option you choose. Do not include any additional text, punctuation or explanation.

My answer is
",1
fake_2300,1,4,3,2,45,1,1,"Today is November 5, 2024. Racially, I am white. Ideologically, I am moderate. Politically, I am an independent who leans Democratic. I do not attend church. I am 45 years old. I am a man. I am very interested in politics.. Question: Do you think the federal government should be doing more about the opioid drug addiction issue, should be doing less, or is it currently doing the right amount?

Answer choices:
1. Should be doing more 2. Should be doing less 3. Is doing the right amount

When answering, respond ONLY with a single number that corresponds to the option you choose. Do not include any additional text, punctuation or explanation.

My answer is
",1
fake_2301,1,5,7,2,35,2,2,"Today is November 5, 2024. Racially, I am white. Ideologically, I am slightly conservative. Politically, I am a strong Republican. I do not attend church. I am 35 years old. I am a woman. I am somewhat interested in politics.. Question: Do you think the federal government should be doing more about the opioid drug addiction issue, should be doing less, or is it currently doing the right amount?

Answer choices:
1. Should be doing more 2. Should be doing less 3. Is doing the right amount

When answering, respond ONLY with a single number that corresponds to the option you choose. Do not include any additional text, punctuation or explanation.

My answer is
",1
fake_2302,1,3,5,1,37,1,2,"Today is November 5, 2024. Racially, I am white. Ideologically, I am slightly liberal. Politically, I am an independent who leans Republican. I attend church. I am 37 years old. I am a man. I am somewhat interested in politics.. Question: Do you think the federal government should be doing more about the opioid drug addiction issue, should be doing less, or is it currently doing the right amount?

Answer choices:
1. Should be doing more 2. Should be doing less 3. Is doing the right amount

When answering, respond ONLY with a single number that corresponds to the option you choose. Do not include any additional text, punctuation or explanation.

My answer is
",1
fake_2303,1,2,2,2,58,2,2,"Today is November 5, 2024. Racially, I am white. Ideologically, I am liberal. Politically, I am a weak Democrat. I do not attend church. I am 58 years old. I am a woman. I am somewhat interested in politics.. Question: Do you think the federal government should be doing more about the opioid drug addiction issue, should be doing less, or is it currently doing the right amount?

Answer choices:
1. Should be doing more 2. Should be doing less 3. Is doing the right amount

When answering, respond ONLY with a single number that corresponds to the option you choose. Do not include any additional text, punctuation or explanation.

My answer is
",1
fake_2304,3,4,1,2,74,1,3,"Today is November 5, 2024. Racially, I am hispanic. Ideologically, I am moderate. Politically, I am a strong democrat. I do not attend church. I am 74 years old. I am a man. I am not very interested in politics.. Question: Do you think the federal government should be doing more about the opioid drug addiction issue, should be doing less, or is it currently doing the right amount?

Answer choices:
1. Should be doing more 2. Should be doing less 3. Is doing the right amount

When answering, respond ONLY with a single number that corresponds to the option you choose. Do not include any additional text, punctuation or explanation.

My answer is
",1
fake_2305,6,5,5,2,40,1,4,"Today is November 5, 2024. Ideologically, I am slightly conservative. Politically, I am an independent who leans Republican. I do not attend church. I am 40 years old. I am a man. I am not at all interested in politics.. Question: Do you think the federal government should be doing more about the opioid drug addiction issue, should be doing less, or is it currently doing the right amount?

Answer choices:
1. Should be doing more 2. Should be doing less 3. Is doing the right amount

When answering, respond ONLY with a single number that corresponds to the option you choose. Do not include any additional text, punctuation or explanation.

My answer is
",1
fake_2306,1,4,7,1,36,2,4,"Today is November 5, 2024. Racially, I am white. Ideologically, I am moderate. Politically, I am a strong Republican. I attend church. I am 36 years old. I am a woman. I am not at all interested in politics.. Question: Do you think the federal government should be doing more about the opioid drug addiction issue, should be doing less, or is it currently doing the right amount?

Answer choices:
1. Should be doing more 2. Should be doing less 3. Is doing the right amount

When answering, respond ONLY with a single number that corresponds to the option you choose. Do not include any additional text, punctuation or explanation.

My answer is
",1
fake_2307,1,6,7,1,32,2,2,"Today is November 5, 2024. Racially, I am white. Ideologically, I am conservative. Politically, I am a strong Republican. I attend church. I am 32 years old. I am a woman. I am somewhat interested in politics.. Question: Do you think the federal government should be doing more about the opioid drug addiction issue, should be doing less, or is it currently doing the right amount?

Answer choices:
1. Should be doing more 2. Should be doing less 3. Is doing the right amount

When answering, respond ONLY with a single number that corresponds to the option you choose. Do not include any additional text, punctuation or explanation.

My answer is
",1
fake_2308,1,4,1,1,56,2,2,"Today is November 5, 2024. Racially, I am white. Ideologically, I am moderate. Politically, I am a strong democrat. I attend church. I am 56 years old. I am a woman. I am somewhat interested in politics.. Question: Do you think the federal government should be doing more about the opioid drug addiction issue, should be doing less, or is it currently doing the right amount?

Answer choices:
1. Should be doing more 2. Should be doing less 3. Is doing the right amount

When answering, respond ONLY with a single number that corresponds to the option you choose. Do not include any additional text, punctuation or explanation.

My answer is
",1
fake_2309,6,5,6,2,34,2,3,"Today is November 5, 2024. Ideologically, I am slightly conservative. Politically, I am a weak Republican. I do not attend church. I am 34 years old. I am a woman. I am not very interested in politics.. Question: Do you think the federal government should be doing more about the opioid drug addiction issue, should be doing less, or is it currently doing the right amount?

Answer choices:
1. Should be doing more 2. Should be doing less 3. Is doing the right amount

When answering, respond ONLY with a single number that corresponds to the option you choose. Do not include any additional text, punctuation or explanation.

My answer is
",1
fake_2310,2,6,2,1,64,1,1,"Today is November 5, 2024. Racially, I am black. Ideologically, I am conservative. Politically, I am a weak Democrat. I attend church. I am 64 years old. I am a man. I am very interested in politics.. Question: Do you think the federal government should be doing more about the opioid drug addiction issue, should be doing less, or is it currently doing the right amount?

Answer choices:
1. Should be doing more 2. Should be doing less 3. Is doing the right amount

When answering, respond ONLY with a single number that corresponds to the option you choose. Do not include any additional text, punctuation or explanation.

My answer is
",1
fake_2311,1,6,1,-1,45,2,3,"Today is November 5, 2024. Racially, I am white. Ideologically, I am conservative. Politically, I am a strong democrat. I am 45 years old. I am a woman. I am not very interested in politics.. Question: Do you think the federal government should be doing more about the opioid drug addiction issue, should be doing less, or is it currently doing the right amount?

Answer choices:
1. Should be doing more 2. Should be doing less 3. Is doing the right amount

When answering, respond ONLY with a single number that corresponds to the option you choose. Do not include any additional text, punctuation or explanation.

My answer is
",1
fake_2312,1,3,5,1,18,2,1,"Today is November 5, 2024. Racially, I am white. Ideologically, I am slightly liberal. Politically, I am an independent who leans Republican. I attend church. I am 18 years old. I am a woman. I am very interested in politics.. Question: Do you think the federal government should be doing more about the opioid drug addiction issue, should be doing less, or is it currently doing the right amount?

Answer choices:
1. Should be doing more 2. Should be doing less 3. Is doing the right amount

When answering, respond ONLY with a single number that corresponds to the option you choose. Do not include any additional text, punctuation or explanation.

My answer is
",1
fake_2313,1,99,1,1,74,2,3,"Today is November 5, 2024. Racially, I am white. Politically, I am a strong democrat. I attend church. I am 74 years old. I am a woman. I am not very interested in politics.. Question: Do you think the federal government should be doing more about the opioid drug addiction issue, should be doing less, or is it currently doing the right amount?

Answer choices:
1. Should be doing more 2. Should be doing less 3. Is doing the right amount

When answering, respond ONLY with a single number that corresponds to the option you choose. Do not include any additional text, punctuation or explanation.

My answer is
",1
fake_2314,1,7,1,-1,61,1,2,"Today is November 5, 2024. Racially, I am white. Ideologically, I am extremely conservative. Politically, I am a strong democrat. I am 61 years old. I am a man. I am somewhat interested in politics.. Question: Do you think the federal government should be doing more about the opioid drug addiction issue, should be doing less, or is it currently doing the right amount?

Answer choices:
1. Should be doing more 2. Should be doing less 3. Is doing the right amount

When answering, respond ONLY with a single number that corresponds to the option you choose. Do not include any additional text, punctuation or explanation.

My answer is
",1
fake_2315,3,99,3,2,40,1,1,"Today is November 5, 2024. Racially, I am hispanic. Politically, I am an independent who leans Democratic. I do not attend church. I am 40 years old. I am a man. I am very interested in politics.. Question: Do you think the federal government should be doing more about the opioid drug addiction issue, should be doing less, or is it currently doing the right amount?

Answer choices:
1. Should be doing more 2. Should be doing less 3. Is doing the right amount

When answering, respond ONLY with a single number that corresponds to the option you choose. Do not include any additional text, punctuation or explanation.

My answer is
",1
fake_2316,4,6,7,1,62,2,1,"Today is November 5, 2024. Racially, I am asian. Ideologically, I am conservative. Politically, I am a strong Republican. I attend church. I am 62 years old. I am a woman. I am very interested in politics.. Question: Do you think the federal government should be doing more about the opioid drug addiction issue, should be doing less, or is it currently doing the right amount?

Answer choices:
1. Should be doing more 2. Should be doing less 3. Is doing the right amount

When answering, respond ONLY with a single number that corresponds to the option you choose. Do not include any additional text, punctuation or explanation.

My answer is
",1
fake_2317,1,4,4,1,76,1,4,"Today is November 5, 2024. Racially, I am white. Ideologically, I am moderate. Politically, I am an independent. I attend church. I am 76 years old. I am a man. I am not at all interested in politics.. Question: Do you think the federal government should be doing more about the opioid drug addiction issue, should be doing less, or is it currently doing the right amount?

Answer choices:
1. Should be doing more 2. Should be doing less 3. Is doing the right amount

When answering, respond ONLY with a single number that corresponds to the option you choose. Do not include any additional text, punctuation or explanation.

My answer is
",1
fake_2318,1,2,5,2,67,2,1,"Today is November 5, 2024. Racially, I am white. Ideologically, I am liberal. Politically, I am an independent who leans Republican. I do not attend church. I am 67 years old. I am a woman. I am very interested in politics.. Question: Do you think the federal government should be doing more about the opioid drug addiction issue, should be doing less, or is it currently doing the right amount?

Answer choices:
1. Should be doing more 2. Should be doing less 3. Is doing the right amount

When answering, respond ONLY with a single number that corresponds to the option you choose. Do not include any additional text, punctuation or explanation.

My answer is
",1
fake_2319,4,4,7,1,44,1,3,"Today is November 5, 2024. Racially, I am asian. Ideologically, I am moderate. Politically, I am a strong Republican. I attend church. I am 44 years old. I am a man. I am not very interested in politics.. Question: Do you think the federal government should be doing more about the opioid drug addiction issue, should be doing less, or is it currently doing the right amount?

Answer choices:
1. Should be doing more 2. Should be doing less 3. Is doing the right amount

When answering, respond ONLY with a single number that corresponds to the option you choose. Do not include any additional text, punctuation or explanation.

My answer is
",1
fake_2320,1,1,7,2,69,1,2,"Today is November 5, 2024. Racially, I am white. Ideologically, I am extremely liberal. Politically, I am a strong Republican. I do not attend church. I am 69 years old. I am a man. I am somewhat interested in politics.. Question: Do you think the federal government should be doing more about the opioid drug addiction issue, should be doing less, or is it currently doing the right amount?

Answer choices:
1. Should be doing more 2. Should be doing less 3. Is doing the right amount

When answering, respond ONLY with a single number that corresponds to the option you choose. Do not include any additional text, punctuation or explanation.

My answer is
",1
fake_2321,3,2,3,1,50,2,-6,"Today is November 5, 2024. Racially, I am hispanic. Ideologically, I am liberal. Politically, I am an independent who leans Democratic. I attend church. I am 50 years old. I am a woman.. Question: Do you think the federal government should be doing more about the opioid drug addiction issue, should be doing less, or is it currently doing the right amount?

Answer choices:
1. Should be doing more 2. Should be doing less 3. Is doing the right amount

When answering, respond ONLY with a single number that corresponds to the option you choose. Do not include any additional text, punctuation or explanation.

My answer is
",1
fake_2322,1,4,7,1,58,2,2,"Today is November 5, 2024. Racially, I am white. Ideologically, I am moderate. Politically, I am a strong Republican. I attend church. I am 58 years old. I am a woman. I am somewhat interested in politics.. Question: Do you think the federal government should be doing more about the opioid drug addiction issue, should be doing less, or is it currently doing the right amount?

Answer choices:
1. Should be doing more 2. Should be doing less 3. Is doing the right amount

When answering, respond ONLY with a single number that corresponds to the option you choose. Do not include any additional text, punctuation or explanation.

My answer is
",1
fake_2323,1,5,2,2,33,1,4,"Today is November 5, 2024. Racially, I am white. Ideologically, I am slightly conservative. Politically, I am a weak Democrat. I do not attend church. I am 33 years old. I am a man. I am not at all interested in politics.. Question: Do you think the federal government should be doing more about the opioid drug addiction issue, should be doing less, or is it currently doing the right amount?

Answer choices:
1. Should be doing more 2. Should be doing less 3. Is doing the right amount

When answering, respond ONLY with a single number that corresponds to the option you choose. Do not include any additional text, punctuation or explanation.

My answer is
",1
fake_2324,1,6,4,1,52,2,1,"Today is November 5, 2024. Racially, I am white. Ideologically, I am conservative. Politically, I am an independent. I attend church. I am 52 years old. I am a woman. I am very interested in politics.. Question: Do you think the federal government should be doing more about the opioid drug addiction issue, should be doing less, or is it currently doing the right amount?

Answer choices:
1. Should be doing more 2. Should be doing less 3. Is doing the right amount

When answering, respond ONLY with a single number that corresponds to the option you choose. Do not include any additional text, punctuation or explanation.

My answer is
",1
fake_2325,4,6,4,1,62,2,2,"Today is November 5, 2024. Racially, I am asian. Ideologically, I am conservative. Politically, I am an independent. I attend church. I am 62 years old. I am a woman. I am somewhat interested in politics.. Question: Do you think the federal government should be doing more about the opioid drug addiction issue, should be doing less, or is it currently doing the right amount?

Answer choices:
1. Should be doing more 2. Should be doing less 3. Is doing the right amount

When answering, respond ONLY with a single number that corresponds to the option you choose. Do not include any additional text, punctuation or explanation.

My answer is
",1
fake_2326,1,99,7,1,62,1,2,"Today is November 5, 2024. Racially, I am white. Politically, I am a strong Republican. I attend church. I am 62 years old. I am a man. I am somewhat interested in politics.. Question: Do you think the federal government should be doing more about the opioid drug addiction issue, should be doing less, or is it currently doing the right amount?

Answer choices:
1. Should be doing more 2. Should be doing less 3. Is doing the right amount

When answering, respond ONLY with a single number that corresponds to the option you choose. Do not include any additional text, punctuation or explanation.

My answer is
",1
fake_2327,1,99,2,1,55,1,1,"Today is November 5, 2024. Racially, I am white. Politically, I am a weak Democrat. I attend church. I am 55 years old. I am a man. I am very interested in politics.. Question: Do you think the federal government should be doing more about the opioid drug addiction issue, should be doing less, or is it currently doing the right amount?

Answer choices:
1. Should be doing more 2. Should be doing less 3. Is doing the right amount

When answering, respond ONLY with a single number that corresponds to the option you choose. Do not include any additional text, punctuation or explanation.

My answer is
",1
fake_2328,4,4,3,2,78,2,4,"Today is November 5, 2024. Racially, I am asian. Ideologically, I am moderate. Politically, I am an independent who leans Democratic. I do not attend church. I am 78 years old. I am a woman. I am not at all interested in politics.. Question: Do you think the federal government should be doing more about the opioid drug addiction issue, should be doing less, or is it currently doing the right amount?

Answer choices:
1. Should be doing more 2. Should be doing less 3. Is doing the right amount

When answering, respond ONLY with a single number that corresponds to the option you choose. Do not include any additional text, punctuation or explanation.

My answer is
",1
fake_2329,2,4,2,1,65,1,3,"Today is November 5, 2024. Racially, I am black. Ideologically, I am moderate. Politically, I am a weak Democrat. I attend church. I am 65 years old. I am a man. I am not very interested in politics.. Question: Do you think the federal government should be doing more about the opioid drug addiction issue, should be doing less, or is it currently doing the right amount?

Answer choices:
1. Should be doing more 2. Should be doing less 3. Is doing the right amount

When answering, respond ONLY with a single number that corresponds to the option you choose. Do not include any additional text, punctuation or explanation.

My answer is
",1
fake_2330,-9,4,2,1,75,1,2,"Today is November 5, 2024. Ideologically, I am moderate. Politically, I am a weak Democrat. I attend church. I am 75 years old. I am a man. I am somewhat interested in politics.. Question: Do you think the federal government should be doing more about the opioid drug addiction issue, should be doing less, or is it currently doing the right amount?

Answer choices:
1. Should be doing more 2. Should be doing less 3. Is doing the right amount

When answering, respond ONLY with a single number that corresponds to the option you choose. Do not include any additional text, punctuation or explanation.

My answer is
",1
fake_2331,1,4,2,2,74,2,2,"Today is November 5, 2024. Racially, I am white. Ideologically, I am moderate. Politically, I am a weak Democrat. I do not attend church. I am 74 years old. I am a woman. I am somewhat interested in politics.. Question: Do you think the federal government should be doing more about the opioid drug addiction issue, should be doing less, or is it currently doing the right amount?

Answer choices:
1. Should be doing more 2. Should be doing less 3. Is doing the right amount

When answering, respond ONLY with a single number that corresponds to the option you choose. Do not include any additional text, punctuation or explanation.

My answer is
",1
fake_2332,1,5,3,1,76,1,1,"Today is November 5, 2024. Racially, I am white. Ideologically, I am slightly conservative. Politically, I am an independent who leans Democratic. I attend church. I am 76 years old. I am a man. I am very interested in politics.. Question: Do you think the federal government should be doing more about the opioid drug addiction issue, should be doing less, or is it currently doing the right amount?

Answer choices:
1. Should be doing more 2. Should be doing less 3. Is doing the right amount

When answering, respond ONLY with a single number that corresponds to the option you choose. Do not include any additional text, punctuation or explanation.

My answer is
",1
fake_2333,1,6,1,2,29,1,1,"Today is November 5, 2024. Racially, I am white. Ideologically, I am conservative. Politically, I am a strong democrat. I do not attend church. I am 29 years old. I am a man. I am very interested in politics.. Question: Do you think the federal government should be doing more about the opioid drug addiction issue, should be doing less, or is it currently doing the right amount?

Answer choices:
1. Should be doing more 2. Should be doing less 3. Is doing the right amount

When answering, respond ONLY with a single number that corresponds to the option you choose. Do not include any additional text, punctuation or explanation.

My answer is
",1
fake_2334,1,2,5,2,79,1,3,"Today is November 5, 2024. Racially, I am white. Ideologically, I am liberal. Politically, I am an independent who leans Republican. I do not attend church. I am 79 years old. I am a man. I am not very interested in politics.. Question: Do you think the federal government should be doing more about the opioid drug addiction issue, should be doing less, or is it currently doing the right amount?

Answer choices:
1. Should be doing more 2. Should be doing less 3. Is doing the right amount

When answering, respond ONLY with a single number that corresponds to the option you choose. Do not include any additional text, punctuation or explanation.

My answer is
",1
fake_2335,5,99,5,1,46,2,2,"Today is November 5, 2024. Racially, I am native American. Politically, I am an independent who leans Republican. I attend church. I am 46 years old. I am a woman. I am somewhat interested in politics.. Question: Do you think the federal government should be doing more about the opioid drug addiction issue, should be doing less, or is it currently doing the right amount?

Answer choices:
1. Should be doing more 2. Should be doing less 3. Is doing the right amount

When answering, respond ONLY with a single number that corresponds to the option you choose. Do not include any additional text, punctuation or explanation.

My answer is
",1
fake_2336,1,6,4,1,64,2,2,"Today is November 5, 2024. Racially, I am white. Ideologically, I am conservative. Politically, I am an independent. I attend church. I am 64 years old. I am a woman. I am somewhat interested in politics.. Question: Do you think the federal government should be doing more about the opioid drug addiction issue, should be doing less, or is it currently doing the right amount?

Answer choices:
1. Should be doing more 2. Should be doing less 3. Is doing the right amount

When answering, respond ONLY with a single number that corresponds to the option you choose. Do not include any additional text, punctuation or explanation.

My answer is
",1
fake_2337,1,6,1,1,61,1,2,"Today is November 5, 2024. Racially, I am white. Ideologically, I am conservative. Politically, I am a strong democrat. I attend church. I am 61 years old. I am a man. I am somewhat interested in politics.. Question: Do you think the federal government should be doing more about the opioid drug addiction issue, should be doing less, or is it currently doing the right amount?

Answer choices:
1. Should be doing more 2. Should be doing less 3. Is doing the right amount

When answering, respond ONLY with a single number that corresponds to the option you choose. Do not include any additional text, punctuation or explanation.

My answer is
",1
fake_2338,1,99,3,1,43,1,2,"Today is November 5, 2024. Racially, I am white. Politically, I am an independent who leans Democratic. I attend church. I am 43 years old. I am a man. I am somewhat interested in politics.. Question: Do you think the federal government should be doing more about the opioid drug addiction issue, should be doing less, or is it currently doing the right amount?

Answer choices:
1. Should be doing more 2. Should be doing less 3. Is doing the right amount

When answering, respond ONLY with a single number that corresponds to the option you choose. Do not include any additional text, punctuation or explanation.

My answer is
",1
fake_2339,1,5,1,1,80,2,3,"Today is November 5, 2024. Racially, I am white. Ideologically, I am slightly conservative. Politically, I am a strong democrat. I attend church. I am 80 years old. I am a woman. I am not very interested in politics.. Question: Do you think the federal government should be doing more about the opioid drug addiction issue, should be doing less, or is it currently doing the right amount?

Answer choices:
1. Should be doing more 2. Should be doing less 3. Is doing the right amount

When answering, respond ONLY with a single number that corresponds to the option you choose. Do not include any additional text, punctuation or explanation.

My answer is
",1
fake_2340,1,1,3,-1,30,1,1,"Today is November 5, 2024. Racially, I am white. Ideologically, I am extremely liberal. Politically, I am an independent who leans Democratic. I am 30 years old. I am a man. I am very interested in politics.. Question: Do you think the federal government should be doing more about the opioid drug addiction issue, should be doing less, or is it currently doing the right amount?

Answer choices:
1. Should be doing more 2. Should be doing less 3. Is doing the right amount

When answering, respond ONLY with a single number that corresponds to the option you choose. Do not include any additional text, punctuation or explanation.

My answer is
",1
fake_2341,6,4,7,-1,21,2,2,"Today is November 5, 2024. Ideologically, I am moderate. Politically, I am a strong Republican. I am 21 years old. I am a woman. I am somewhat interested in politics.. Question: Do you think the federal government should be doing more about the opioid drug addiction issue, should be doing less, or is it currently doing the right amount?

Answer choices:
1. Should be doing more 2. Should be doing less 3. Is doing the right amount

When answering, respond ONLY with a single number that corresponds to the option you choose. Do not include any additional text, punctuation or explanation.

My answer is
",1
fake_2342,1,4,4,2,-2,2,2,"Today is November 5, 2024. Racially, I am white. Ideologically, I am moderate. Politically, I am an independent. I do not attend church. I am a woman. I am somewhat interested in politics.. Question: Do you think the federal government should be doing more about the opioid drug addiction issue, should be doing less, or is it currently doing the right amount?

Answer choices:
1. Should be doing more 2. Should be doing less 3. Is doing the right amount

When answering, respond ONLY with a single number that corresponds to the option you choose. Do not include any additional text, punctuation or explanation.

My answer is
",1
fake_2343,1,4,5,2,80,2,2,"Today is November 5, 2024. Racially, I am white. Ideologically, I am moderate. Politically, I am an independent who leans Republican. I do not attend church. I am 80 years old. I am a woman. I am somewhat interested in politics.. Question: Do you think the federal government should be doing more about the opioid drug addiction issue, should be doing less, or is it currently doing the right amount?

Answer choices:
1. Should be doing more 2. Should be doing less 3. Is doing the right amount

When answering, respond ONLY with a single number that corresponds to the option you choose. Do not include any additional text, punctuation or explanation.

My answer is
",1
fake_2344,1,3,1,1,51,2,3,"Today is November 5, 2024. Racially, I am white. Ideologically, I am slightly liberal. Politically, I am a strong democrat. I attend church. I am 51 years old. I am a woman. I am not very interested in politics.. Question: Do you think the federal government should be doing more about the opioid drug addiction issue, should be doing less, or is it currently doing the right amount?

Answer choices:
1. Should be doing more 2. Should be doing less 3. Is doing the right amount

When answering, respond ONLY with a single number that corresponds to the option you choose. Do not include any additional text, punctuation or explanation.

My answer is
",1
fake_2345,1,5,3,2,69,2,2,"Today is November 5, 2024. Racially, I am white. Ideologically, I am slightly conservative. Politically, I am an independent who leans Democratic. I do not attend church. I am 69 years old. I am a woman. I am somewhat interested in politics.. Question: Do you think the federal government should be doing more about the opioid drug addiction issue, should be doing less, or is it currently doing the right amount?

Answer choices:
1. Should be doing more 2. Should be doing less 3. Is doing the right amount

When answering, respond ONLY with a single number that corresponds to the option you choose. Do not include any additional text, punctuation or explanation.

My answer is
",1
fake_2346,2,6,1,2,59,1,2,"Today is November 5, 2024. Racially, I am black. Ideologically, I am conservative. Politically, I am a strong democrat. I do not attend church. I am 59 years old. I am a man. I am somewhat interested in politics.. Question: Do you think the federal government should be doing more about the opioid drug addiction issue, should be doing less, or is it currently doing the right amount?

Answer choices:
1. Should be doing more 2. Should be doing less 3. Is doing the right amount

When answering, respond ONLY with a single number that corresponds to the option you choose. Do not include any additional text, punctuation or explanation.

My answer is
",1
fake_2347,1,1,6,1,-2,1,1,"Today is November 5, 2024. Racially, I am white. Ideologically, I am extremely liberal. Politically, I am a weak Republican. I attend church. I am a man. I am very interested in politics.. Question: Do you think the federal government should be doing more about the opioid drug addiction issue, should be doing less, or is it currently doing the right amount?

Answer choices:
1. Should be doing more 2. Should be doing less 3. Is doing the right amount

When answering, respond ONLY with a single number that corresponds to the option you choose. Do not include any additional text, punctuation or explanation.

My answer is
",1
fake_2348,4,4,7,2,78,2,3,"Today is November 5, 2024. Racially, I am asian. Ideologically, I am moderate. Politically, I am a strong Republican. I do not attend church. I am 78 years old. I am a woman. I am not very interested in politics.. Question: Do you think the federal government should be doing more about the opioid drug addiction issue, should be doing less, or is it currently doing the right amount?

Answer choices:
1. Should be doing more 2. Should be doing less 3. Is doing the right amount

When answering, respond ONLY with a single number that corresponds to the option you choose. Do not include any additional text, punctuation or explanation.

My answer is
",1
fake_2349,1,7,1,1,32,2,2,"Today is November 5, 2024. Racially, I am white. Ideologically, I am extremely conservative. Politically, I am a strong democrat. I attend church. I am 32 years old. I am a woman. I am somewhat interested in politics.. Question: Do you think the federal government should be doing more about the opioid drug addiction issue, should be doing less, or is it currently doing the right amount?

Answer choices:
1. Should be doing more 2. Should be doing less 3. Is doing the right amount

When answering, respond ONLY with a single number that corresponds to the option you choose. Do not include any additional text, punctuation or explanation.

My answer is
",1
fake_2350,3,1,1,2,37,2,2,"Today is November 5, 2024. Racially, I am hispanic. Ideologically, I am extremely liberal. Politically, I am a strong democrat. I do not attend church. I am 37 years old. I am a woman. I am somewhat interested in politics.. Question: Do you think the federal government should be doing more about the opioid drug addiction issue, should be doing less, or is it currently doing the right amount?

Answer choices:
1. Should be doing more 2. Should be doing less 3. Is doing the right amount

When answering, respond ONLY with a single number that corresponds to the option you choose. Do not include any additional text, punctuation or explanation.

My answer is
",1
fake_2351,1,3,7,1,69,1,2,"Today is November 5, 2024. Racially, I am white. Ideologically, I am slightly liberal. Politically, I am a strong Republican. I attend church. I am 69 years old. I am a man. I am somewhat interested in politics.. Question: Do you think the federal government should be doing more about the opioid drug addiction issue, should be doing less, or is it currently doing the right amount?

Answer choices:
1. Should be doing more 2. Should be doing less 3. Is doing the right amount

When answering, respond ONLY with a single number that corresponds to the option you choose. Do not include any additional text, punctuation or explanation.

My answer is
",1
fake_2352,2,6,6,2,48,2,1,"Today is November 5, 2024. Racially, I am black. Ideologically, I am conservative. Politically, I am a weak Republican. I do not attend church. I am 48 years old. I am a woman. I am very interested in politics.. Question: Do you think the federal government should be doing more about the opioid drug addiction issue, should be doing less, or is it currently doing the right amount?

Answer choices:
1. Should be doing more 2. Should be doing less 3. Is doing the right amount

When answering, respond ONLY with a single number that corresponds to the option you choose. Do not include any additional text, punctuation or explanation.

My answer is
",1
fake_2353,3,4,7,1,25,2,1,"Today is November 5, 2024. Racially, I am hispanic. Ideologically, I am moderate. Politically, I am a strong Republican. I attend church. I am 25 years old. I am a woman. I am very interested in politics.. Question: Do you think the federal government should be doing more about the opioid drug addiction issue, should be doing less, or is it currently doing the right amount?

Answer choices:
1. Should be doing more 2. Should be doing less 3. Is doing the right amount

When answering, respond ONLY with a single number that corresponds to the option you choose. Do not include any additional text, punctuation or explanation.

My answer is
",1
fake_2354,1,3,5,1,56,2,2,"Today is November 5, 2024. Racially, I am white. Ideologically, I am slightly liberal. Politically, I am an independent who leans Republican. I attend church. I am 56 years old. I am a woman. I am somewhat interested in politics.. Question: Do you think the federal government should be doing more about the opioid drug addiction issue, should be doing less, or is it currently doing the right amount?

Answer choices:
1. Should be doing more 2. Should be doing less 3. Is doing the right amount

When answering, respond ONLY with a single number that corresponds to the option you choose. Do not include any additional text, punctuation or explanation.

My answer is
",1
fake_2355,1,4,7,2,43,1,1,"Today is November 5, 2024. Racially, I am white. Ideologically, I am moderate. Politically, I am a strong Republican. I do not attend church. I am 43 years old. I am a man. I am very interested in politics.. Question: Do you think the federal government should be doing more about the opioid drug addiction issue, should be doing less, or is it currently doing the right amount?

Answer choices:
1. Should be doing more 2. Should be doing less 3. Is doing the right amount

When answering, respond ONLY with a single number that corresponds to the option you choose. Do not include any additional text, punctuation or explanation.

My answer is
",1
fake_2356,1,3,2,2,63,1,2,"Today is November 5, 2024. Racially, I am white. Ideologically, I am slightly liberal. Politically, I am a weak Democrat. I do not attend church. I am 63 years old. I am a man. I am somewhat interested in politics.. Question: Do you think the federal government should be doing more about the opioid drug addiction issue, should be doing less, or is it currently doing the right amount?

Answer choices:
1. Should be doing more 2. Should be doing less 3. Is doing the right amount

When answering, respond ONLY with a single number that corresponds to the option you choose. Do not include any additional text, punctuation or explanation.

My answer is
",1
fake_2357,1,2,2,1,43,1,2,"Today is November 5, 2024. Racially, I am white. Ideologically, I am liberal. Politically, I am a weak Democrat. I attend church. I am 43 years old. I am a man. I am somewhat interested in politics.. Question: Do you think the federal government should be doing more about the opioid drug addiction issue, should be doing less, or is it currently doing the right amount?

Answer choices:
1. Should be doing more 2. Should be doing less 3. Is doing the right amount

When answering, respond ONLY with a single number that corresponds to the option you choose. Do not include any additional text, punctuation or explanation.

My answer is
",1
fake_2358,1,3,1,2,40,1,2,"Today is November 5, 2024. Racially, I am white. Ideologically, I am slightly liberal. Politically, I am a strong democrat. I do not attend church. I am 40 years old. I am a man. I am somewhat interested in politics.. Question: Do you think the federal government should be doing more about the opioid drug addiction issue, should be doing less, or is it currently doing the right amount?

Answer choices:
1. Should be doing more 2. Should be doing less 3. Is doing the right amount

When answering, respond ONLY with a single number that corresponds to the option you choose. Do not include any additional text, punctuation or explanation.

My answer is
",1
fake_2359,1,3,1,-1,62,2,2,"Today is November 5, 2024. Racially, I am white. Ideologically, I am slightly liberal. Politically, I am a strong democrat. I am 62 years old. I am a woman. I am somewhat interested in politics.. Question: Do you think the federal government should be doing more about the opioid drug addiction issue, should be doing less, or is it currently doing the right amount?

Answer choices:
1. Should be doing more 2. Should be doing less 3. Is doing the right amount

When answering, respond ONLY with a single number that corresponds to the option you choose. Do not include any additional text, punctuation or explanation.

My answer is
",1
fake_2360,3,4,6,2,45,2,2,"Today is November 5, 2024. Racially, I am hispanic. Ideologically, I am moderate. Politically, I am a weak Republican. I do not attend church. I am 45 years old. I am a woman. I am somewhat interested in politics.. Question: Do you think the federal government should be doing more about the opioid drug addiction issue, should be doing less, or is it currently doing the right amount?

Answer choices:
1. Should be doing more 2. Should be doing less 3. Is doing the right amount

When answering, respond ONLY with a single number that corresponds to the option you choose. Do not include any additional text, punctuation or explanation.

My answer is
",1
fake_2361,-4,99,4,2,65,1,4,"Today is November 5, 2024. Politically, I am an independent. I do not attend church. I am 65 years old. I am a man. I am not at all interested in politics.. Question: Do you think the federal government should be doing more about the opioid drug addiction issue, should be doing less, or is it currently doing the right amount?

Answer choices:
1. Should be doing more 2. Should be doing less 3. Is doing the right amount

When answering, respond ONLY with a single number that corresponds to the option you choose. Do not include any additional text, punctuation or explanation.

My answer is
",1
fake_2362,1,99,3,2,41,1,3,"Today is November 5, 2024. Racially, I am white. Politically, I am an independent who leans Democratic. I do not attend church. I am 41 years old. I am a man. I am not very interested in politics.. Question: Do you think the federal government should be doing more about the opioid drug addiction issue, should be doing less, or is it currently doing the right amount?

Answer choices:
1. Should be doing more 2. Should be doing less 3. Is doing the right amount

When answering, respond ONLY with a single number that corresponds to the option you choose. Do not include any additional text, punctuation or explanation.

My answer is
",1
fake_2363,1,5,4,2,42,2,3,"Today is November 5, 2024. Racially, I am white. Ideologically, I am slightly conservative. Politically, I am an independent. I do not attend church. I am 42 years old. I am a woman. I am not very interested in politics.. Question: Do you think the federal government should be doing more about the opioid drug addiction issue, should be doing less, or is it currently doing the right amount?

Answer choices:
1. Should be doing more 2. Should be doing less 3. Is doing the right amount

When answering, respond ONLY with a single number that corresponds to the option you choose. Do not include any additional text, punctuation or explanation.

My answer is
",1
fake_2364,3,7,1,1,71,1,2,"Today is November 5, 2024. Racially, I am hispanic. Ideologically, I am extremely conservative. Politically, I am a strong democrat. I attend church. I am 71 years old. I am a man. I am somewhat interested in politics.. Question: Do you think the federal government should be doing more about the opioid drug addiction issue, should be doing less, or is it currently doing the right amount?

Answer choices:
1. Should be doing more 2. Should be doing less 3. Is doing the right amount

When answering, respond ONLY with a single number that corresponds to the option you choose. Do not include any additional text, punctuation or explanation.

My answer is
",1
fake_2365,1,6,1,-1,69,2,3,"Today is November 5, 2024. Racially, I am white. Ideologically, I am conservative. Politically, I am a strong democrat. I am 69 years old. I am a woman. I am not very interested in politics.. Question: Do you think the federal government should be doing more about the opioid drug addiction issue, should be doing less, or is it currently doing the right amount?

Answer choices:
1. Should be doing more 2. Should be doing less 3. Is doing the right amount

When answering, respond ONLY with a single number that corresponds to the option you choose. Do not include any additional text, punctuation or explanation.

My answer is
",1
fake_2366,1,7,2,1,61,1,2,"Today is November 5, 2024. Racially, I am white. Ideologically, I am extremely conservative. Politically, I am a weak Democrat. I attend church. I am 61 years old. I am a man. I am somewhat interested in politics.. Question: Do you think the federal government should be doing more about the opioid drug addiction issue, should be doing less, or is it currently doing the right amount?

Answer choices:
1. Should be doing more 2. Should be doing less 3. Is doing the right amount

When answering, respond ONLY with a single number that corresponds to the option you choose. Do not include any additional text, punctuation or explanation.

My answer is
",1
fake_2367,1,4,3,1,44,2,3,"Today is November 5, 2024. Racially, I am white. Ideologically, I am moderate. Politically, I am an independent who leans Democratic. I attend church. I am 44 years old. I am a woman. I am not very interested in politics.. Question: Do you think the federal government should be doing more about the opioid drug addiction issue, should be doing less, or is it currently doing the right amount?

Answer choices:
1. Should be doing more 2. Should be doing less 3. Is doing the right amount

When answering, respond ONLY with a single number that corresponds to the option you choose. Do not include any additional text, punctuation or explanation.

My answer is
",1
fake_2368,1,99,1,2,64,1,-6,"Today is November 5, 2024. Racially, I am white. Politically, I am a strong democrat. I do not attend church. I am 64 years old. I am a man.. Question: Do you think the federal government should be doing more about the opioid drug addiction issue, should be doing less, or is it currently doing the right amount?

Answer choices:
1. Should be doing more 2. Should be doing less 3. Is doing the right amount

When answering, respond ONLY with a single number that corresponds to the option you choose. Do not include any additional text, punctuation or explanation.

My answer is
",1
fake_2369,3,99,7,2,40,1,3,"Today is November 5, 2024. Racially, I am hispanic. Politically, I am a strong Republican. I do not attend church. I am 40 years old. I am a man. I am not very interested in politics.. Question: Do you think the federal government should be doing more about the opioid drug addiction issue, should be doing less, or is it currently doing the right amount?

Answer choices:
1. Should be doing more 2. Should be doing less 3. Is doing the right amount

When answering, respond ONLY with a single number that corresponds to the option you choose. Do not include any additional text, punctuation or explanation.

My answer is
",1
fake_2370,1,6,5,2,44,2,2,"Today is November 5, 2024. Racially, I am white. Ideologically, I am conservative. Politically, I am an independent who leans Republican. I do not attend church. I am 44 years old. I am a woman. I am somewhat interested in politics.. Question: Do you think the federal government should be doing more about the opioid drug addiction issue, should be doing less, or is it currently doing the right amount?

Answer choices:
1. Should be doing more 2. Should be doing less 3. Is doing the right amount

When answering, respond ONLY with a single number that corresponds to the option you choose. Do not include any additional text, punctuation or explanation.

My answer is
",1
fake_2371,1,3,3,1,34,2,2,"Today is November 5, 2024. Racially, I am white. Ideologically, I am slightly liberal. Politically, I am an independent who leans Democratic. I attend church. I am 34 years old. I am a woman. I am somewhat interested in politics.. Question: Do you think the federal government should be doing more about the opioid drug addiction issue, should be doing less, or is it currently doing the right amount?

Answer choices:
1. Should be doing more 2. Should be doing less 3. Is doing the right amount

When answering, respond ONLY with a single number that corresponds to the option you choose. Do not include any additional text, punctuation or explanation.

My answer is
",1
fake_2372,1,2,7,1,21,2,1,"Today is November 5, 2024. Racially, I am white. Ideologically, I am liberal. Politically, I am a strong Republican. I attend church. I am 21 years old. I am a woman. I am very interested in politics.. Question: Do you think the federal government should be doing more about the opioid drug addiction issue, should be doing less, or is it currently doing the right amount?

Answer choices:
1. Should be doing more 2. Should be doing less 3. Is doing the right amount

When answering, respond ONLY with a single number that corresponds to the option you choose. Do not include any additional text, punctuation or explanation.

My answer is
",1
fake_2373,-9,5,5,2,79,1,2,"Today is November 5, 2024. Ideologically, I am slightly conservative. Politically, I am an independent who leans Republican. I do not attend church. I am 79 years old. I am a man. I am somewhat interested in politics.. Question: Do you think the federal government should be doing more about the opioid drug addiction issue, should be doing less, or is it currently doing the right amount?

Answer choices:
1. Should be doing more 2. Should be doing less 3. Is doing the right amount

When answering, respond ONLY with a single number that corresponds to the option you choose. Do not include any additional text, punctuation or explanation.

My answer is
",1
fake_2374,1,3,3,1,69,2,1,"Today is November 5, 2024. Racially, I am white. Ideologically, I am slightly liberal. Politically, I am an independent who leans Democratic. I attend church. I am 69 years old. I am a woman. I am very interested in politics.. Question: Do you think the federal government should be doing more about the opioid drug addiction issue, should be doing less, or is it currently doing the right amount?

Answer choices:
1. Should be doing more 2. Should be doing less 3. Is doing the right amount

When answering, respond ONLY with a single number that corresponds to the option you choose. Do not include any additional text, punctuation or explanation.

My answer is
",1
fake_2375,1,5,7,1,73,2,2,"Today is November 5, 2024. Racially, I am white. Ideologically, I am slightly conservative. Politically, I am a strong Republican. I attend church. I am 73 years old. I am a woman. I am somewhat interested in politics.. Question: Do you think the federal government should be doing more about the opioid drug addiction issue, should be doing less, or is it currently doing the right amount?

Answer choices:
1. Should be doing more 2. Should be doing less 3. Is doing the right amount

When answering, respond ONLY with a single number that corresponds to the option you choose. Do not include any additional text, punctuation or explanation.

My answer is
",1
fake_2376,1,6,5,2,80,1,2,"Today is November 5, 2024. Racially, I am white. Ideologically, I am conservative. Politically, I am an independent who leans Republican. I do not attend church. I am 80 years old. I am a man. I am somewhat interested in politics.. Question: Do you think the federal government should be doing more about the opioid drug addiction issue, should be doing less, or is it currently doing the right amount?

Answer choices:
1. Should be doing more 2. Should be doing less 3. Is doing the right amount

When answering, respond ONLY with a single number that corresponds to the option you choose. Do not include any additional text, punctuation or explanation.

My answer is
",1
fake_2377,1,6,3,1,39,2,3,"Today is November 5, 2024. Racially, I am white. Ideologically, I am conservative. Politically, I am an independent who leans Democratic. I attend church. I am 39 years old. I am a woman. I am not very interested in politics.. Question: Do you think the federal government should be doing more about the opioid drug addiction issue, should be doing less, or is it currently doing the right amount?

Answer choices:
1. Should be doing more 2. Should be doing less 3. Is doing the right amount

When answering, respond ONLY with a single number that corresponds to the option you choose. Do not include any additional text, punctuation or explanation.

My answer is
",1
fake_2378,1,5,1,2,33,2,3,"Today is November 5, 2024. Racially, I am white. Ideologically, I am slightly conservative. Politically, I am a strong democrat. I do not attend church. I am 33 years old. I am a woman. I am not very interested in politics.. Question: Do you think the federal government should be doing more about the opioid drug addiction issue, should be doing less, or is it currently doing the right amount?

Answer choices:
1. Should be doing more 2. Should be doing less 3. Is doing the right amount

When answering, respond ONLY with a single number that corresponds to the option you choose. Do not include any additional text, punctuation or explanation.

My answer is
",1
fake_2379,1,99,1,1,52,2,-6,"Today is November 5, 2024. Racially, I am white. Politically, I am a strong democrat. I attend church. I am 52 years old. I am a woman.. Question: Do you think the federal government should be doing more about the opioid drug addiction issue, should be doing less, or is it currently doing the right amount?

Answer choices:
1. Should be doing more 2. Should be doing less 3. Is doing the right amount

When answering, respond ONLY with a single number that corresponds to the option you choose. Do not include any additional text, punctuation or explanation.

My answer is
",1
fake_2380,1,7,7,1,80,1,1,"Today is November 5, 2024. Racially, I am white. Ideologically, I am extremely conservative. Politically, I am a strong Republican. I attend church. I am 80 years old. I am a man. I am very interested in politics.. Question: Do you think the federal government should be doing more about the opioid drug addiction issue, should be doing less, or is it currently doing the right amount?

Answer choices:
1. Should be doing more 2. Should be doing less 3. Is doing the right amount

When answering, respond ONLY with a single number that corresponds to the option you choose. Do not include any additional text, punctuation or explanation.

My answer is
",1
fake_2381,3,2,6,1,67,2,2,"Today is November 5, 2024. Racially, I am hispanic. Ideologically, I am liberal. Politically, I am a weak Republican. I attend church. I am 67 years old. I am a woman. I am somewhat interested in politics.. Question: Do you think the federal government should be doing more about the opioid drug addiction issue, should be doing less, or is it currently doing the right amount?

Answer choices:
1. Should be doing more 2. Should be doing less 3. Is doing the right amount

When answering, respond ONLY with a single number that corresponds to the option you choose. Do not include any additional text, punctuation or explanation.

My answer is
",1
fake_2382,1,3,7,2,46,-9,-6,"Today is November 5, 2024. Racially, I am white. Ideologically, I am slightly liberal. Politically, I am a strong Republican. I do not attend church. I am 46 years old.. Question: Do you think the federal government should be doing more about the opioid drug addiction issue, should be doing less, or is it currently doing the right amount?

Answer choices:
1. Should be doing more 2. Should be doing less 3. Is doing the right amount

When answering, respond ONLY with a single number that corresponds to the option you choose. Do not include any additional text, punctuation or explanation.

My answer is
",1
fake_2383,1,4,3,2,64,2,4,"Today is November 5, 2024. Racially, I am white. Ideologically, I am moderate. Politically, I am an independent who leans Democratic. I do not attend church. I am 64 years old. I am a woman. I am not at all interested in politics.. Question: Do you think the federal government should be doing more about the opioid drug addiction issue, should be doing less, or is it currently doing the right amount?

Answer choices:
1. Should be doing more 2. Should be doing less 3. Is doing the right amount

When answering, respond ONLY with a single number that corresponds to the option you choose. Do not include any additional text, punctuation or explanation.

My answer is
",1
fake_2384,1,4,5,2,80,2,1,"Today is November 5, 2024. Racially, I am white. Ideologically, I am moderate. Politically, I am an independent who leans Republican. I do not attend church. I am 80 years old. I am a woman. I am very interested in politics.. Question: Do you think the federal government should be doing more about the opioid drug addiction issue, should be doing less, or is it currently doing the right amount?

Answer choices:
1. Should be doing more 2. Should be doing less 3. Is doing the right amount

When answering, respond ONLY with a single number that corresponds to the option you choose. Do not include any additional text, punctuation or explanation.

My answer is
",1
fake_2385,1,2,7,2,45,2,-6,"Today is November 5, 2024. Racially, I am white. Ideologically, I am liberal. Politically, I am a strong Republican. I do not attend church. I am 45 years old. I am a woman.. Question: Do you think the federal government should be doing more about the opioid drug addiction issue, should be doing less, or is it currently doing the right amount?

Answer choices:
1. Should be doing more 2. Should be doing less 3. Is doing the right amount

When answering, respond ONLY with a single number that corresponds to the option you choose. Do not include any additional text, punctuation or explanation.

My answer is
",1
fake_2386,1,1,4,2,76,1,1,"Today is November 5, 2024. Racially, I am white. Ideologically, I am extremely liberal. Politically, I am an independent. I do not attend church. I am 76 years old. I am a man. I am very interested in politics.. Question: Do you think the federal government should be doing more about the opioid drug addiction issue, should be doing less, or is it currently doing the right amount?

Answer choices:
1. Should be doing more 2. Should be doing less 3. Is doing the right amount

When answering, respond ONLY with a single number that corresponds to the option you choose. Do not include any additional text, punctuation or explanation.

My answer is
",1
fake_2387,2,2,3,2,31,2,2,"Today is November 5, 2024. Racially, I am black. Ideologically, I am liberal. Politically, I am an independent who leans Democratic. I do not attend church. I am 31 years old. I am a woman. I am somewhat interested in politics.. Question: Do you think the federal government should be doing more about the opioid drug addiction issue, should be doing less, or is it currently doing the right amount?

Answer choices:
1. Should be doing more 2. Should be doing less 3. Is doing the right amount

When answering, respond ONLY with a single number that corresponds to the option you choose. Do not include any additional text, punctuation or explanation.

My answer is
",1
fake_2388,3,99,3,2,80,2,-6,"Today is November 5, 2024. Racially, I am hispanic. Politically, I am an independent who leans Democratic. I do not attend church. I am 80 years old. I am a woman.. Question: Do you think the federal government should be doing more about the opioid drug addiction issue, should be doing less, or is it currently doing the right amount?

Answer choices:
1. Should be doing more 2. Should be doing less 3. Is doing the right amount

When answering, respond ONLY with a single number that corresponds to the option you choose. Do not include any additional text, punctuation or explanation.

My answer is
",1
fake_2389,1,99,1,2,-2,2,3,"Today is November 5, 2024. Racially, I am white. Politically, I am a strong democrat. I do not attend church. I am a woman. I am not very interested in politics.. Question: Do you think the federal government should be doing more about the opioid drug addiction issue, should be doing less, or is it currently doing the right amount?

Answer choices:
1. Should be doing more 2. Should be doing less 3. Is doing the right amount

When answering, respond ONLY with a single number that corresponds to the option you choose. Do not include any additional text, punctuation or explanation.

My answer is
",1
fake_2390,4,7,1,1,55,2,1,"Today is November 5, 2024. Racially, I am asian. Ideologically, I am extremely conservative. Politically, I am a strong democrat. I attend church. I am 55 years old. I am a woman. I am very interested in politics.. Question: Do you think the federal government should be doing more about the opioid drug addiction issue, should be doing less, or is it currently doing the right amount?

Answer choices:
1. Should be doing more 2. Should be doing less 3. Is doing the right amount

When answering, respond ONLY with a single number that corresponds to the option you choose. Do not include any additional text, punctuation or explanation.

My answer is
",1
fake_2391,1,6,2,1,56,2,2,"Today is November 5, 2024. Racially, I am white. Ideologically, I am conservative. Politically, I am a weak Democrat. I attend church. I am 56 years old. I am a woman. I am somewhat interested in politics.. Question: Do you think the federal government should be doing more about the opioid drug addiction issue, should be doing less, or is it currently doing the right amount?

Answer choices:
1. Should be doing more 2. Should be doing less 3. Is doing the right amount

When answering, respond ONLY with a single number that corresponds to the option you choose. Do not include any additional text, punctuation or explanation.

My answer is
",1
fake_2392,1,99,3,2,37,1,2,"Today is November 5, 2024. Racially, I am white. Politically, I am an independent who leans Democratic. I do not attend church. I am 37 years old. I am a man. I am somewhat interested in politics.. Question: Do you think the federal government should be doing more about the opioid drug addiction issue, should be doing less, or is it currently doing the right amount?

Answer choices:
1. Should be doing more 2. Should be doing less 3. Is doing the right amount

When answering, respond ONLY with a single number that corresponds to the option you choose. Do not include any additional text, punctuation or explanation.

My answer is
",1
fake_2393,3,4,1,2,26,2,2,"Today is November 5, 2024. Racially, I am hispanic. Ideologically, I am moderate. Politically, I am a strong democrat. I do not attend church. I am 26 years old. I am a woman. I am somewhat interested in politics.. Question: Do you think the federal government should be doing more about the opioid drug addiction issue, should be doing less, or is it currently doing the right amount?

Answer choices:
1. Should be doing more 2. Should be doing less 3. Is doing the right amount

When answering, respond ONLY with a single number that corresponds to the option you choose. Do not include any additional text, punctuation or explanation.

My answer is
",1
fake_2394,1,2,7,1,55,1,2,"Today is November 5, 2024. Racially, I am white. Ideologically, I am liberal. Politically, I am a strong Republican. I attend church. I am 55 years old. I am a man. I am somewhat interested in politics.. Question: Do you think the federal government should be doing more about the opioid drug addiction issue, should be doing less, or is it currently doing the right amount?

Answer choices:
1. Should be doing more 2. Should be doing less 3. Is doing the right amount

When answering, respond ONLY with a single number that corresponds to the option you choose. Do not include any additional text, punctuation or explanation.

My answer is
",1
fake_2395,1,5,2,2,80,2,4,"Today is November 5, 2024. Racially, I am white. Ideologically, I am slightly conservative. Politically, I am a weak Democrat. I do not attend church. I am 80 years old. I am a woman. I am not at all interested in politics.. Question: Do you think the federal government should be doing more about the opioid drug addiction issue, should be doing less, or is it currently doing the right amount?

Answer choices:
1. Should be doing more 2. Should be doing less 3. Is doing the right amount

When answering, respond ONLY with a single number that corresponds to the option you choose. Do not include any additional text, punctuation or explanation.

My answer is
",1
fake_2396,1,3,3,1,78,1,2,"Today is November 5, 2024. Racially, I am white. Ideologically, I am slightly liberal. Politically, I am an independent who leans Democratic. I attend church. I am 78 years old. I am a man. I am somewhat interested in politics.. Question: Do you think the federal government should be doing more about the opioid drug addiction issue, should be doing less, or is it currently doing the right amount?

Answer choices:
1. Should be doing more 2. Should be doing less 3. Is doing the right amount

When answering, respond ONLY with a single number that corresponds to the option you choose. Do not include any additional text, punctuation or explanation.

My answer is
",1
fake_2397,1,-9,5,2,53,2,2,"Today is November 5, 2024. Racially, I am white. Politically, I am an independent who leans Republican. I do not attend church. I am 53 years old. I am a woman. I am somewhat interested in politics.. Question: Do you think the federal government should be doing more about the opioid drug addiction issue, should be doing less, or is it currently doing the right amount?

Answer choices:
1. Should be doing more 2. Should be doing less 3. Is doing the right amount

When answering, respond ONLY with a single number that corresponds to the option you choose. Do not include any additional text, punctuation or explanation.

My answer is
",1
fake_2398,2,5,6,2,59,1,2,"Today is November 5, 2024. Racially, I am black. Ideologically, I am slightly conservative. Politically, I am a weak Republican. I do not attend church. I am 59 years old. I am a man. I am somewhat interested in politics.. Question: Do you think the federal government should be doing more about the opioid drug addiction issue, should be doing less, or is it currently doing the right amount?

Answer choices:
1. Should be doing more 2. Should be doing less 3. Is doing the right amount

When answering, respond ONLY with a single number that corresponds to the option you choose. Do not include any additional text, punctuation or explanation.

My answer is
",1
fake_2399,1,2,7,1,-2,2,3,"Today is November 5, 2024. Racially, I am white. Ideologically, I am liberal. Politically, I am a strong Republican. I attend church. I am a woman. I am not very interested in politics.. Question: Do you think the federal government should be doing more about the opioid drug addiction issue, should be doing less, or is it currently doing the right amount?

Answer choices:
1. Should be doing more 2. Should be doing less 3. Is doing the right amount

When answering, respond ONLY with a single number that corresponds to the option you choose. Do not include any additional text, punctuation or explanation.

My answer is
",1
fake_2400,1,1,6,2,34,2,3,"Today is November 5, 2024. Racially, I am white. Ideologically, I am extremely liberal. Politically, I am a weak Republican. I do not attend church. I am 34 years old. I am a woman. I am not very interested in politics.. Question: Do you think the federal government should be doing more about the opioid drug addiction issue, should be doing less, or is it currently doing the right amount?

Answer choices:
1. Should be doing more 2. Should be doing less 3. Is doing the right amount

When answering, respond ONLY with a single number that corresponds to the option you choose. Do not include any additional text, punctuation or explanation.

My answer is
",1
fake_2401,1,3,5,2,78,2,2,"Today is November 5, 2024. Racially, I am white. Ideologically, I am slightly liberal. Politically, I am an independent who leans Republican. I do not attend church. I am 78 years old. I am a woman. I am somewhat interested in politics.. Question: Do you think the federal government should be doing more about the opioid drug addiction issue, should be doing less, or is it currently doing the right amount?

Answer choices:
1. Should be doing more 2. Should be doing less 3. Is doing the right amount

When answering, respond ONLY with a single number that corresponds to the option you choose. Do not include any additional text, punctuation or explanation.

My answer is
",1
fake_2402,1,5,7,2,78,2,1,"Today is November 5, 2024. Racially, I am white. Ideologically, I am slightly conservative. Politically, I am a strong Republican. I do not attend church. I am 78 years old. I am a woman. I am very interested in politics.. Question: Do you think the federal government should be doing more about the opioid drug addiction issue, should be doing less, or is it currently doing the right amount?

Answer choices:
1. Should be doing more 2. Should be doing less 3. Is doing the right amount

When answering, respond ONLY with a single number that corresponds to the option you choose. Do not include any additional text, punctuation or explanation.

My answer is
",1
fake_2403,2,2,7,2,49,2,3,"Today is November 5, 2024. Racially, I am black. Ideologically, I am liberal. Politically, I am a strong Republican. I do not attend church. I am 49 years old. I am a woman. I am not very interested in politics.. Question: Do you think the federal government should be doing more about the opioid drug addiction issue, should be doing less, or is it currently doing the right amount?

Answer choices:
1. Should be doing more 2. Should be doing less 3. Is doing the right amount

When answering, respond ONLY with a single number that corresponds to the option you choose. Do not include any additional text, punctuation or explanation.

My answer is
",1
fake_2404,1,4,6,2,35,2,2,"Today is November 5, 2024. Racially, I am white. Ideologically, I am moderate. Politically, I am a weak Republican. I do not attend church. I am 35 years old. I am a woman. I am somewhat interested in politics.. Question: Do you think the federal government should be doing more about the opioid drug addiction issue, should be doing less, or is it currently doing the right amount?

Answer choices:
1. Should be doing more 2. Should be doing less 3. Is doing the right amount

When answering, respond ONLY with a single number that corresponds to the option you choose. Do not include any additional text, punctuation or explanation.

My answer is
",1
fake_2405,-9,3,6,1,49,1,3,"Today is November 5, 2024. Ideologically, I am slightly liberal. Politically, I am a weak Republican. I attend church. I am 49 years old. I am a man. I am not very interested in politics.. Question: Do you think the federal government should be doing more about the opioid drug addiction issue, should be doing less, or is it currently doing the right amount?

Answer choices:
1. Should be doing more 2. Should be doing less 3. Is doing the right amount

When answering, respond ONLY with a single number that corresponds to the option you choose. Do not include any additional text, punctuation or explanation.

My answer is
",1
fake_2406,1,5,4,1,32,1,3,"Today is November 5, 2024. Racially, I am white. Ideologically, I am slightly conservative. Politically, I am an independent. I attend church. I am 32 years old. I am a man. I am not very interested in politics.. Question: Do you think the federal government should be doing more about the opioid drug addiction issue, should be doing less, or is it currently doing the right amount?

Answer choices:
1. Should be doing more 2. Should be doing less 3. Is doing the right amount

When answering, respond ONLY with a single number that corresponds to the option you choose. Do not include any additional text, punctuation or explanation.

My answer is
",1
fake_2407,2,6,6,1,28,2,-6,"Today is November 5, 2024. Racially, I am black. Ideologically, I am conservative. Politically, I am a weak Republican. I attend church. I am 28 years old. I am a woman.. Question: Do you think the federal government should be doing more about the opioid drug addiction issue, should be doing less, or is it currently doing the right amount?

Answer choices:
1. Should be doing more 2. Should be doing less 3. Is doing the right amount

When answering, respond ONLY with a single number that corresponds to the option you choose. Do not include any additional text, punctuation or explanation.

My answer is
",1
fake_2408,1,99,1,1,38,2,2,"Today is November 5, 2024. Racially, I am white. Politically, I am a strong democrat. I attend church. I am 38 years old. I am a woman. I am somewhat interested in politics.. Question: Do you think the federal government should be doing more about the opioid drug addiction issue, should be doing less, or is it currently doing the right amount?

Answer choices:
1. Should be doing more 2. Should be doing less 3. Is doing the right amount

When answering, respond ONLY with a single number that corresponds to the option you choose. Do not include any additional text, punctuation or explanation.

My answer is
",1
fake_2409,3,2,1,1,74,2,1,"Today is November 5, 2024. Racially, I am hispanic. Ideologically, I am liberal. Politically, I am a strong democrat. I attend church. I am 74 years old. I am a woman. I am very interested in politics.. Question: Do you think the federal government should be doing more about the opioid drug addiction issue, should be doing less, or is it currently doing the right amount?

Answer choices:
1. Should be doing more 2. Should be doing less 3. Is doing the right amount

When answering, respond ONLY with a single number that corresponds to the option you choose. Do not include any additional text, punctuation or explanation.

My answer is
",1
fake_2410,6,1,7,1,80,2,2,"Today is November 5, 2024. Ideologically, I am extremely liberal. Politically, I am a strong Republican. I attend church. I am 80 years old. I am a woman. I am somewhat interested in politics.. Question: Do you think the federal government should be doing more about the opioid drug addiction issue, should be doing less, or is it currently doing the right amount?

Answer choices:
1. Should be doing more 2. Should be doing less 3. Is doing the right amount

When answering, respond ONLY with a single number that corresponds to the option you choose. Do not include any additional text, punctuation or explanation.

My answer is
",1
fake_2411,6,99,1,2,-2,1,4,"Today is November 5, 2024. Politically, I am a strong democrat. I do not attend church. I am a man. I am not at all interested in politics.. Question: Do you think the federal government should be doing more about the opioid drug addiction issue, should be doing less, or is it currently doing the right amount?

Answer choices:
1. Should be doing more 2. Should be doing less 3. Is doing the right amount

When answering, respond ONLY with a single number that corresponds to the option you choose. Do not include any additional text, punctuation or explanation.

My answer is
",1
fake_2412,1,5,3,2,47,1,1,"Today is November 5, 2024. Racially, I am white. Ideologically, I am slightly conservative. Politically, I am an independent who leans Democratic. I do not attend church. I am 47 years old. I am a man. I am very interested in politics.. Question: Do you think the federal government should be doing more about the opioid drug addiction issue, should be doing less, or is it currently doing the right amount?

Answer choices:
1. Should be doing more 2. Should be doing less 3. Is doing the right amount

When answering, respond ONLY with a single number that corresponds to the option you choose. Do not include any additional text, punctuation or explanation.

My answer is
",1
fake_2413,1,-9,6,1,79,1,2,"Today is November 5, 2024. Racially, I am white. Politically, I am a weak Republican. I attend church. I am 79 years old. I am a man. I am somewhat interested in politics.. Question: Do you think the federal government should be doing more about the opioid drug addiction issue, should be doing less, or is it currently doing the right amount?

Answer choices:
1. Should be doing more 2. Should be doing less 3. Is doing the right amount

When answering, respond ONLY with a single number that corresponds to the option you choose. Do not include any additional text, punctuation or explanation.

My answer is
",1
fake_2414,1,4,4,1,41,1,1,"Today is November 5, 2024. Racially, I am white. Ideologically, I am moderate. Politically, I am an independent. I attend church. I am 41 years old. I am a man. I am very interested in politics.. Question: Do you think the federal government should be doing more about the opioid drug addiction issue, should be doing less, or is it currently doing the right amount?

Answer choices:
1. Should be doing more 2. Should be doing less 3. Is doing the right amount

When answering, respond ONLY with a single number that corresponds to the option you choose. Do not include any additional text, punctuation or explanation.

My answer is
",1
fake_2415,1,6,6,2,53,2,4,"Today is November 5, 2024. Racially, I am white. Ideologically, I am conservative. Politically, I am a weak Republican. I do not attend church. I am 53 years old. I am a woman. I am not at all interested in politics.. Question: Do you think the federal government should be doing more about the opioid drug addiction issue, should be doing less, or is it currently doing the right amount?

Answer choices:
1. Should be doing more 2. Should be doing less 3. Is doing the right amount

When answering, respond ONLY with a single number that corresponds to the option you choose. Do not include any additional text, punctuation or explanation.

My answer is
",1
fake_2416,1,6,6,2,76,1,-6,"Today is November 5, 2024. Racially, I am white. Ideologically, I am conservative. Politically, I am a weak Republican. I do not attend church. I am 76 years old. I am a man.. Question: Do you think the federal government should be doing more about the opioid drug addiction issue, should be doing less, or is it currently doing the right amount?

Answer choices:
1. Should be doing more 2. Should be doing less 3. Is doing the right amount

When answering, respond ONLY with a single number that corresponds to the option you choose. Do not include any additional text, punctuation or explanation.

My answer is
",1
fake_2417,1,3,2,-1,34,2,2,"Today is November 5, 2024. Racially, I am white. Ideologically, I am slightly liberal. Politically, I am a weak Democrat. I am 34 years old. I am a woman. I am somewhat interested in politics.. Question: Do you think the federal government should be doing more about the opioid drug addiction issue, should be doing less, or is it currently doing the right amount?

Answer choices:
1. Should be doing more 2. Should be doing less 3. Is doing the right amount

When answering, respond ONLY with a single number that corresponds to the option you choose. Do not include any additional text, punctuation or explanation.

My answer is
",1
fake_2418,1,6,1,1,40,1,4,"Today is November 5, 2024. Racially, I am white. Ideologically, I am conservative. Politically, I am a strong democrat. I attend church. I am 40 years old. I am a man. I am not at all interested in politics.. Question: Do you think the federal government should be doing more about the opioid drug addiction issue, should be doing less, or is it currently doing the right amount?

Answer choices:
1. Should be doing more 2. Should be doing less 3. Is doing the right amount

When answering, respond ONLY with a single number that corresponds to the option you choose. Do not include any additional text, punctuation or explanation.

My answer is
",1
fake_2419,1,2,7,1,40,2,2,"Today is November 5, 2024. Racially, I am white. Ideologically, I am liberal. Politically, I am a strong Republican. I attend church. I am 40 years old. I am a woman. I am somewhat interested in politics.. Question: Do you think the federal government should be doing more about the opioid drug addiction issue, should be doing less, or is it currently doing the right amount?

Answer choices:
1. Should be doing more 2. Should be doing less 3. Is doing the right amount

When answering, respond ONLY with a single number that corresponds to the option you choose. Do not include any additional text, punctuation or explanation.

My answer is
",1
fake_2420,-9,2,1,1,57,2,3,"Today is November 5, 2024. Ideologically, I am liberal. Politically, I am a strong democrat. I attend church. I am 57 years old. I am a woman. I am not very interested in politics.. Question: Do you think the federal government should be doing more about the opioid drug addiction issue, should be doing less, or is it currently doing the right amount?

Answer choices:
1. Should be doing more 2. Should be doing less 3. Is doing the right amount

When answering, respond ONLY with a single number that corresponds to the option you choose. Do not include any additional text, punctuation or explanation.

My answer is
",1
fake_2421,1,5,1,2,65,2,4,"Today is November 5, 2024. Racially, I am white. Ideologically, I am slightly conservative. Politically, I am a strong democrat. I do not attend church. I am 65 years old. I am a woman. I am not at all interested in politics.. Question: Do you think the federal government should be doing more about the opioid drug addiction issue, should be doing less, or is it currently doing the right amount?

Answer choices:
1. Should be doing more 2. Should be doing less 3. Is doing the right amount

When answering, respond ONLY with a single number that corresponds to the option you choose. Do not include any additional text, punctuation or explanation.

My answer is
",1
fake_2422,1,4,6,2,77,2,2,"Today is November 5, 2024. Racially, I am white. Ideologically, I am moderate. Politically, I am a weak Republican. I do not attend church. I am 77 years old. I am a woman. I am somewhat interested in politics.. Question: Do you think the federal government should be doing more about the opioid drug addiction issue, should be doing less, or is it currently doing the right amount?

Answer choices:
1. Should be doing more 2. Should be doing less 3. Is doing the right amount

When answering, respond ONLY with a single number that corresponds to the option you choose. Do not include any additional text, punctuation or explanation.

My answer is
",1
fake_2423,2,5,2,1,35,2,3,"Today is November 5, 2024. Racially, I am black. Ideologically, I am slightly conservative. Politically, I am a weak Democrat. I attend church. I am 35 years old. I am a woman. I am not very interested in politics.. Question: Do you think the federal government should be doing more about the opioid drug addiction issue, should be doing less, or is it currently doing the right amount?

Answer choices:
1. Should be doing more 2. Should be doing less 3. Is doing the right amount

When answering, respond ONLY with a single number that corresponds to the option you choose. Do not include any additional text, punctuation or explanation.

My answer is
",1
fake_2424,1,6,6,1,39,2,3,"Today is November 5, 2024. Racially, I am white. Ideologically, I am conservative. Politically, I am a weak Republican. I attend church. I am 39 years old. I am a woman. I am not very interested in politics.. Question: Do you think the federal government should be doing more about the opioid drug addiction issue, should be doing less, or is it currently doing the right amount?

Answer choices:
1. Should be doing more 2. Should be doing less 3. Is doing the right amount

When answering, respond ONLY with a single number that corresponds to the option you choose. Do not include any additional text, punctuation or explanation.

My answer is
",1
fake_2425,1,6,4,1,62,2,3,"Today is November 5, 2024. Racially, I am white. Ideologically, I am conservative. Politically, I am an independent. I attend church. I am 62 years old. I am a woman. I am not very interested in politics.. Question: Do you think the federal government should be doing more about the opioid drug addiction issue, should be doing less, or is it currently doing the right amount?

Answer choices:
1. Should be doing more 2. Should be doing less 3. Is doing the right amount

When answering, respond ONLY with a single number that corresponds to the option you choose. Do not include any additional text, punctuation or explanation.

My answer is
",1
fake_2426,1,4,3,2,53,2,-6,"Today is November 5, 2024. Racially, I am white. Ideologically, I am moderate. Politically, I am an independent who leans Democratic. I do not attend church. I am 53 years old. I am a woman.. Question: Do you think the federal government should be doing more about the opioid drug addiction issue, should be doing less, or is it currently doing the right amount?

Answer choices:
1. Should be doing more 2. Should be doing less 3. Is doing the right amount

When answering, respond ONLY with a single number that corresponds to the option you choose. Do not include any additional text, punctuation or explanation.

My answer is
",1
fake_2427,1,6,6,1,65,2,2,"Today is November 5, 2024. Racially, I am white. Ideologically, I am conservative. Politically, I am a weak Republican. I attend church. I am 65 years old. I am a woman. I am somewhat interested in politics.. Question: Do you think the federal government should be doing more about the opioid drug addiction issue, should be doing less, or is it currently doing the right amount?

Answer choices:
1. Should be doing more 2. Should be doing less 3. Is doing the right amount

When answering, respond ONLY with a single number that corresponds to the option you choose. Do not include any additional text, punctuation or explanation.

My answer is
",1
fake_2428,2,5,4,2,43,1,1,"Today is November 5, 2024. Racially, I am black. Ideologically, I am slightly conservative. Politically, I am an independent. I do not attend church. I am 43 years old. I am a man. I am very interested in politics.. Question: Do you think the federal government should be doing more about the opioid drug addiction issue, should be doing less, or is it currently doing the right amount?

Answer choices:
1. Should be doing more 2. Should be doing less 3. Is doing the right amount

When answering, respond ONLY with a single number that corresponds to the option you choose. Do not include any additional text, punctuation or explanation.

My answer is
",1
fake_2429,1,2,7,2,18,1,3,"Today is November 5, 2024. Racially, I am white. Ideologically, I am liberal. Politically, I am a strong Republican. I do not attend church. I am 18 years old. I am a man. I am not very interested in politics.. Question: Do you think the federal government should be doing more about the opioid drug addiction issue, should be doing less, or is it currently doing the right amount?

Answer choices:
1. Should be doing more 2. Should be doing less 3. Is doing the right amount

When answering, respond ONLY with a single number that corresponds to the option you choose. Do not include any additional text, punctuation or explanation.

My answer is
",1
fake_2430,1,3,7,1,29,2,2,"Today is November 5, 2024. Racially, I am white. Ideologically, I am slightly liberal. Politically, I am a strong Republican. I attend church. I am 29 years old. I am a woman. I am somewhat interested in politics.. Question: Do you think the federal government should be doing more about the opioid drug addiction issue, should be doing less, or is it currently doing the right amount?

Answer choices:
1. Should be doing more 2. Should be doing less 3. Is doing the right amount

When answering, respond ONLY with a single number that corresponds to the option you choose. Do not include any additional text, punctuation or explanation.

My answer is
",1
fake_2431,1,6,5,2,72,1,1,"Today is November 5, 2024. Racially, I am white. Ideologically, I am conservative. Politically, I am an independent who leans Republican. I do not attend church. I am 72 years old. I am a man. I am very interested in politics.. Question: Do you think the federal government should be doing more about the opioid drug addiction issue, should be doing less, or is it currently doing the right amount?

Answer choices:
1. Should be doing more 2. Should be doing less 3. Is doing the right amount

When answering, respond ONLY with a single number that corresponds to the option you choose. Do not include any additional text, punctuation or explanation.

My answer is
",1
fake_2432,1,99,5,1,67,1,2,"Today is November 5, 2024. Racially, I am white. Politically, I am an independent who leans Republican. I attend church. I am 67 years old. I am a man. I am somewhat interested in politics.. Question: Do you think the federal government should be doing more about the opioid drug addiction issue, should be doing less, or is it currently doing the right amount?

Answer choices:
1. Should be doing more 2. Should be doing less 3. Is doing the right amount

When answering, respond ONLY with a single number that corresponds to the option you choose. Do not include any additional text, punctuation or explanation.

My answer is
",1
fake_2433,1,99,1,1,48,1,3,"Today is November 5, 2024. Racially, I am white. Politically, I am a strong democrat. I attend church. I am 48 years old. I am a man. I am not very interested in politics.. Question: Do you think the federal government should be doing more about the opioid drug addiction issue, should be doing less, or is it currently doing the right amount?

Answer choices:
1. Should be doing more 2. Should be doing less 3. Is doing the right amount

When answering, respond ONLY with a single number that corresponds to the option you choose. Do not include any additional text, punctuation or explanation.

My answer is
",1
fake_2434,1,6,3,2,47,2,-5,"Today is November 5, 2024. Racially, I am white. Ideologically, I am conservative. Politically, I am an independent who leans Democratic. I do not attend church. I am 47 years old. I am a woman.. Question: Do you think the federal government should be doing more about the opioid drug addiction issue, should be doing less, or is it currently doing the right amount?

Answer choices:
1. Should be doing more 2. Should be doing less 3. Is doing the right amount

When answering, respond ONLY with a single number that corresponds to the option you choose. Do not include any additional text, punctuation or explanation.

My answer is
",1
fake_2435,1,2,3,2,59,1,1,"Today is November 5, 2024. Racially, I am white. Ideologically, I am liberal. Politically, I am an independent who leans Democratic. I do not attend church. I am 59 years old. I am a man. I am very interested in politics.. Question: Do you think the federal government should be doing more about the opioid drug addiction issue, should be doing less, or is it currently doing the right amount?

Answer choices:
1. Should be doing more 2. Should be doing less 3. Is doing the right amount

When answering, respond ONLY with a single number that corresponds to the option you choose. Do not include any additional text, punctuation or explanation.

My answer is
",1
fake_2436,3,4,6,1,80,1,2,"Today is November 5, 2024. Racially, I am hispanic. Ideologically, I am moderate. Politically, I am a weak Republican. I attend church. I am 80 years old. I am a man. I am somewhat interested in politics.. Question: Do you think the federal government should be doing more about the opioid drug addiction issue, should be doing less, or is it currently doing the right amount?

Answer choices:
1. Should be doing more 2. Should be doing less 3. Is doing the right amount

When answering, respond ONLY with a single number that corresponds to the option you choose. Do not include any additional text, punctuation or explanation.

My answer is
",1
fake_2437,1,6,2,-1,36,2,2,"Today is November 5, 2024. Racially, I am white. Ideologically, I am conservative. Politically, I am a weak Democrat. I am 36 years old. I am a woman. I am somewhat interested in politics.. Question: Do you think the federal government should be doing more about the opioid drug addiction issue, should be doing less, or is it currently doing the right amount?

Answer choices:
1. Should be doing more 2. Should be doing less 3. Is doing the right amount

When answering, respond ONLY with a single number that corresponds to the option you choose. Do not include any additional text, punctuation or explanation.

My answer is
",1
fake_2438,3,4,1,2,72,2,2,"Today is November 5, 2024. Racially, I am hispanic. Ideologically, I am moderate. Politically, I am a strong democrat. I do not attend church. I am 72 years old. I am a woman. I am somewhat interested in politics.. Question: Do you think the federal government should be doing more about the opioid drug addiction issue, should be doing less, or is it currently doing the right amount?

Answer choices:
1. Should be doing more 2. Should be doing less 3. Is doing the right amount

When answering, respond ONLY with a single number that corresponds to the option you choose. Do not include any additional text, punctuation or explanation.

My answer is
",1
fake_2439,1,2,6,-1,55,2,1,"Today is November 5, 2024. Racially, I am white. Ideologically, I am liberal. Politically, I am a weak Republican. I am 55 years old. I am a woman. I am very interested in politics.. Question: Do you think the federal government should be doing more about the opioid drug addiction issue, should be doing less, or is it currently doing the right amount?

Answer choices:
1. Should be doing more 2. Should be doing less 3. Is doing the right amount

When answering, respond ONLY with a single number that corresponds to the option you choose. Do not include any additional text, punctuation or explanation.

My answer is
",1
fake_2440,1,1,7,2,71,2,2,"Today is November 5, 2024. Racially, I am white. Ideologically, I am extremely liberal. Politically, I am a strong Republican. I do not attend church. I am 71 years old. I am a woman. I am somewhat interested in politics.. Question: Do you think the federal government should be doing more about the opioid drug addiction issue, should be doing less, or is it currently doing the right amount?

Answer choices:
1. Should be doing more 2. Should be doing less 3. Is doing the right amount

When answering, respond ONLY with a single number that corresponds to the option you choose. Do not include any additional text, punctuation or explanation.

My answer is
",1
fake_2441,1,1,3,1,25,1,4,"Today is November 5, 2024. Racially, I am white. Ideologically, I am extremely liberal. Politically, I am an independent who leans Democratic. I attend church. I am 25 years old. I am a man. I am not at all interested in politics.. Question: Do you think the federal government should be doing more about the opioid drug addiction issue, should be doing less, or is it currently doing the right amount?

Answer choices:
1. Should be doing more 2. Should be doing less 3. Is doing the right amount

When answering, respond ONLY with a single number that corresponds to the option you choose. Do not include any additional text, punctuation or explanation.

My answer is
",1
fake_2442,1,4,5,1,47,2,-6,"Today is November 5, 2024. Racially, I am white. Ideologically, I am moderate. Politically, I am an independent who leans Republican. I attend church. I am 47 years old. I am a woman.. Question: Do you think the federal government should be doing more about the opioid drug addiction issue, should be doing less, or is it currently doing the right amount?

Answer choices:
1. Should be doing more 2. Should be doing less 3. Is doing the right amount

When answering, respond ONLY with a single number that corresponds to the option you choose. Do not include any additional text, punctuation or explanation.

My answer is
",1
fake_2443,1,6,2,1,64,2,4,"Today is November 5, 2024. Racially, I am white. Ideologically, I am conservative. Politically, I am a weak Democrat. I attend church. I am 64 years old. I am a woman. I am not at all interested in politics.. Question: Do you think the federal government should be doing more about the opioid drug addiction issue, should be doing less, or is it currently doing the right amount?

Answer choices:
1. Should be doing more 2. Should be doing less 3. Is doing the right amount

When answering, respond ONLY with a single number that corresponds to the option you choose. Do not include any additional text, punctuation or explanation.

My answer is
",1
fake_2444,1,4,1,-9,72,2,2,"Today is November 5, 2024. Racially, I am white. Ideologically, I am moderate. Politically, I am a strong democrat. I am 72 years old. I am a woman. I am somewhat interested in politics.. Question: Do you think the federal government should be doing more about the opioid drug addiction issue, should be doing less, or is it currently doing the right amount?

Answer choices:
1. Should be doing more 2. Should be doing less 3. Is doing the right amount

When answering, respond ONLY with a single number that corresponds to the option you choose. Do not include any additional text, punctuation or explanation.

My answer is
",1
fake_2445,1,3,1,2,35,1,2,"Today is November 5, 2024. Racially, I am white. Ideologically, I am slightly liberal. Politically, I am a strong democrat. I do not attend church. I am 35 years old. I am a man. I am somewhat interested in politics.. Question: Do you think the federal government should be doing more about the opioid drug addiction issue, should be doing less, or is it currently doing the right amount?

Answer choices:
1. Should be doing more 2. Should be doing less 3. Is doing the right amount

When answering, respond ONLY with a single number that corresponds to the option you choose. Do not include any additional text, punctuation or explanation.

My answer is
",1
fake_2446,1,4,1,2,29,1,2,"Today is November 5, 2024. Racially, I am white. Ideologically, I am moderate. Politically, I am a strong democrat. I do not attend church. I am 29 years old. I am a man. I am somewhat interested in politics.. Question: Do you think the federal government should be doing more about the opioid drug addiction issue, should be doing less, or is it currently doing the right amount?

Answer choices:
1. Should be doing more 2. Should be doing less 3. Is doing the right amount

When answering, respond ONLY with a single number that corresponds to the option you choose. Do not include any additional text, punctuation or explanation.

My answer is
",1
fake_2447,3,4,2,1,61,1,2,"Today is November 5, 2024. Racially, I am hispanic. Ideologically, I am moderate. Politically, I am a weak Democrat. I attend church. I am 61 years old. I am a man. I am somewhat interested in politics.. Question: Do you think the federal government should be doing more about the opioid drug addiction issue, should be doing less, or is it currently doing the right amount?

Answer choices:
1. Should be doing more 2. Should be doing less 3. Is doing the right amount

When answering, respond ONLY with a single number that corresponds to the option you choose. Do not include any additional text, punctuation or explanation.

My answer is
",1
fake_2448,1,3,7,1,74,1,3,"Today is November 5, 2024. Racially, I am white. Ideologically, I am slightly liberal. Politically, I am a strong Republican. I attend church. I am 74 years old. I am a man. I am not very interested in politics.. Question: Do you think the federal government should be doing more about the opioid drug addiction issue, should be doing less, or is it currently doing the right amount?

Answer choices:
1. Should be doing more 2. Should be doing less 3. Is doing the right amount

When answering, respond ONLY with a single number that corresponds to the option you choose. Do not include any additional text, punctuation or explanation.

My answer is
",1
fake_2449,5,6,1,2,36,2,2,"Today is November 5, 2024. Racially, I am native American. Ideologically, I am conservative. Politically, I am a strong democrat. I do not attend church. I am 36 years old. I am a woman. I am somewhat interested in politics.. Question: Do you think the federal government should be doing more about the opioid drug addiction issue, should be doing less, or is it currently doing the right amount?

Answer choices:
1. Should be doing more 2. Should be doing less 3. Is doing the right amount

When answering, respond ONLY with a single number that corresponds to the option you choose. Do not include any additional text, punctuation or explanation.

My answer is
",1
fake_2450,1,6,3,2,66,2,1,"Today is November 5, 2024. Racially, I am white. Ideologically, I am conservative. Politically, I am an independent who leans Democratic. I do not attend church. I am 66 years old. I am a woman. I am very interested in politics.. Question: Do you think the federal government should be doing more about the opioid drug addiction issue, should be doing less, or is it currently doing the right amount?

Answer choices:
1. Should be doing more 2. Should be doing less 3. Is doing the right amount

When answering, respond ONLY with a single number that corresponds to the option you choose. Do not include any additional text, punctuation or explanation.

My answer is
",1
fake_2451,1,2,2,2,36,2,2,"Today is November 5, 2024. Racially, I am white. Ideologically, I am liberal. Politically, I am a weak Democrat. I do not attend church. I am 36 years old. I am a woman. I am somewhat interested in politics.. Question: Do you think the federal government should be doing more about the opioid drug addiction issue, should be doing less, or is it currently doing the right amount?

Answer choices:
1. Should be doing more 2. Should be doing less 3. Is doing the right amount

When answering, respond ONLY with a single number that corresponds to the option you choose. Do not include any additional text, punctuation or explanation.

My answer is
",1
fake_2452,1,99,1,1,50,2,1,"Today is November 5, 2024. Racially, I am white. Politically, I am a strong democrat. I attend church. I am 50 years old. I am a woman. I am very interested in politics.. Question: Do you think the federal government should be doing more about the opioid drug addiction issue, should be doing less, or is it currently doing the right amount?

Answer choices:
1. Should be doing more 2. Should be doing less 3. Is doing the right amount

When answering, respond ONLY with a single number that corresponds to the option you choose. Do not include any additional text, punctuation or explanation.

My answer is
",1
fake_2453,1,4,7,1,59,1,3,"Today is November 5, 2024. Racially, I am white. Ideologically, I am moderate. Politically, I am a strong Republican. I attend church. I am 59 years old. I am a man. I am not very interested in politics.. Question: Do you think the federal government should be doing more about the opioid drug addiction issue, should be doing less, or is it currently doing the right amount?

Answer choices:
1. Should be doing more 2. Should be doing less 3. Is doing the right amount

When answering, respond ONLY with a single number that corresponds to the option you choose. Do not include any additional text, punctuation or explanation.

My answer is
",1
fake_2454,1,6,6,1,40,1,2,"Today is November 5, 2024. Racially, I am white. Ideologically, I am conservative. Politically, I am a weak Republican. I attend church. I am 40 years old. I am a man. I am somewhat interested in politics.. Question: Do you think the federal government should be doing more about the opioid drug addiction issue, should be doing less, or is it currently doing the right amount?

Answer choices:
1. Should be doing more 2. Should be doing less 3. Is doing the right amount

When answering, respond ONLY with a single number that corresponds to the option you choose. Do not include any additional text, punctuation or explanation.

My answer is
",1
fake_2455,1,2,7,1,57,2,-6,"Today is November 5, 2024. Racially, I am white. Ideologically, I am liberal. Politically, I am a strong Republican. I attend church. I am 57 years old. I am a woman.. Question: Do you think the federal government should be doing more about the opioid drug addiction issue, should be doing less, or is it currently doing the right amount?

Answer choices:
1. Should be doing more 2. Should be doing less 3. Is doing the right amount

When answering, respond ONLY with a single number that corresponds to the option you choose. Do not include any additional text, punctuation or explanation.

My answer is
",1
fake_2456,6,3,6,2,77,1,2,"Today is November 5, 2024. Ideologically, I am slightly liberal. Politically, I am a weak Republican. I do not attend church. I am 77 years old. I am a man. I am somewhat interested in politics.. Question: Do you think the federal government should be doing more about the opioid drug addiction issue, should be doing less, or is it currently doing the right amount?

Answer choices:
1. Should be doing more 2. Should be doing less 3. Is doing the right amount

When answering, respond ONLY with a single number that corresponds to the option you choose. Do not include any additional text, punctuation or explanation.

My answer is
",1
fake_2457,3,4,7,2,28,1,2,"Today is November 5, 2024. Racially, I am hispanic. Ideologically, I am moderate. Politically, I am a strong Republican. I do not attend church. I am 28 years old. I am a man. I am somewhat interested in politics.. Question: Do you think the federal government should be doing more about the opioid drug addiction issue, should be doing less, or is it currently doing the right amount?

Answer choices:
1. Should be doing more 2. Should be doing less 3. Is doing the right amount

When answering, respond ONLY with a single number that corresponds to the option you choose. Do not include any additional text, punctuation or explanation.

My answer is
",1
fake_2458,1,5,6,1,46,1,-6,"Today is November 5, 2024. Racially, I am white. Ideologically, I am slightly conservative. Politically, I am a weak Republican. I attend church. I am 46 years old. I am a man.. Question: Do you think the federal government should be doing more about the opioid drug addiction issue, should be doing less, or is it currently doing the right amount?

Answer choices:
1. Should be doing more 2. Should be doing less 3. Is doing the right amount

When answering, respond ONLY with a single number that corresponds to the option you choose. Do not include any additional text, punctuation or explanation.

My answer is
",1
fake_2459,1,6,1,1,50,2,3,"Today is November 5, 2024. Racially, I am white. Ideologically, I am conservative. Politically, I am a strong democrat. I attend church. I am 50 years old. I am a woman. I am not very interested in politics.. Question: Do you think the federal government should be doing more about the opioid drug addiction issue, should be doing less, or is it currently doing the right amount?

Answer choices:
1. Should be doing more 2. Should be doing less 3. Is doing the right amount

When answering, respond ONLY with a single number that corresponds to the option you choose. Do not include any additional text, punctuation or explanation.

My answer is
",1
fake_2460,1,6,5,1,76,1,3,"Today is November 5, 2024. Racially, I am white. Ideologically, I am conservative. Politically, I am an independent who leans Republican. I attend church. I am 76 years old. I am a man. I am not very interested in politics.. Question: Do you think the federal government should be doing more about the opioid drug addiction issue, should be doing less, or is it currently doing the right amount?

Answer choices:
1. Should be doing more 2. Should be doing less 3. Is doing the right amount

When answering, respond ONLY with a single number that corresponds to the option you choose. Do not include any additional text, punctuation or explanation.

My answer is
",1
fake_2461,1,7,5,1,53,1,1,"Today is November 5, 2024. Racially, I am white. Ideologically, I am extremely conservative. Politically, I am an independent who leans Republican. I attend church. I am 53 years old. I am a man. I am very interested in politics.. Question: Do you think the federal government should be doing more about the opioid drug addiction issue, should be doing less, or is it currently doing the right amount?

Answer choices:
1. Should be doing more 2. Should be doing less 3. Is doing the right amount

When answering, respond ONLY with a single number that corresponds to the option you choose. Do not include any additional text, punctuation or explanation.

My answer is
",1
fake_2462,1,6,3,1,21,1,2,"Today is November 5, 2024. Racially, I am white. Ideologically, I am conservative. Politically, I am an independent who leans Democratic. I attend church. I am 21 years old. I am a man. I am somewhat interested in politics.. Question: Do you think the federal government should be doing more about the opioid drug addiction issue, should be doing less, or is it currently doing the right amount?

Answer choices:
1. Should be doing more 2. Should be doing less 3. Is doing the right amount

When answering, respond ONLY with a single number that corresponds to the option you choose. Do not include any additional text, punctuation or explanation.

My answer is
",1
fake_2463,1,6,1,1,30,1,1,"Today is November 5, 2024. Racially, I am white. Ideologically, I am conservative. Politically, I am a strong democrat. I attend church. I am 30 years old. I am a man. I am very interested in politics.. Question: Do you think the federal government should be doing more about the opioid drug addiction issue, should be doing less, or is it currently doing the right amount?

Answer choices:
1. Should be doing more 2. Should be doing less 3. Is doing the right amount

When answering, respond ONLY with a single number that corresponds to the option you choose. Do not include any additional text, punctuation or explanation.

My answer is
",1
fake_2464,1,4,2,2,49,2,1,"Today is November 5, 2024. Racially, I am white. Ideologically, I am moderate. Politically, I am a weak Democrat. I do not attend church. I am 49 years old. I am a woman. I am very interested in politics.. Question: Do you think the federal government should be doing more about the opioid drug addiction issue, should be doing less, or is it currently doing the right amount?

Answer choices:
1. Should be doing more 2. Should be doing less 3. Is doing the right amount

When answering, respond ONLY with a single number that corresponds to the option you choose. Do not include any additional text, punctuation or explanation.

My answer is
",1
fake_2465,1,7,6,2,66,2,1,"Today is November 5, 2024. Racially, I am white. Ideologically, I am extremely conservative. Politically, I am a weak Republican. I do not attend church. I am 66 years old. I am a woman. I am very interested in politics.. Question: Do you think the federal government should be doing more about the opioid drug addiction issue, should be doing less, or is it currently doing the right amount?

Answer choices:
1. Should be doing more 2. Should be doing less 3. Is doing the right amount

When answering, respond ONLY with a single number that corresponds to the option you choose. Do not include any additional text, punctuation or explanation.

My answer is
",1
fake_2466,3,4,3,1,72,1,-6,"Today is November 5, 2024. Racially, I am hispanic. Ideologically, I am moderate. Politically, I am an independent who leans Democratic. I attend church. I am 72 years old. I am a man.. Question: Do you think the federal government should be doing more about the opioid drug addiction issue, should be doing less, or is it currently doing the right amount?

Answer choices:
1. Should be doing more 2. Should be doing less 3. Is doing the right amount

When answering, respond ONLY with a single number that corresponds to the option you choose. Do not include any additional text, punctuation or explanation.

My answer is
",1
fake_2467,1,6,6,1,28,1,-6,"Today is November 5, 2024. Racially, I am white. Ideologically, I am conservative. Politically, I am a weak Republican. I attend church. I am 28 years old. I am a man.. Question: Do you think the federal government should be doing more about the opioid drug addiction issue, should be doing less, or is it currently doing the right amount?

Answer choices:
1. Should be doing more 2. Should be doing less 3. Is doing the right amount

When answering, respond ONLY with a single number that corresponds to the option you choose. Do not include any additional text, punctuation or explanation.

My answer is
",1
fake_2468,1,6,5,1,38,2,2,"Today is November 5, 2024. Racially, I am white. Ideologically, I am conservative. Politically, I am an independent who leans Republican. I attend church. I am 38 years old. I am a woman. I am somewhat interested in politics.. Question: Do you think the federal government should be doing more about the opioid drug addiction issue, should be doing less, or is it currently doing the right amount?

Answer choices:
1. Should be doing more 2. Should be doing less 3. Is doing the right amount

When answering, respond ONLY with a single number that corresponds to the option you choose. Do not include any additional text, punctuation or explanation.

My answer is
",1
fake_2469,1,1,1,1,80,1,-6,"Today is November 5, 2024. Racially, I am white. Ideologically, I am extremely liberal. Politically, I am a strong democrat. I attend church. I am 80 years old. I am a man.. Question: Do you think the federal government should be doing more about the opioid drug addiction issue, should be doing less, or is it currently doing the right amount?

Answer choices:
1. Should be doing more 2. Should be doing less 3. Is doing the right amount

When answering, respond ONLY with a single number that corresponds to the option you choose. Do not include any additional text, punctuation or explanation.

My answer is
",1
fake_2470,1,2,5,2,32,2,3,"Today is November 5, 2024. Racially, I am white. Ideologically, I am liberal. Politically, I am an independent who leans Republican. I do not attend church. I am 32 years old. I am a woman. I am not very interested in politics.. Question: Do you think the federal government should be doing more about the opioid drug addiction issue, should be doing less, or is it currently doing the right amount?

Answer choices:
1. Should be doing more 2. Should be doing less 3. Is doing the right amount

When answering, respond ONLY with a single number that corresponds to the option you choose. Do not include any additional text, punctuation or explanation.

My answer is
",1
fake_2471,1,6,1,-1,-2,1,2,"Today is November 5, 2024. Racially, I am white. Ideologically, I am conservative. Politically, I am a strong democrat. I am a man. I am somewhat interested in politics.. Question: Do you think the federal government should be doing more about the opioid drug addiction issue, should be doing less, or is it currently doing the right amount?

Answer choices:
1. Should be doing more 2. Should be doing less 3. Is doing the right amount

When answering, respond ONLY with a single number that corresponds to the option you choose. Do not include any additional text, punctuation or explanation.

My answer is
",1
fake_2472,1,5,3,2,32,1,-6,"Today is November 5, 2024. Racially, I am white. Ideologically, I am slightly conservative. Politically, I am an independent who leans Democratic. I do not attend church. I am 32 years old. I am a man.. Question: Do you think the federal government should be doing more about the opioid drug addiction issue, should be doing less, or is it currently doing the right amount?

Answer choices:
1. Should be doing more 2. Should be doing less 3. Is doing the right amount

When answering, respond ONLY with a single number that corresponds to the option you choose. Do not include any additional text, punctuation or explanation.

My answer is
",1
fake_2473,1,2,3,1,26,2,4,"Today is November 5, 2024. Racially, I am white. Ideologically, I am liberal. Politically, I am an independent who leans Democratic. I attend church. I am 26 years old. I am a woman. I am not at all interested in politics.. Question: Do you think the federal government should be doing more about the opioid drug addiction issue, should be doing less, or is it currently doing the right amount?

Answer choices:
1. Should be doing more 2. Should be doing less 3. Is doing the right amount

When answering, respond ONLY with a single number that corresponds to the option you choose. Do not include any additional text, punctuation or explanation.

My answer is
",1
fake_2474,1,4,7,1,37,1,2,"Today is November 5, 2024. Racially, I am white. Ideologically, I am moderate. Politically, I am a strong Republican. I attend church. I am 37 years old. I am a man. I am somewhat interested in politics.. Question: Do you think the federal government should be doing more about the opioid drug addiction issue, should be doing less, or is it currently doing the right amount?

Answer choices:
1. Should be doing more 2. Should be doing less 3. Is doing the right amount

When answering, respond ONLY with a single number that corresponds to the option you choose. Do not include any additional text, punctuation or explanation.

My answer is
",1
fake_2475,3,4,5,2,49,1,2,"Today is November 5, 2024. Racially, I am hispanic. Ideologically, I am moderate. Politically, I am an independent who leans Republican. I do not attend church. I am 49 years old. I am a man. I am somewhat interested in politics.. Question: Do you think the federal government should be doing more about the opioid drug addiction issue, should be doing less, or is it currently doing the right amount?

Answer choices:
1. Should be doing more 2. Should be doing less 3. Is doing the right amount

When answering, respond ONLY with a single number that corresponds to the option you choose. Do not include any additional text, punctuation or explanation.

My answer is
",1
fake_2476,6,99,6,1,61,2,1,"Today is November 5, 2024. Politically, I am a weak Republican. I attend church. I am 61 years old. I am a woman. I am very interested in politics.. Question: Do you think the federal government should be doing more about the opioid drug addiction issue, should be doing less, or is it currently doing the right amount?

Answer choices:
1. Should be doing more 2. Should be doing less 3. Is doing the right amount

When answering, respond ONLY with a single number that corresponds to the option you choose. Do not include any additional text, punctuation or explanation.

My answer is
",1
fake_2477,1,6,6,2,80,2,-5,"Today is November 5, 2024. Racially, I am white. Ideologically, I am conservative. Politically, I am a weak Republican. I do not attend church. I am 80 years old. I am a woman.. Question: Do you think the federal government should be doing more about the opioid drug addiction issue, should be doing less, or is it currently doing the right amount?

Answer choices:
1. Should be doing more 2. Should be doing less 3. Is doing the right amount

When answering, respond ONLY with a single number that corresponds to the option you choose. Do not include any additional text, punctuation or explanation.

My answer is
",1
fake_2478,1,99,6,1,26,2,2,"Today is November 5, 2024. Racially, I am white. Politically, I am a weak Republican. I attend church. I am 26 years old. I am a woman. I am somewhat interested in politics.. Question: Do you think the federal government should be doing more about the opioid drug addiction issue, should be doing less, or is it currently doing the right amount?

Answer choices:
1. Should be doing more 2. Should be doing less 3. Is doing the right amount

When answering, respond ONLY with a single number that corresponds to the option you choose. Do not include any additional text, punctuation or explanation.

My answer is
",1
fake_2479,1,7,6,1,67,1,2,"Today is November 5, 2024. Racially, I am white. Ideologically, I am extremely conservative. Politically, I am a weak Republican. I attend church. I am 67 years old. I am a man. I am somewhat interested in politics.. Question: Do you think the federal government should be doing more about the opioid drug addiction issue, should be doing less, or is it currently doing the right amount?

Answer choices:
1. Should be doing more 2. Should be doing less 3. Is doing the right amount

When answering, respond ONLY with a single number that corresponds to the option you choose. Do not include any additional text, punctuation or explanation.

My answer is
",1
fake_2480,1,99,1,1,80,1,-6,"Today is November 5, 2024. Racially, I am white. Politically, I am a strong democrat. I attend church. I am 80 years old. I am a man.. Question: Do you think the federal government should be doing more about the opioid drug addiction issue, should be doing less, or is it currently doing the right amount?

Answer choices:
1. Should be doing more 2. Should be doing less 3. Is doing the right amount

When answering, respond ONLY with a single number that corresponds to the option you choose. Do not include any additional text, punctuation or explanation.

My answer is
",1
fake_2481,6,99,5,1,49,2,-7,"Today is November 5, 2024. Politically, I am an independent who leans Republican. I attend church. I am 49 years old. I am a woman.. Question: Do you think the federal government should be doing more about the opioid drug addiction issue, should be doing less, or is it currently doing the right amount?

Answer choices:
1. Should be doing more 2. Should be doing less 3. Is doing the right amount

When answering, respond ONLY with a single number that corresponds to the option you choose. Do not include any additional text, punctuation or explanation.

My answer is
",1
fake_2482,3,5,7,2,80,1,1,"Today is November 5, 2024. Racially, I am hispanic. Ideologically, I am slightly conservative. Politically, I am a strong Republican. I do not attend church. I am 80 years old. I am a man. I am very interested in politics.. Question: Do you think the federal government should be doing more about the opioid drug addiction issue, should be doing less, or is it currently doing the right amount?

Answer choices:
1. Should be doing more 2. Should be doing less 3. Is doing the right amount

When answering, respond ONLY with a single number that corresponds to the option you choose. Do not include any additional text, punctuation or explanation.

My answer is
",1
fake_2483,1,99,1,1,76,2,1,"Today is November 5, 2024. Racially, I am white. Politically, I am a strong democrat. I attend church. I am 76 years old. I am a woman. I am very interested in politics.. Question: Do you think the federal government should be doing more about the opioid drug addiction issue, should be doing less, or is it currently doing the right amount?

Answer choices:
1. Should be doing more 2. Should be doing less 3. Is doing the right amount

When answering, respond ONLY with a single number that corresponds to the option you choose. Do not include any additional text, punctuation or explanation.

My answer is
",1
fake_2484,1,6,5,1,27,2,2,"Today is November 5, 2024. Racially, I am white. Ideologically, I am conservative. Politically, I am an independent who leans Republican. I attend church. I am 27 years old. I am a woman. I am somewhat interested in politics.. Question: Do you think the federal government should be doing more about the opioid drug addiction issue, should be doing less, or is it currently doing the right amount?

Answer choices:
1. Should be doing more 2. Should be doing less 3. Is doing the right amount

When answering, respond ONLY with a single number that corresponds to the option you choose. Do not include any additional text, punctuation or explanation.

My answer is
",1
fake_2485,1,2,1,1,65,2,1,"Today is November 5, 2024. Racially, I am white. Ideologically, I am liberal. Politically, I am a strong democrat. I attend church. I am 65 years old. I am a woman. I am very interested in politics.. Question: Do you think the federal government should be doing more about the opioid drug addiction issue, should be doing less, or is it currently doing the right amount?

Answer choices:
1. Should be doing more 2. Should be doing less 3. Is doing the right amount

When answering, respond ONLY with a single number that corresponds to the option you choose. Do not include any additional text, punctuation or explanation.

My answer is
",1
fake_2486,1,7,5,2,-2,1,3,"Today is November 5, 2024. Racially, I am white. Ideologically, I am extremely conservative. Politically, I am an independent who leans Republican. I do not attend church. I am a man. I am not very interested in politics.. Question: Do you think the federal government should be doing more about the opioid drug addiction issue, should be doing less, or is it currently doing the right amount?

Answer choices:
1. Should be doing more 2. Should be doing less 3. Is doing the right amount

When answering, respond ONLY with a single number that corresponds to the option you choose. Do not include any additional text, punctuation or explanation.

My answer is
",1
fake_2487,5,6,3,1,74,1,3,"Today is November 5, 2024. Racially, I am native American. Ideologically, I am conservative. Politically, I am an independent who leans Democratic. I attend church. I am 74 years old. I am a man. I am not very interested in politics.. Question: Do you think the federal government should be doing more about the opioid drug addiction issue, should be doing less, or is it currently doing the right amount?

Answer choices:
1. Should be doing more 2. Should be doing less 3. Is doing the right amount

When answering, respond ONLY with a single number that corresponds to the option you choose. Do not include any additional text, punctuation or explanation.

My answer is
",1
fake_2488,1,5,7,1,40,2,-6,"Today is November 5, 2024. Racially, I am white. Ideologically, I am slightly conservative. Politically, I am a strong Republican. I attend church. I am 40 years old. I am a woman.. Question: Do you think the federal government should be doing more about the opioid drug addiction issue, should be doing less, or is it currently doing the right amount?

Answer choices:
1. Should be doing more 2. Should be doing less 3. Is doing the right amount

When answering, respond ONLY with a single number that corresponds to the option you choose. Do not include any additional text, punctuation or explanation.

My answer is
",1
fake_2489,1,6,7,2,68,2,3,"Today is November 5, 2024. Racially, I am white. Ideologically, I am conservative. Politically, I am a strong Republican. I do not attend church. I am 68 years old. I am a woman. I am not very interested in politics.. Question: Do you think the federal government should be doing more about the opioid drug addiction issue, should be doing less, or is it currently doing the right amount?

Answer choices:
1. Should be doing more 2. Should be doing less 3. Is doing the right amount

When answering, respond ONLY with a single number that corresponds to the option you choose. Do not include any additional text, punctuation or explanation.

My answer is
",1
fake_2490,1,99,1,1,43,1,2,"Today is November 5, 2024. Racially, I am white. Politically, I am a strong democrat. I attend church. I am 43 years old. I am a man. I am somewhat interested in politics.. Question: Do you think the federal government should be doing more about the opioid drug addiction issue, should be doing less, or is it currently doing the right amount?

Answer choices:
1. Should be doing more 2. Should be doing less 3. Is doing the right amount

When answering, respond ONLY with a single number that corresponds to the option you choose. Do not include any additional text, punctuation or explanation.

My answer is
",1
fake_2491,1,6,5,2,73,2,2,"Today is November 5, 2024. Racially, I am white. Ideologically, I am conservative. Politically, I am an independent who leans Republican. I do not attend church. I am 73 years old. I am a woman. I am somewhat interested in politics.. Question: Do you think the federal government should be doing more about the opioid drug addiction issue, should be doing less, or is it currently doing the right amount?

Answer choices:
1. Should be doing more 2. Should be doing less 3. Is doing the right amount

When answering, respond ONLY with a single number that corresponds to the option you choose. Do not include any additional text, punctuation or explanation.

My answer is
",1
fake_2492,1,6,6,1,31,1,3,"Today is November 5, 2024. Racially, I am white. Ideologically, I am conservative. Politically, I am a weak Republican. I attend church. I am 31 years old. I am a man. I am not very interested in politics.. Question: Do you think the federal government should be doing more about the opioid drug addiction issue, should be doing less, or is it currently doing the right amount?

Answer choices:
1. Should be doing more 2. Should be doing less 3. Is doing the right amount

When answering, respond ONLY with a single number that corresponds to the option you choose. Do not include any additional text, punctuation or explanation.

My answer is
",1
fake_2493,1,4,2,1,62,1,3,"Today is November 5, 2024. Racially, I am white. Ideologically, I am moderate. Politically, I am a weak Democrat. I attend church. I am 62 years old. I am a man. I am not very interested in politics.. Question: Do you think the federal government should be doing more about the opioid drug addiction issue, should be doing less, or is it currently doing the right amount?

Answer choices:
1. Should be doing more 2. Should be doing less 3. Is doing the right amount

When answering, respond ONLY with a single number that corresponds to the option you choose. Do not include any additional text, punctuation or explanation.

My answer is
",1
fake_2494,2,2,7,2,48,1,3,"Today is November 5, 2024. Racially, I am black. Ideologically, I am liberal. Politically, I am a strong Republican. I do not attend church. I am 48 years old. I am a man. I am not very interested in politics.. Question: Do you think the federal government should be doing more about the opioid drug addiction issue, should be doing less, or is it currently doing the right amount?

Answer choices:
1. Should be doing more 2. Should be doing less 3. Is doing the right amount

When answering, respond ONLY with a single number that corresponds to the option you choose. Do not include any additional text, punctuation or explanation.

My answer is
",1
fake_2495,3,3,1,2,80,1,-5,"Today is November 5, 2024. Racially, I am hispanic. Ideologically, I am slightly liberal. Politically, I am a strong democrat. I do not attend church. I am 80 years old. I am a man.. Question: Do you think the federal government should be doing more about the opioid drug addiction issue, should be doing less, or is it currently doing the right amount?

Answer choices:
1. Should be doing more 2. Should be doing less 3. Is doing the right amount

When answering, respond ONLY with a single number that corresponds to the option you choose. Do not include any additional text, punctuation or explanation.

My answer is
",1
fake_2496,1,1,7,2,72,2,2,"Today is November 5, 2024. Racially, I am white. Ideologically, I am extremely liberal. Politically, I am a strong Republican. I do not attend church. I am 72 years old. I am a woman. I am somewhat interested in politics.. Question: Do you think the federal government should be doing more about the opioid drug addiction issue, should be doing less, or is it currently doing the right amount?

Answer choices:
1. Should be doing more 2. Should be doing less 3. Is doing the right amount

When answering, respond ONLY with a single number that corresponds to the option you choose. Do not include any additional text, punctuation or explanation.

My answer is
",1
fake_2497,1,4,1,2,37,2,2,"Today is November 5, 2024. Racially, I am white. Ideologically, I am moderate. Politically, I am a strong democrat. I do not attend church. I am 37 years old. I am a woman. I am somewhat interested in politics.. Question: Do you think the federal government should be doing more about the opioid drug addiction issue, should be doing less, or is it currently doing the right amount?

Answer choices:
1. Should be doing more 2. Should be doing less 3. Is doing the right amount

When answering, respond ONLY with a single number that corresponds to the option you choose. Do not include any additional text, punctuation or explanation.

My answer is
",1
fake_2498,1,7,6,1,31,2,2,"Today is November 5, 2024. Racially, I am white. Ideologically, I am extremely conservative. Politically, I am a weak Republican. I attend church. I am 31 years old. I am a woman. I am somewhat interested in politics.. Question: Do you think the federal government should be doing more about the opioid drug addiction issue, should be doing less, or is it currently doing the right amount?

Answer choices:
1. Should be doing more 2. Should be doing less 3. Is doing the right amount

When answering, respond ONLY with a single number that corresponds to the option you choose. Do not include any additional text, punctuation or explanation.

My answer is
",2
fake_2499,3,5,7,2,63,2,2,"Today is November 5, 2024. Racially, I am hispanic. Ideologically, I am slightly conservative. Politically, I am a strong Republican. I do not attend church. I am 63 years old. I am a woman. I am somewhat interested in politics.. Question: Do you think the federal government should be doing more about the opioid drug addiction issue, should be doing less, or is it currently doing the right amount?

Answer choices:
1. Should be doing more 2. Should be doing less 3. Is doing the right amount

When answering, respond ONLY with a single number that corresponds to the option you choose. Do not include any additional text, punctuation or explanation.

My answer is
",1
fake_2500,1,4,6,1,41,2,2,"Today is November 5, 2024. Racially, I am white. Ideologically, I am moderate. Politically, I am a weak Republican. I attend church. I am 41 years old. I am a woman. I am somewhat interested in politics.. Question: Do you think the federal government should be doing more about the opioid drug addiction issue, should be doing less, or is it currently doing the right amount?

Answer choices:
1. Should be doing more 2. Should be doing less 3. Is doing the right amount

When answering, respond ONLY with a single number that corresponds to the option you choose. Do not include any additional text, punctuation or explanation.

My answer is
",1
fake_2501,1,4,7,1,65,2,1,"Today is November 5, 2024. Racially, I am white. Ideologically, I am moderate. Politically, I am a strong Republican. I attend church. I am 65 years old. I am a woman. I am very interested in politics.. Question: Do you think the federal government should be doing more about the opioid drug addiction issue, should be doing less, or is it currently doing the right amount?

Answer choices:
1. Should be doing more 2. Should be doing less 3. Is doing the right amount

When answering, respond ONLY with a single number that corresponds to the option you choose. Do not include any additional text, punctuation or explanation.

My answer is
",1
fake_2502,2,2,3,1,35,1,3,"Today is November 5, 2024. Racially, I am black. Ideologically, I am liberal. Politically, I am an independent who leans Democratic. I attend church. I am 35 years old. I am a man. I am not very interested in politics.. Question: Do you think the federal government should be doing more about the opioid drug addiction issue, should be doing less, or is it currently doing the right amount?

Answer choices:
1. Should be doing more 2. Should be doing less 3. Is doing the right amount

When answering, respond ONLY with a single number that corresponds to the option you choose. Do not include any additional text, punctuation or explanation.

My answer is
",1
fake_2503,1,6,1,1,-2,2,3,"Today is November 5, 2024. Racially, I am white. Ideologically, I am conservative. Politically, I am a strong democrat. I attend church. I am a woman. I am not very interested in politics.. Question: Do you think the federal government should be doing more about the opioid drug addiction issue, should be doing less, or is it currently doing the right amount?

Answer choices:
1. Should be doing more 2. Should be doing less 3. Is doing the right amount

When answering, respond ONLY with a single number that corresponds to the option you choose. Do not include any additional text, punctuation or explanation.

My answer is
",1
fake_2504,3,1,5,2,66,1,3,"Today is November 5, 2024. Racially, I am hispanic. Ideologically, I am extremely liberal. Politically, I am an independent who leans Republican. I do not attend church. I am 66 years old. I am a man. I am not very interested in politics.. Question: Do you think the federal government should be doing more about the opioid drug addiction issue, should be doing less, or is it currently doing the right amount?

Answer choices:
1. Should be doing more 2. Should be doing less 3. Is doing the right amount

When answering, respond ONLY with a single number that corresponds to the option you choose. Do not include any additional text, punctuation or explanation.

My answer is
",1
fake_2505,1,6,4,1,77,2,3,"Today is November 5, 2024. Racially, I am white. Ideologically, I am conservative. Politically, I am an independent. I attend church. I am 77 years old. I am a woman. I am not very interested in politics.. Question: Do you think the federal government should be doing more about the opioid drug addiction issue, should be doing less, or is it currently doing the right amount?

Answer choices:
1. Should be doing more 2. Should be doing less 3. Is doing the right amount

When answering, respond ONLY with a single number that corresponds to the option you choose. Do not include any additional text, punctuation or explanation.

My answer is
",1
fake_2506,3,3,1,2,65,1,2,"Today is November 5, 2024. Racially, I am hispanic. Ideologically, I am slightly liberal. Politically, I am a strong democrat. I do not attend church. I am 65 years old. I am a man. I am somewhat interested in politics.. Question: Do you think the federal government should be doing more about the opioid drug addiction issue, should be doing less, or is it currently doing the right amount?

Answer choices:
1. Should be doing more 2. Should be doing less 3. Is doing the right amount

When answering, respond ONLY with a single number that corresponds to the option you choose. Do not include any additional text, punctuation or explanation.

My answer is
",1
fake_2507,1,5,2,2,30,2,2,"Today is November 5, 2024. Racially, I am white. Ideologically, I am slightly conservative. Politically, I am a weak Democrat. I do not attend church. I am 30 years old. I am a woman. I am somewhat interested in politics.. Question: Do you think the federal government should be doing more about the opioid drug addiction issue, should be doing less, or is it currently doing the right amount?

Answer choices:
1. Should be doing more 2. Should be doing less 3. Is doing the right amount

When answering, respond ONLY with a single number that corresponds to the option you choose. Do not include any additional text, punctuation or explanation.

My answer is
",1
fake_2508,2,4,5,1,80,2,1,"Today is November 5, 2024. Racially, I am black. Ideologically, I am moderate. Politically, I am an independent who leans Republican. I attend church. I am 80 years old. I am a woman. I am very interested in politics.. Question: Do you think the federal government should be doing more about the opioid drug addiction issue, should be doing less, or is it currently doing the right amount?

Answer choices:
1. Should be doing more 2. Should be doing less 3. Is doing the right amount

When answering, respond ONLY with a single number that corresponds to the option you choose. Do not include any additional text, punctuation or explanation.

My answer is
",1
fake_2509,1,4,2,1,53,2,4,"Today is November 5, 2024. Racially, I am white. Ideologically, I am moderate. Politically, I am a weak Democrat. I attend church. I am 53 years old. I am a woman. I am not at all interested in politics.. Question: Do you think the federal government should be doing more about the opioid drug addiction issue, should be doing less, or is it currently doing the right amount?

Answer choices:
1. Should be doing more 2. Should be doing less 3. Is doing the right amount

When answering, respond ONLY with a single number that corresponds to the option you choose. Do not include any additional text, punctuation or explanation.

My answer is
",1
fake_2510,2,4,2,1,42,2,3,"Today is November 5, 2024. Racially, I am black. Ideologically, I am moderate. Politically, I am a weak Democrat. I attend church. I am 42 years old. I am a woman. I am not very interested in politics.. Question: Do you think the federal government should be doing more about the opioid drug addiction issue, should be doing less, or is it currently doing the right amount?

Answer choices:
1. Should be doing more 2. Should be doing less 3. Is doing the right amount

When answering, respond ONLY with a single number that corresponds to the option you choose. Do not include any additional text, punctuation or explanation.

My answer is
",1
fake_2511,1,6,1,1,71,1,1,"Today is November 5, 2024. Racially, I am white. Ideologically, I am conservative. Politically, I am a strong democrat. I attend church. I am 71 years old. I am a man. I am very interested in politics.. Question: Do you think the federal government should be doing more about the opioid drug addiction issue, should be doing less, or is it currently doing the right amount?

Answer choices:
1. Should be doing more 2. Should be doing less 3. Is doing the right amount

When answering, respond ONLY with a single number that corresponds to the option you choose. Do not include any additional text, punctuation or explanation.

My answer is
",1
fake_2512,1,3,5,2,34,2,-6,"Today is November 5, 2024. Racially, I am white. Ideologically, I am slightly liberal. Politically, I am an independent who leans Republican. I do not attend church. I am 34 years old. I am a woman.. Question: Do you think the federal government should be doing more about the opioid drug addiction issue, should be doing less, or is it currently doing the right amount?

Answer choices:
1. Should be doing more 2. Should be doing less 3. Is doing the right amount

When answering, respond ONLY with a single number that corresponds to the option you choose. Do not include any additional text, punctuation or explanation.

My answer is
",1
fake_2513,1,7,1,1,69,1,2,"Today is November 5, 2024. Racially, I am white. Ideologically, I am extremely conservative. Politically, I am a strong democrat. I attend church. I am 69 years old. I am a man. I am somewhat interested in politics.. Question: Do you think the federal government should be doing more about the opioid drug addiction issue, should be doing less, or is it currently doing the right amount?

Answer choices:
1. Should be doing more 2. Should be doing less 3. Is doing the right amount

When answering, respond ONLY with a single number that corresponds to the option you choose. Do not include any additional text, punctuation or explanation.

My answer is
",1
fake_2514,1,99,7,2,47,2,1,"Today is November 5, 2024. Racially, I am white. Politically, I am a strong Republican. I do not attend church. I am 47 years old. I am a woman. I am very interested in politics.. Question: Do you think the federal government should be doing more about the opioid drug addiction issue, should be doing less, or is it currently doing the right amount?

Answer choices:
1. Should be doing more 2. Should be doing less 3. Is doing the right amount

When answering, respond ONLY with a single number that corresponds to the option you choose. Do not include any additional text, punctuation or explanation.

My answer is
",1
fake_2515,1,99,2,2,80,2,2,"Today is November 5, 2024. Racially, I am white. Politically, I am a weak Democrat. I do not attend church. I am 80 years old. I am a woman. I am somewhat interested in politics.. Question: Do you think the federal government should be doing more about the opioid drug addiction issue, should be doing less, or is it currently doing the right amount?

Answer choices:
1. Should be doing more 2. Should be doing less 3. Is doing the right amount

When answering, respond ONLY with a single number that corresponds to the option you choose. Do not include any additional text, punctuation or explanation.

My answer is
",1
fake_2516,3,2,7,2,31,2,4,"Today is November 5, 2024. Racially, I am hispanic. Ideologically, I am liberal. Politically, I am a strong Republican. I do not attend church. I am 31 years old. I am a woman. I am not at all interested in politics.. Question: Do you think the federal government should be doing more about the opioid drug addiction issue, should be doing less, or is it currently doing the right amount?

Answer choices:
1. Should be doing more 2. Should be doing less 3. Is doing the right amount

When answering, respond ONLY with a single number that corresponds to the option you choose. Do not include any additional text, punctuation or explanation.

My answer is
",1
fake_2517,2,6,5,1,62,1,2,"Today is November 5, 2024. Racially, I am black. Ideologically, I am conservative. Politically, I am an independent who leans Republican. I attend church. I am 62 years old. I am a man. I am somewhat interested in politics.. Question: Do you think the federal government should be doing more about the opioid drug addiction issue, should be doing less, or is it currently doing the right amount?

Answer choices:
1. Should be doing more 2. Should be doing less 3. Is doing the right amount

When answering, respond ONLY with a single number that corresponds to the option you choose. Do not include any additional text, punctuation or explanation.

My answer is
",1
fake_2518,1,4,7,2,77,1,2,"Today is November 5, 2024. Racially, I am white. Ideologically, I am moderate. Politically, I am a strong Republican. I do not attend church. I am 77 years old. I am a man. I am somewhat interested in politics.. Question: Do you think the federal government should be doing more about the opioid drug addiction issue, should be doing less, or is it currently doing the right amount?

Answer choices:
1. Should be doing more 2. Should be doing less 3. Is doing the right amount

When answering, respond ONLY with a single number that corresponds to the option you choose. Do not include any additional text, punctuation or explanation.

My answer is
",1
fake_2519,2,99,3,1,65,1,1,"Today is November 5, 2024. Racially, I am black. Politically, I am an independent who leans Democratic. I attend church. I am 65 years old. I am a man. I am very interested in politics.. Question: Do you think the federal government should be doing more about the opioid drug addiction issue, should be doing less, or is it currently doing the right amount?

Answer choices:
1. Should be doing more 2. Should be doing less 3. Is doing the right amount

When answering, respond ONLY with a single number that corresponds to the option you choose. Do not include any additional text, punctuation or explanation.

My answer is
",1
fake_2520,1,4,5,2,51,2,4,"Today is November 5, 2024. Racially, I am white. Ideologically, I am moderate. Politically, I am an independent who leans Republican. I do not attend church. I am 51 years old. I am a woman. I am not at all interested in politics.. Question: Do you think the federal government should be doing more about the opioid drug addiction issue, should be doing less, or is it currently doing the right amount?

Answer choices:
1. Should be doing more 2. Should be doing less 3. Is doing the right amount

When answering, respond ONLY with a single number that corresponds to the option you choose. Do not include any additional text, punctuation or explanation.

My answer is
",1
fake_2521,1,2,2,2,80,2,2,"Today is November 5, 2024. Racially, I am white. Ideologically, I am liberal. Politically, I am a weak Democrat. I do not attend church. I am 80 years old. I am a woman. I am somewhat interested in politics.. Question: Do you think the federal government should be doing more about the opioid drug addiction issue, should be doing less, or is it currently doing the right amount?

Answer choices:
1. Should be doing more 2. Should be doing less 3. Is doing the right amount

When answering, respond ONLY with a single number that corresponds to the option you choose. Do not include any additional text, punctuation or explanation.

My answer is
",1
fake_2522,1,5,1,1,71,2,3,"Today is November 5, 2024. Racially, I am white. Ideologically, I am slightly conservative. Politically, I am a strong democrat. I attend church. I am 71 years old. I am a woman. I am not very interested in politics.. Question: Do you think the federal government should be doing more about the opioid drug addiction issue, should be doing less, or is it currently doing the right amount?

Answer choices:
1. Should be doing more 2. Should be doing less 3. Is doing the right amount

When answering, respond ONLY with a single number that corresponds to the option you choose. Do not include any additional text, punctuation or explanation.

My answer is
",1
fake_2523,1,4,6,2,30,2,3,"Today is November 5, 2024. Racially, I am white. Ideologically, I am moderate. Politically, I am a weak Republican. I do not attend church. I am 30 years old. I am a woman. I am not very interested in politics.. Question: Do you think the federal government should be doing more about the opioid drug addiction issue, should be doing less, or is it currently doing the right amount?

Answer choices:
1. Should be doing more 2. Should be doing less 3. Is doing the right amount

When answering, respond ONLY with a single number that corresponds to the option you choose. Do not include any additional text, punctuation or explanation.

My answer is
",1
fake_2524,2,4,2,2,-2,2,3,"Today is November 5, 2024. Racially, I am black. Ideologically, I am moderate. Politically, I am a weak Democrat. I do not attend church. I am a woman. I am not very interested in politics.. Question: Do you think the federal government should be doing more about the opioid drug addiction issue, should be doing less, or is it currently doing the right amount?

Answer choices:
1. Should be doing more 2. Should be doing less 3. Is doing the right amount

When answering, respond ONLY with a single number that corresponds to the option you choose. Do not include any additional text, punctuation or explanation.

My answer is
",1
fake_2525,3,6,2,1,46,1,2,"Today is November 5, 2024. Racially, I am hispanic. Ideologically, I am conservative. Politically, I am a weak Democrat. I attend church. I am 46 years old. I am a man. I am somewhat interested in politics.. Question: Do you think the federal government should be doing more about the opioid drug addiction issue, should be doing less, or is it currently doing the right amount?

Answer choices:
1. Should be doing more 2. Should be doing less 3. Is doing the right amount

When answering, respond ONLY with a single number that corresponds to the option you choose. Do not include any additional text, punctuation or explanation.

My answer is
",1
fake_2526,1,4,7,1,57,2,2,"Today is November 5, 2024. Racially, I am white. Ideologically, I am moderate. Politically, I am a strong Republican. I attend church. I am 57 years old. I am a woman. I am somewhat interested in politics.. Question: Do you think the federal government should be doing more about the opioid drug addiction issue, should be doing less, or is it currently doing the right amount?

Answer choices:
1. Should be doing more 2. Should be doing less 3. Is doing the right amount

When answering, respond ONLY with a single number that corresponds to the option you choose. Do not include any additional text, punctuation or explanation.

My answer is
",1
fake_2527,1,7,3,2,48,2,2,"Today is November 5, 2024. Racially, I am white. Ideologically, I am extremely conservative. Politically, I am an independent who leans Democratic. I do not attend church. I am 48 years old. I am a woman. I am somewhat interested in politics.. Question: Do you think the federal government should be doing more about the opioid drug addiction issue, should be doing less, or is it currently doing the right amount?

Answer choices:
1. Should be doing more 2. Should be doing less 3. Is doing the right amount

When answering, respond ONLY with a single number that corresponds to the option you choose. Do not include any additional text, punctuation or explanation.

My answer is
",1
fake_2528,1,3,3,2,71,2,4,"Today is November 5, 2024. Racially, I am white. Ideologically, I am slightly liberal. Politically, I am an independent who leans Democratic. I do not attend church. I am 71 years old. I am a woman. I am not at all interested in politics.. Question: Do you think the federal government should be doing more about the opioid drug addiction issue, should be doing less, or is it currently doing the right amount?

Answer choices:
1. Should be doing more 2. Should be doing less 3. Is doing the right amount

When answering, respond ONLY with a single number that corresponds to the option you choose. Do not include any additional text, punctuation or explanation.

My answer is
",1
fake_2529,4,99,1,2,64,2,2,"Today is November 5, 2024. Racially, I am asian. Politically, I am a strong democrat. I do not attend church. I am 64 years old. I am a woman. I am somewhat interested in politics.. Question: Do you think the federal government should be doing more about the opioid drug addiction issue, should be doing less, or is it currently doing the right amount?

Answer choices:
1. Should be doing more 2. Should be doing less 3. Is doing the right amount

When answering, respond ONLY with a single number that corresponds to the option you choose. Do not include any additional text, punctuation or explanation.

My answer is
",1
fake_2530,2,1,4,1,51,2,2,"Today is November 5, 2024. Racially, I am black. Ideologically, I am extremely liberal. Politically, I am an independent. I attend church. I am 51 years old. I am a woman. I am somewhat interested in politics.. Question: Do you think the federal government should be doing more about the opioid drug addiction issue, should be doing less, or is it currently doing the right amount?

Answer choices:
1. Should be doing more 2. Should be doing less 3. Is doing the right amount

When answering, respond ONLY with a single number that corresponds to the option you choose. Do not include any additional text, punctuation or explanation.

My answer is
",1
fake_2531,1,2,3,2,49,1,2,"Today is November 5, 2024. Racially, I am white. Ideologically, I am liberal. Politically, I am an independent who leans Democratic. I do not attend church. I am 49 years old. I am a man. I am somewhat interested in politics.. Question: Do you think the federal government should be doing more about the opioid drug addiction issue, should be doing less, or is it currently doing the right amount?

Answer choices:
1. Should be doing more 2. Should be doing less 3. Is doing the right amount

When answering, respond ONLY with a single number that corresponds to the option you choose. Do not include any additional text, punctuation or explanation.

My answer is
",1
fake_2532,3,6,5,2,68,2,3,"Today is November 5, 2024. Racially, I am hispanic. Ideologically, I am conservative. Politically, I am an independent who leans Republican. I do not attend church. I am 68 years old. I am a woman. I am not very interested in politics.. Question: Do you think the federal government should be doing more about the opioid drug addiction issue, should be doing less, or is it currently doing the right amount?

Answer choices:
1. Should be doing more 2. Should be doing less 3. Is doing the right amount

When answering, respond ONLY with a single number that corresponds to the option you choose. Do not include any additional text, punctuation or explanation.

My answer is
",1
fake_2533,1,4,3,1,34,1,2,"Today is November 5, 2024. Racially, I am white. Ideologically, I am moderate. Politically, I am an independent who leans Democratic. I attend church. I am 34 years old. I am a man. I am somewhat interested in politics.. Question: Do you think the federal government should be doing more about the opioid drug addiction issue, should be doing less, or is it currently doing the right amount?

Answer choices:
1. Should be doing more 2. Should be doing less 3. Is doing the right amount

When answering, respond ONLY with a single number that corresponds to the option you choose. Do not include any additional text, punctuation or explanation.

My answer is
",1
fake_2534,1,3,3,2,55,2,2,"Today is November 5, 2024. Racially, I am white. Ideologically, I am slightly liberal. Politically, I am an independent who leans Democratic. I do not attend church. I am 55 years old. I am a woman. I am somewhat interested in politics.. Question: Do you think the federal government should be doing more about the opioid drug addiction issue, should be doing less, or is it currently doing the right amount?

Answer choices:
1. Should be doing more 2. Should be doing less 3. Is doing the right amount

When answering, respond ONLY with a single number that corresponds to the option you choose. Do not include any additional text, punctuation or explanation.

My answer is
",1
fake_2535,2,4,1,2,41,2,-6,"Today is November 5, 2024. Racially, I am black. Ideologically, I am moderate. Politically, I am a strong democrat. I do not attend church. I am 41 years old. I am a woman.. Question: Do you think the federal government should be doing more about the opioid drug addiction issue, should be doing less, or is it currently doing the right amount?

Answer choices:
1. Should be doing more 2. Should be doing less 3. Is doing the right amount

When answering, respond ONLY with a single number that corresponds to the option you choose. Do not include any additional text, punctuation or explanation.

My answer is
",1
fake_2536,6,4,2,1,54,1,2,"Today is November 5, 2024. Ideologically, I am moderate. Politically, I am a weak Democrat. I attend church. I am 54 years old. I am a man. I am somewhat interested in politics.. Question: Do you think the federal government should be doing more about the opioid drug addiction issue, should be doing less, or is it currently doing the right amount?

Answer choices:
1. Should be doing more 2. Should be doing less 3. Is doing the right amount

When answering, respond ONLY with a single number that corresponds to the option you choose. Do not include any additional text, punctuation or explanation.

My answer is
",1
fake_2537,1,1,2,2,37,2,2,"Today is November 5, 2024. Racially, I am white. Ideologically, I am extremely liberal. Politically, I am a weak Democrat. I do not attend church. I am 37 years old. I am a woman. I am somewhat interested in politics.. Question: Do you think the federal government should be doing more about the opioid drug addiction issue, should be doing less, or is it currently doing the right amount?

Answer choices:
1. Should be doing more 2. Should be doing less 3. Is doing the right amount

When answering, respond ONLY with a single number that corresponds to the option you choose. Do not include any additional text, punctuation or explanation.

My answer is
",1
fake_2538,1,4,7,1,46,2,-5,"Today is November 5, 2024. Racially, I am white. Ideologically, I am moderate. Politically, I am a strong Republican. I attend church. I am 46 years old. I am a woman.. Question: Do you think the federal government should be doing more about the opioid drug addiction issue, should be doing less, or is it currently doing the right amount?

Answer choices:
1. Should be doing more 2. Should be doing less 3. Is doing the right amount

When answering, respond ONLY with a single number that corresponds to the option you choose. Do not include any additional text, punctuation or explanation.

My answer is
",1
fake_2539,1,99,7,2,80,1,-6,"Today is November 5, 2024. Racially, I am white. Politically, I am a strong Republican. I do not attend church. I am 80 years old. I am a man.. Question: Do you think the federal government should be doing more about the opioid drug addiction issue, should be doing less, or is it currently doing the right amount?

Answer choices:
1. Should be doing more 2. Should be doing less 3. Is doing the right amount

When answering, respond ONLY with a single number that corresponds to the option you choose. Do not include any additional text, punctuation or explanation.

My answer is
",1
fake_2540,1,99,2,1,32,2,2,"Today is November 5, 2024. Racially, I am white. Politically, I am a weak Democrat. I attend church. I am 32 years old. I am a woman. I am somewhat interested in politics.. Question: Do you think the federal government should be doing more about the opioid drug addiction issue, should be doing less, or is it currently doing the right amount?

Answer choices:
1. Should be doing more 2. Should be doing less 3. Is doing the right amount

When answering, respond ONLY with a single number that corresponds to the option you choose. Do not include any additional text, punctuation or explanation.

My answer is
",1
fake_2541,1,6,1,2,74,2,1,"Today is November 5, 2024. Racially, I am white. Ideologically, I am conservative. Politically, I am a strong democrat. I do not attend church. I am 74 years old. I am a woman. I am very interested in politics.. Question: Do you think the federal government should be doing more about the opioid drug addiction issue, should be doing less, or is it currently doing the right amount?

Answer choices:
1. Should be doing more 2. Should be doing less 3. Is doing the right amount

When answering, respond ONLY with a single number that corresponds to the option you choose. Do not include any additional text, punctuation or explanation.

My answer is
",1
fake_2542,1,3,7,1,32,1,2,"Today is November 5, 2024. Racially, I am white. Ideologically, I am slightly liberal. Politically, I am a strong Republican. I attend church. I am 32 years old. I am a man. I am somewhat interested in politics.. Question: Do you think the federal government should be doing more about the opioid drug addiction issue, should be doing less, or is it currently doing the right amount?

Answer choices:
1. Should be doing more 2. Should be doing less 3. Is doing the right amount

When answering, respond ONLY with a single number that corresponds to the option you choose. Do not include any additional text, punctuation or explanation.

My answer is
",1
fake_2543,1,7,1,2,53,1,1,"Today is November 5, 2024. Racially, I am white. Ideologically, I am extremely conservative. Politically, I am a strong democrat. I do not attend church. I am 53 years old. I am a man. I am very interested in politics.. Question: Do you think the federal government should be doing more about the opioid drug addiction issue, should be doing less, or is it currently doing the right amount?

Answer choices:
1. Should be doing more 2. Should be doing less 3. Is doing the right amount

When answering, respond ONLY with a single number that corresponds to the option you choose. Do not include any additional text, punctuation or explanation.

My answer is
",1
fake_2544,1,3,2,1,22,2,2,"Today is November 5, 2024. Racially, I am white. Ideologically, I am slightly liberal. Politically, I am a weak Democrat. I attend church. I am 22 years old. I am a woman. I am somewhat interested in politics.. Question: Do you think the federal government should be doing more about the opioid drug addiction issue, should be doing less, or is it currently doing the right amount?

Answer choices:
1. Should be doing more 2. Should be doing less 3. Is doing the right amount

When answering, respond ONLY with a single number that corresponds to the option you choose. Do not include any additional text, punctuation or explanation.

My answer is
",1
fake_2545,1,4,7,2,46,1,2,"Today is November 5, 2024. Racially, I am white. Ideologically, I am moderate. Politically, I am a strong Republican. I do not attend church. I am 46 years old. I am a man. I am somewhat interested in politics.. Question: Do you think the federal government should be doing more about the opioid drug addiction issue, should be doing less, or is it currently doing the right amount?

Answer choices:
1. Should be doing more 2. Should be doing less 3. Is doing the right amount

When answering, respond ONLY with a single number that corresponds to the option you choose. Do not include any additional text, punctuation or explanation.

My answer is
",1
fake_2546,1,99,2,1,61,1,1,"Today is November 5, 2024. Racially, I am white. Politically, I am a weak Democrat. I attend church. I am 61 years old. I am a man. I am very interested in politics.. Question: Do you think the federal government should be doing more about the opioid drug addiction issue, should be doing less, or is it currently doing the right amount?

Answer choices:
1. Should be doing more 2. Should be doing less 3. Is doing the right amount

When answering, respond ONLY with a single number that corresponds to the option you choose. Do not include any additional text, punctuation or explanation.

My answer is
",1
fake_2547,1,-9,5,2,29,2,3,"Today is November 5, 2024. Racially, I am white. Politically, I am an independent who leans Republican. I do not attend church. I am 29 years old. I am a woman. I am not very interested in politics.. Question: Do you think the federal government should be doing more about the opioid drug addiction issue, should be doing less, or is it currently doing the right amount?

Answer choices:
1. Should be doing more 2. Should be doing less 3. Is doing the right amount

When answering, respond ONLY with a single number that corresponds to the option you choose. Do not include any additional text, punctuation or explanation.

My answer is
",1
fake_2548,4,4,6,2,80,2,4,"Today is November 5, 2024. Racially, I am asian. Ideologically, I am moderate. Politically, I am a weak Republican. I do not attend church. I am 80 years old. I am a woman. I am not at all interested in politics.. Question: Do you think the federal government should be doing more about the opioid drug addiction issue, should be doing less, or is it currently doing the right amount?

Answer choices:
1. Should be doing more 2. Should be doing less 3. Is doing the right amount

When answering, respond ONLY with a single number that corresponds to the option you choose. Do not include any additional text, punctuation or explanation.

My answer is
",1
fake_2549,4,3,1,2,63,1,2,"Today is November 5, 2024. Racially, I am asian. Ideologically, I am slightly liberal. Politically, I am a strong democrat. I do not attend church. I am 63 years old. I am a man. I am somewhat interested in politics.. Question: Do you think the federal government should be doing more about the opioid drug addiction issue, should be doing less, or is it currently doing the right amount?

Answer choices:
1. Should be doing more 2. Should be doing less 3. Is doing the right amount

When answering, respond ONLY with a single number that corresponds to the option you choose. Do not include any additional text, punctuation or explanation.

My answer is
",1
fake_2550,1,99,1,2,75,2,-6,"Today is November 5, 2024. Racially, I am white. Politically, I am a strong democrat. I do not attend church. I am 75 years old. I am a woman.. Question: Do you think the federal government should be doing more about the opioid drug addiction issue, should be doing less, or is it currently doing the right amount?

Answer choices:
1. Should be doing more 2. Should be doing less 3. Is doing the right amount

When answering, respond ONLY with a single number that corresponds to the option you choose. Do not include any additional text, punctuation or explanation.

My answer is
",1
fake_2551,1,6,7,1,59,2,2,"Today is November 5, 2024. Racially, I am white. Ideologically, I am conservative. Politically, I am a strong Republican. I attend church. I am 59 years old. I am a woman. I am somewhat interested in politics.. Question: Do you think the federal government should be doing more about the opioid drug addiction issue, should be doing less, or is it currently doing the right amount?

Answer choices:
1. Should be doing more 2. Should be doing less 3. Is doing the right amount

When answering, respond ONLY with a single number that corresponds to the option you choose. Do not include any additional text, punctuation or explanation.

My answer is
",1
fake_2552,2,4,1,2,39,2,4,"Today is November 5, 2024. Racially, I am black. Ideologically, I am moderate. Politically, I am a strong democrat. I do not attend church. I am 39 years old. I am a woman. I am not at all interested in politics.. Question: Do you think the federal government should be doing more about the opioid drug addiction issue, should be doing less, or is it currently doing the right amount?

Answer choices:
1. Should be doing more 2. Should be doing less 3. Is doing the right amount

When answering, respond ONLY with a single number that corresponds to the option you choose. Do not include any additional text, punctuation or explanation.

My answer is
",1
fake_2553,1,6,5,2,25,2,2,"Today is November 5, 2024. Racially, I am white. Ideologically, I am conservative. Politically, I am an independent who leans Republican. I do not attend church. I am 25 years old. I am a woman. I am somewhat interested in politics.. Question: Do you think the federal government should be doing more about the opioid drug addiction issue, should be doing less, or is it currently doing the right amount?

Answer choices:
1. Should be doing more 2. Should be doing less 3. Is doing the right amount

When answering, respond ONLY with a single number that corresponds to the option you choose. Do not include any additional text, punctuation or explanation.

My answer is
",1
fake_2554,3,6,2,2,72,2,3,"Today is November 5, 2024. Racially, I am hispanic. Ideologically, I am conservative. Politically, I am a weak Democrat. I do not attend church. I am 72 years old. I am a woman. I am not very interested in politics.. Question: Do you think the federal government should be doing more about the opioid drug addiction issue, should be doing less, or is it currently doing the right amount?

Answer choices:
1. Should be doing more 2. Should be doing less 3. Is doing the right amount

When answering, respond ONLY with a single number that corresponds to the option you choose. Do not include any additional text, punctuation or explanation.

My answer is
",1
fake_2555,1,3,3,1,25,1,1,"Today is November 5, 2024. Racially, I am white. Ideologically, I am slightly liberal. Politically, I am an independent who leans Democratic. I attend church. I am 25 years old. I am a man. I am very interested in politics.. Question: Do you think the federal government should be doing more about the opioid drug addiction issue, should be doing less, or is it currently doing the right amount?

Answer choices:
1. Should be doing more 2. Should be doing less 3. Is doing the right amount

When answering, respond ONLY with a single number that corresponds to the option you choose. Do not include any additional text, punctuation or explanation.

My answer is
",1
fake_2556,1,4,1,2,50,2,1,"Today is November 5, 2024. Racially, I am white. Ideologically, I am moderate. Politically, I am a strong democrat. I do not attend church. I am 50 years old. I am a woman. I am very interested in politics.. Question: Do you think the federal government should be doing more about the opioid drug addiction issue, should be doing less, or is it currently doing the right amount?

Answer choices:
1. Should be doing more 2. Should be doing less 3. Is doing the right amount

When answering, respond ONLY with a single number that corresponds to the option you choose. Do not include any additional text, punctuation or explanation.

My answer is
",1
fake_2557,1,2,1,2,40,1,-9,"Today is November 5, 2024. Racially, I am white. Ideologically, I am liberal. Politically, I am a strong democrat. I do not attend church. I am 40 years old. I am a man.. Question: Do you think the federal government should be doing more about the opioid drug addiction issue, should be doing less, or is it currently doing the right amount?

Answer choices:
1. Should be doing more 2. Should be doing less 3. Is doing the right amount

When answering, respond ONLY with a single number that corresponds to the option you choose. Do not include any additional text, punctuation or explanation.

My answer is
",1
fake_2558,1,4,5,1,80,2,3,"Today is November 5, 2024. Racially, I am white. Ideologically, I am moderate. Politically, I am an independent who leans Republican. I attend church. I am 80 years old. I am a woman. I am not very interested in politics.. Question: Do you think the federal government should be doing more about the opioid drug addiction issue, should be doing less, or is it currently doing the right amount?

Answer choices:
1. Should be doing more 2. Should be doing less 3. Is doing the right amount

When answering, respond ONLY with a single number that corresponds to the option you choose. Do not include any additional text, punctuation or explanation.

My answer is
",1
fake_2559,4,6,1,1,49,2,2,"Today is November 5, 2024. Racially, I am asian. Ideologically, I am conservative. Politically, I am a strong democrat. I attend church. I am 49 years old. I am a woman. I am somewhat interested in politics.. Question: Do you think the federal government should be doing more about the opioid drug addiction issue, should be doing less, or is it currently doing the right amount?

Answer choices:
1. Should be doing more 2. Should be doing less 3. Is doing the right amount

When answering, respond ONLY with a single number that corresponds to the option you choose. Do not include any additional text, punctuation or explanation.

My answer is
",1
fake_2560,1,2,1,2,68,2,4,"Today is November 5, 2024. Racially, I am white. Ideologically, I am liberal. Politically, I am a strong democrat. I do not attend church. I am 68 years old. I am a woman. I am not at all interested in politics.. Question: Do you think the federal government should be doing more about the opioid drug addiction issue, should be doing less, or is it currently doing the right amount?

Answer choices:
1. Should be doing more 2. Should be doing less 3. Is doing the right amount

When answering, respond ONLY with a single number that corresponds to the option you choose. Do not include any additional text, punctuation or explanation.

My answer is
",1
fake_2561,1,2,1,2,71,1,2,"Today is November 5, 2024. Racially, I am white. Ideologically, I am liberal. Politically, I am a strong democrat. I do not attend church. I am 71 years old. I am a man. I am somewhat interested in politics.. Question: Do you think the federal government should be doing more about the opioid drug addiction issue, should be doing less, or is it currently doing the right amount?

Answer choices:
1. Should be doing more 2. Should be doing less 3. Is doing the right amount

When answering, respond ONLY with a single number that corresponds to the option you choose. Do not include any additional text, punctuation or explanation.

My answer is
",1
fake_2562,6,6,3,2,33,1,2,"Today is November 5, 2024. Ideologically, I am conservative. Politically, I am an independent who leans Democratic. I do not attend church. I am 33 years old. I am a man. I am somewhat interested in politics.. Question: Do you think the federal government should be doing more about the opioid drug addiction issue, should be doing less, or is it currently doing the right amount?

Answer choices:
1. Should be doing more 2. Should be doing less 3. Is doing the right amount

When answering, respond ONLY with a single number that corresponds to the option you choose. Do not include any additional text, punctuation or explanation.

My answer is
",1
fake_2563,1,6,7,1,43,2,2,"Today is November 5, 2024. Racially, I am white. Ideologically, I am conservative. Politically, I am a strong Republican. I attend church. I am 43 years old. I am a woman. I am somewhat interested in politics.. Question: Do you think the federal government should be doing more about the opioid drug addiction issue, should be doing less, or is it currently doing the right amount?

Answer choices:
1. Should be doing more 2. Should be doing less 3. Is doing the right amount

When answering, respond ONLY with a single number that corresponds to the option you choose. Do not include any additional text, punctuation or explanation.

My answer is
",1
fake_2564,2,7,6,1,29,2,-5,"Today is November 5, 2024. Racially, I am black. Ideologically, I am extremely conservative. Politically, I am a weak Republican. I attend church. I am 29 years old. I am a woman.. Question: Do you think the federal government should be doing more about the opioid drug addiction issue, should be doing less, or is it currently doing the right amount?

Answer choices:
1. Should be doing more 2. Should be doing less 3. Is doing the right amount

When answering, respond ONLY with a single number that corresponds to the option you choose. Do not include any additional text, punctuation or explanation.

My answer is
",1
fake_2565,4,7,7,2,64,2,2,"Today is November 5, 2024. Racially, I am asian. Ideologically, I am extremely conservative. Politically, I am a strong Republican. I do not attend church. I am 64 years old. I am a woman. I am somewhat interested in politics.. Question: Do you think the federal government should be doing more about the opioid drug addiction issue, should be doing less, or is it currently doing the right amount?

Answer choices:
1. Should be doing more 2. Should be doing less 3. Is doing the right amount

When answering, respond ONLY with a single number that corresponds to the option you choose. Do not include any additional text, punctuation or explanation.

My answer is
",2
fake_2566,1,7,4,2,45,2,4,"Today is November 5, 2024. Racially, I am white. Ideologically, I am extremely conservative. Politically, I am an independent. I do not attend church. I am 45 years old. I am a woman. I am not at all interested in politics.. Question: Do you think the federal government should be doing more about the opioid drug addiction issue, should be doing less, or is it currently doing the right amount?

Answer choices:
1. Should be doing more 2. Should be doing less 3. Is doing the right amount

When answering, respond ONLY with a single number that corresponds to the option you choose. Do not include any additional text, punctuation or explanation.

My answer is
",1
fake_2567,1,4,6,1,33,2,2,"Today is November 5, 2024. Racially, I am white. Ideologically, I am moderate. Politically, I am a weak Republican. I attend church. I am 33 years old. I am a woman. I am somewhat interested in politics.. Question: Do you think the federal government should be doing more about the opioid drug addiction issue, should be doing less, or is it currently doing the right amount?

Answer choices:
1. Should be doing more 2. Should be doing less 3. Is doing the right amount

When answering, respond ONLY with a single number that corresponds to the option you choose. Do not include any additional text, punctuation or explanation.

My answer is
",1
fake_2568,2,4,5,2,-2,2,2,"Today is November 5, 2024. Racially, I am black. Ideologically, I am moderate. Politically, I am an independent who leans Republican. I do not attend church. I am a woman. I am somewhat interested in politics.. Question: Do you think the federal government should be doing more about the opioid drug addiction issue, should be doing less, or is it currently doing the right amount?

Answer choices:
1. Should be doing more 2. Should be doing less 3. Is doing the right amount

When answering, respond ONLY with a single number that corresponds to the option you choose. Do not include any additional text, punctuation or explanation.

My answer is
",1
fake_2569,1,2,1,1,55,2,2,"Today is November 5, 2024. Racially, I am white. Ideologically, I am liberal. Politically, I am a strong democrat. I attend church. I am 55 years old. I am a woman. I am somewhat interested in politics.. Question: Do you think the federal government should be doing more about the opioid drug addiction issue, should be doing less, or is it currently doing the right amount?

Answer choices:
1. Should be doing more 2. Should be doing less 3. Is doing the right amount

When answering, respond ONLY with a single number that corresponds to the option you choose. Do not include any additional text, punctuation or explanation.

My answer is
",1
fake_2570,3,4,7,1,80,1,3,"Today is November 5, 2024. Racially, I am hispanic. Ideologically, I am moderate. Politically, I am a strong Republican. I attend church. I am 80 years old. I am a man. I am not very interested in politics.. Question: Do you think the federal government should be doing more about the opioid drug addiction issue, should be doing less, or is it currently doing the right amount?

Answer choices:
1. Should be doing more 2. Should be doing less 3. Is doing the right amount

When answering, respond ONLY with a single number that corresponds to the option you choose. Do not include any additional text, punctuation or explanation.

My answer is
",1
fake_2571,1,4,5,1,33,1,3,"Today is November 5, 2024. Racially, I am white. Ideologically, I am moderate. Politically, I am an independent who leans Republican. I attend church. I am 33 years old. I am a man. I am not very interested in politics.. Question: Do you think the federal government should be doing more about the opioid drug addiction issue, should be doing less, or is it currently doing the right amount?

Answer choices:
1. Should be doing more 2. Should be doing less 3. Is doing the right amount

When answering, respond ONLY with a single number that corresponds to the option you choose. Do not include any additional text, punctuation or explanation.

My answer is
",1
fake_2572,2,3,3,2,79,2,2,"Today is November 5, 2024. Racially, I am black. Ideologically, I am slightly liberal. Politically, I am an independent who leans Democratic. I do not attend church. I am 79 years old. I am a woman. I am somewhat interested in politics.. Question: Do you think the federal government should be doing more about the opioid drug addiction issue, should be doing less, or is it currently doing the right amount?

Answer choices:
1. Should be doing more 2. Should be doing less 3. Is doing the right amount

When answering, respond ONLY with a single number that corresponds to the option you choose. Do not include any additional text, punctuation or explanation.

My answer is
",1
fake_2573,2,6,1,1,40,1,2,"Today is November 5, 2024. Racially, I am black. Ideologically, I am conservative. Politically, I am a strong democrat. I attend church. I am 40 years old. I am a man. I am somewhat interested in politics.. Question: Do you think the federal government should be doing more about the opioid drug addiction issue, should be doing less, or is it currently doing the right amount?

Answer choices:
1. Should be doing more 2. Should be doing less 3. Is doing the right amount

When answering, respond ONLY with a single number that corresponds to the option you choose. Do not include any additional text, punctuation or explanation.

My answer is
",1
fake_2574,1,2,5,2,49,1,-6,"Today is November 5, 2024. Racially, I am white. Ideologically, I am liberal. Politically, I am an independent who leans Republican. I do not attend church. I am 49 years old. I am a man.. Question: Do you think the federal government should be doing more about the opioid drug addiction issue, should be doing less, or is it currently doing the right amount?

Answer choices:
1. Should be doing more 2. Should be doing less 3. Is doing the right amount

When answering, respond ONLY with a single number that corresponds to the option you choose. Do not include any additional text, punctuation or explanation.

My answer is
",1
fake_2575,6,4,3,1,67,2,2,"Today is November 5, 2024. Ideologically, I am moderate. Politically, I am an independent who leans Democratic. I attend church. I am 67 years old. I am a woman. I am somewhat interested in politics.. Question: Do you think the federal government should be doing more about the opioid drug addiction issue, should be doing less, or is it currently doing the right amount?

Answer choices:
1. Should be doing more 2. Should be doing less 3. Is doing the right amount

When answering, respond ONLY with a single number that corresponds to the option you choose. Do not include any additional text, punctuation or explanation.

My answer is
",1
fake_2576,1,2,5,2,67,1,1,"Today is November 5, 2024. Racially, I am white. Ideologically, I am liberal. Politically, I am an independent who leans Republican. I do not attend church. I am 67 years old. I am a man. I am very interested in politics.. Question: Do you think the federal government should be doing more about the opioid drug addiction issue, should be doing less, or is it currently doing the right amount?

Answer choices:
1. Should be doing more 2. Should be doing less 3. Is doing the right amount

When answering, respond ONLY with a single number that corresponds to the option you choose. Do not include any additional text, punctuation or explanation.

My answer is
",1
fake_2577,1,6,1,1,22,2,2,"Today is November 5, 2024. Racially, I am white. Ideologically, I am conservative. Politically, I am a strong democrat. I attend church. I am 22 years old. I am a woman. I am somewhat interested in politics.. Question: Do you think the federal government should be doing more about the opioid drug addiction issue, should be doing less, or is it currently doing the right amount?

Answer choices:
1. Should be doing more 2. Should be doing less 3. Is doing the right amount

When answering, respond ONLY with a single number that corresponds to the option you choose. Do not include any additional text, punctuation or explanation.

My answer is
",1
fake_2578,1,6,3,-1,43,2,1,"Today is November 5, 2024. Racially, I am white. Ideologically, I am conservative. Politically, I am an independent who leans Democratic. I am 43 years old. I am a woman. I am very interested in politics.. Question: Do you think the federal government should be doing more about the opioid drug addiction issue, should be doing less, or is it currently doing the right amount?

Answer choices:
1. Should be doing more 2. Should be doing less 3. Is doing the right amount

When answering, respond ONLY with a single number that corresponds to the option you choose. Do not include any additional text, punctuation or explanation.

My answer is
",1
fake_2579,2,4,7,2,50,2,1,"Today is November 5, 2024. Racially, I am black. Ideologically, I am moderate. Politically, I am a strong Republican. I do not attend church. I am 50 years old. I am a woman. I am very interested in politics.. Question: Do you think the federal government should be doing more about the opioid drug addiction issue, should be doing less, or is it currently doing the right amount?

Answer choices:
1. Should be doing more 2. Should be doing less 3. Is doing the right amount

When answering, respond ONLY with a single number that corresponds to the option you choose. Do not include any additional text, punctuation or explanation.

My answer is
",1
fake_2580,1,3,4,1,44,2,1,"Today is November 5, 2024. Racially, I am white. Ideologically, I am slightly liberal. Politically, I am an independent. I attend church. I am 44 years old. I am a woman. I am very interested in politics.. Question: Do you think the federal government should be doing more about the opioid drug addiction issue, should be doing less, or is it currently doing the right amount?

Answer choices:
1. Should be doing more 2. Should be doing less 3. Is doing the right amount

When answering, respond ONLY with a single number that corresponds to the option you choose. Do not include any additional text, punctuation or explanation.

My answer is
",1
fake_2581,1,4,3,1,39,1,-6,"Today is November 5, 2024. Racially, I am white. Ideologically, I am moderate. Politically, I am an independent who leans Democratic. I attend church. I am 39 years old. I am a man.. Question: Do you think the federal government should be doing more about the opioid drug addiction issue, should be doing less, or is it currently doing the right amount?

Answer choices:
1. Should be doing more 2. Should be doing less 3. Is doing the right amount

When answering, respond ONLY with a single number that corresponds to the option you choose. Do not include any additional text, punctuation or explanation.

My answer is
",1
fake_2582,3,99,1,1,63,2,2,"Today is November 5, 2024. Racially, I am hispanic. Politically, I am a strong democrat. I attend church. I am 63 years old. I am a woman. I am somewhat interested in politics.. Question: Do you think the federal government should be doing more about the opioid drug addiction issue, should be doing less, or is it currently doing the right amount?

Answer choices:
1. Should be doing more 2. Should be doing less 3. Is doing the right amount

When answering, respond ONLY with a single number that corresponds to the option you choose. Do not include any additional text, punctuation or explanation.

My answer is
",1
fake_2583,1,3,7,1,71,1,1,"Today is November 5, 2024. Racially, I am white. Ideologically, I am slightly liberal. Politically, I am a strong Republican. I attend church. I am 71 years old. I am a man. I am very interested in politics.. Question: Do you think the federal government should be doing more about the opioid drug addiction issue, should be doing less, or is it currently doing the right amount?

Answer choices:
1. Should be doing more 2. Should be doing less 3. Is doing the right amount

When answering, respond ONLY with a single number that corresponds to the option you choose. Do not include any additional text, punctuation or explanation.

My answer is
",1
fake_2584,6,2,6,2,65,2,2,"Today is November 5, 2024. Ideologically, I am liberal. Politically, I am a weak Republican. I do not attend church. I am 65 years old. I am a woman. I am somewhat interested in politics.. Question: Do you think the federal government should be doing more about the opioid drug addiction issue, should be doing less, or is it currently doing the right amount?

Answer choices:
1. Should be doing more 2. Should be doing less 3. Is doing the right amount

When answering, respond ONLY with a single number that corresponds to the option you choose. Do not include any additional text, punctuation or explanation.

My answer is
",1
fake_2585,2,2,3,1,53,1,1,"Today is November 5, 2024. Racially, I am black. Ideologically, I am liberal. Politically, I am an independent who leans Democratic. I attend church. I am 53 years old. I am a man. I am very interested in politics.. Question: Do you think the federal government should be doing more about the opioid drug addiction issue, should be doing less, or is it currently doing the right amount?

Answer choices:
1. Should be doing more 2. Should be doing less 3. Is doing the right amount

When answering, respond ONLY with a single number that corresponds to the option you choose. Do not include any additional text, punctuation or explanation.

My answer is
",1
fake_2586,1,99,5,2,43,1,2,"Today is November 5, 2024. Racially, I am white. Politically, I am an independent who leans Republican. I do not attend church. I am 43 years old. I am a man. I am somewhat interested in politics.. Question: Do you think the federal government should be doing more about the opioid drug addiction issue, should be doing less, or is it currently doing the right amount?

Answer choices:
1. Should be doing more 2. Should be doing less 3. Is doing the right amount

When answering, respond ONLY with a single number that corresponds to the option you choose. Do not include any additional text, punctuation or explanation.

My answer is
",1
fake_2587,1,4,7,1,68,2,2,"Today is November 5, 2024. Racially, I am white. Ideologically, I am moderate. Politically, I am a strong Republican. I attend church. I am 68 years old. I am a woman. I am somewhat interested in politics.. Question: Do you think the federal government should be doing more about the opioid drug addiction issue, should be doing less, or is it currently doing the right amount?

Answer choices:
1. Should be doing more 2. Should be doing less 3. Is doing the right amount

When answering, respond ONLY with a single number that corresponds to the option you choose. Do not include any additional text, punctuation or explanation.

My answer is
",1
fake_2588,1,1,2,1,47,2,3,"Today is November 5, 2024. Racially, I am white. Ideologically, I am extremely liberal. Politically, I am a weak Democrat. I attend church. I am 47 years old. I am a woman. I am not very interested in politics.. Question: Do you think the federal government should be doing more about the opioid drug addiction issue, should be doing less, or is it currently doing the right amount?

Answer choices:
1. Should be doing more 2. Should be doing less 3. Is doing the right amount

When answering, respond ONLY with a single number that corresponds to the option you choose. Do not include any additional text, punctuation or explanation.

My answer is
",1
fake_2589,2,4,3,-1,80,2,1,"Today is November 5, 2024. Racially, I am black. Ideologically, I am moderate. Politically, I am an independent who leans Democratic. I am 80 years old. I am a woman. I am very interested in politics.. Question: Do you think the federal government should be doing more about the opioid drug addiction issue, should be doing less, or is it currently doing the right amount?

Answer choices:
1. Should be doing more 2. Should be doing less 3. Is doing the right amount

When answering, respond ONLY with a single number that corresponds to the option you choose. Do not include any additional text, punctuation or explanation.

My answer is
",1
fake_2590,3,99,3,1,80,2,4,"Today is November 5, 2024. Racially, I am hispanic. Politically, I am an independent who leans Democratic. I attend church. I am 80 years old. I am a woman. I am not at all interested in politics.. Question: Do you think the federal government should be doing more about the opioid drug addiction issue, should be doing less, or is it currently doing the right amount?

Answer choices:
1. Should be doing more 2. Should be doing less 3. Is doing the right amount

When answering, respond ONLY with a single number that corresponds to the option you choose. Do not include any additional text, punctuation or explanation.

My answer is
",1
fake_2591,4,4,5,1,77,1,1,"Today is November 5, 2024. Racially, I am asian. Ideologically, I am moderate. Politically, I am an independent who leans Republican. I attend church. I am 77 years old. I am a man. I am very interested in politics.. Question: Do you think the federal government should be doing more about the opioid drug addiction issue, should be doing less, or is it currently doing the right amount?

Answer choices:
1. Should be doing more 2. Should be doing less 3. Is doing the right amount

When answering, respond ONLY with a single number that corresponds to the option you choose. Do not include any additional text, punctuation or explanation.

My answer is
",1
fake_2592,1,6,5,2,68,1,3,"Today is November 5, 2024. Racially, I am white. Ideologically, I am conservative. Politically, I am an independent who leans Republican. I do not attend church. I am 68 years old. I am a man. I am not very interested in politics.. Question: Do you think the federal government should be doing more about the opioid drug addiction issue, should be doing less, or is it currently doing the right amount?

Answer choices:
1. Should be doing more 2. Should be doing less 3. Is doing the right amount

When answering, respond ONLY with a single number that corresponds to the option you choose. Do not include any additional text, punctuation or explanation.

My answer is
",1
fake_2593,1,2,1,1,34,1,1,"Today is November 5, 2024. Racially, I am white. Ideologically, I am liberal. Politically, I am a strong democrat. I attend church. I am 34 years old. I am a man. I am very interested in politics.. Question: Do you think the federal government should be doing more about the opioid drug addiction issue, should be doing less, or is it currently doing the right amount?

Answer choices:
1. Should be doing more 2. Should be doing less 3. Is doing the right amount

When answering, respond ONLY with a single number that corresponds to the option you choose. Do not include any additional text, punctuation or explanation.

My answer is
",1
fake_2594,1,3,6,2,64,2,2,"Today is November 5, 2024. Racially, I am white. Ideologically, I am slightly liberal. Politically, I am a weak Republican. I do not attend church. I am 64 years old. I am a woman. I am somewhat interested in politics.. Question: Do you think the federal government should be doing more about the opioid drug addiction issue, should be doing less, or is it currently doing the right amount?

Answer choices:
1. Should be doing more 2. Should be doing less 3. Is doing the right amount

When answering, respond ONLY with a single number that corresponds to the option you choose. Do not include any additional text, punctuation or explanation.

My answer is
",1
fake_2595,1,2,5,1,41,2,3,"Today is November 5, 2024. Racially, I am white. Ideologically, I am liberal. Politically, I am an independent who leans Republican. I attend church. I am 41 years old. I am a woman. I am not very interested in politics.. Question: Do you think the federal government should be doing more about the opioid drug addiction issue, should be doing less, or is it currently doing the right amount?

Answer choices:
1. Should be doing more 2. Should be doing less 3. Is doing the right amount

When answering, respond ONLY with a single number that corresponds to the option you choose. Do not include any additional text, punctuation or explanation.

My answer is
",1
fake_2596,1,99,7,1,27,2,-6,"Today is November 5, 2024. Racially, I am white. Politically, I am a strong Republican. I attend church. I am 27 years old. I am a woman.. Question: Do you think the federal government should be doing more about the opioid drug addiction issue, should be doing less, or is it currently doing the right amount?

Answer choices:
1. Should be doing more 2. Should be doing less 3. Is doing the right amount

When answering, respond ONLY with a single number that corresponds to the option you choose. Do not include any additional text, punctuation or explanation.

My answer is
",1
fake_2597,1,3,3,2,21,2,2,"Today is November 5, 2024. Racially, I am white. Ideologically, I am slightly liberal. Politically, I am an independent who leans Democratic. I do not attend church. I am 21 years old. I am a woman. I am somewhat interested in politics.. Question: Do you think the federal government should be doing more about the opioid drug addiction issue, should be doing less, or is it currently doing the right amount?

Answer choices:
1. Should be doing more 2. Should be doing less 3. Is doing the right amount

When answering, respond ONLY with a single number that corresponds to the option you choose. Do not include any additional text, punctuation or explanation.

My answer is
",1
fake_2598,1,2,5,-1,80,1,1,"Today is November 5, 2024. Racially, I am white. Ideologically, I am liberal. Politically, I am an independent who leans Republican. I am 80 years old. I am a man. I am very interested in politics.. Question: Do you think the federal government should be doing more about the opioid drug addiction issue, should be doing less, or is it currently doing the right amount?

Answer choices:
1. Should be doing more 2. Should be doing less 3. Is doing the right amount

When answering, respond ONLY with a single number that corresponds to the option you choose. Do not include any additional text, punctuation or explanation.

My answer is
",1
fake_2599,1,99,5,1,42,1,2,"Today is November 5, 2024. Racially, I am white. Politically, I am an independent who leans Republican. I attend church. I am 42 years old. I am a man. I am somewhat interested in politics.. Question: Do you think the federal government should be doing more about the opioid drug addiction issue, should be doing less, or is it currently doing the right amount?

Answer choices:
1. Should be doing more 2. Should be doing less 3. Is doing the right amount

When answering, respond ONLY with a single number that corresponds to the option you choose. Do not include any additional text, punctuation or explanation.

My answer is
",1
fake_2600,3,4,7,2,64,1,2,"Today is November 5, 2024. Racially, I am hispanic. Ideologically, I am moderate. Politically, I am a strong Republican. I do not attend church. I am 64 years old. I am a man. I am somewhat interested in politics.. Question: Do you think the federal government should be doing more about the opioid drug addiction issue, should be doing less, or is it currently doing the right amount?

Answer choices:
1. Should be doing more 2. Should be doing less 3. Is doing the right amount

When answering, respond ONLY with a single number that corresponds to the option you choose. Do not include any additional text, punctuation or explanation.

My answer is
",1
fake_2601,1,6,2,2,61,1,3,"Today is November 5, 2024. Racially, I am white. Ideologically, I am conservative. Politically, I am a weak Democrat. I do not attend church. I am 61 years old. I am a man. I am not very interested in politics.. Question: Do you think the federal government should be doing more about the opioid drug addiction issue, should be doing less, or is it currently doing the right amount?

Answer choices:
1. Should be doing more 2. Should be doing less 3. Is doing the right amount

When answering, respond ONLY with a single number that corresponds to the option you choose. Do not include any additional text, punctuation or explanation.

My answer is
",1
fake_2602,1,4,1,1,65,2,3,"Today is November 5, 2024. Racially, I am white. Ideologically, I am moderate. Politically, I am a strong democrat. I attend church. I am 65 years old. I am a woman. I am not very interested in politics.. Question: Do you think the federal government should be doing more about the opioid drug addiction issue, should be doing less, or is it currently doing the right amount?

Answer choices:
1. Should be doing more 2. Should be doing less 3. Is doing the right amount

When answering, respond ONLY with a single number that corresponds to the option you choose. Do not include any additional text, punctuation or explanation.

My answer is
",1
fake_2603,1,5,7,2,48,1,2,"Today is November 5, 2024. Racially, I am white. Ideologically, I am slightly conservative. Politically, I am a strong Republican. I do not attend church. I am 48 years old. I am a man. I am somewhat interested in politics.. Question: Do you think the federal government should be doing more about the opioid drug addiction issue, should be doing less, or is it currently doing the right amount?

Answer choices:
1. Should be doing more 2. Should be doing less 3. Is doing the right amount

When answering, respond ONLY with a single number that corresponds to the option you choose. Do not include any additional text, punctuation or explanation.

My answer is
",1
fake_2604,1,99,1,2,-2,1,3,"Today is November 5, 2024. Racially, I am white. Politically, I am a strong democrat. I do not attend church. I am a man. I am not very interested in politics.. Question: Do you think the federal government should be doing more about the opioid drug addiction issue, should be doing less, or is it currently doing the right amount?

Answer choices:
1. Should be doing more 2. Should be doing less 3. Is doing the right amount

When answering, respond ONLY with a single number that corresponds to the option you choose. Do not include any additional text, punctuation or explanation.

My answer is
",1
fake_2605,2,2,1,2,28,1,3,"Today is November 5, 2024. Racially, I am black. Ideologically, I am liberal. Politically, I am a strong democrat. I do not attend church. I am 28 years old. I am a man. I am not very interested in politics.. Question: Do you think the federal government should be doing more about the opioid drug addiction issue, should be doing less, or is it currently doing the right amount?

Answer choices:
1. Should be doing more 2. Should be doing less 3. Is doing the right amount

When answering, respond ONLY with a single number that corresponds to the option you choose. Do not include any additional text, punctuation or explanation.

My answer is
",1
fake_2606,1,4,3,2,54,1,-6,"Today is November 5, 2024. Racially, I am white. Ideologically, I am moderate. Politically, I am an independent who leans Democratic. I do not attend church. I am 54 years old. I am a man.. Question: Do you think the federal government should be doing more about the opioid drug addiction issue, should be doing less, or is it currently doing the right amount?

Answer choices:
1. Should be doing more 2. Should be doing less 3. Is doing the right amount

When answering, respond ONLY with a single number that corresponds to the option you choose. Do not include any additional text, punctuation or explanation.

My answer is
",1
fake_2607,2,6,2,2,67,2,2,"Today is November 5, 2024. Racially, I am black. Ideologically, I am conservative. Politically, I am a weak Democrat. I do not attend church. I am 67 years old. I am a woman. I am somewhat interested in politics.. Question: Do you think the federal government should be doing more about the opioid drug addiction issue, should be doing less, or is it currently doing the right amount?

Answer choices:
1. Should be doing more 2. Should be doing less 3. Is doing the right amount

When answering, respond ONLY with a single number that corresponds to the option you choose. Do not include any additional text, punctuation or explanation.

My answer is
",1
fake_2608,1,6,7,2,-2,1,2,"Today is November 5, 2024. Racially, I am white. Ideologically, I am conservative. Politically, I am a strong Republican. I do not attend church. I am a man. I am somewhat interested in politics.. Question: Do you think the federal government should be doing more about the opioid drug addiction issue, should be doing less, or is it currently doing the right amount?

Answer choices:
1. Should be doing more 2. Should be doing less 3. Is doing the right amount

When answering, respond ONLY with a single number that corresponds to the option you choose. Do not include any additional text, punctuation or explanation.

My answer is
",1
fake_2609,-9,5,1,2,61,1,2,"Today is November 5, 2024. Ideologically, I am slightly conservative. Politically, I am a strong democrat. I do not attend church. I am 61 years old. I am a man. I am somewhat interested in politics.. Question: Do you think the federal government should be doing more about the opioid drug addiction issue, should be doing less, or is it currently doing the right amount?

Answer choices:
1. Should be doing more 2. Should be doing less 3. Is doing the right amount

When answering, respond ONLY with a single number that corresponds to the option you choose. Do not include any additional text, punctuation or explanation.

My answer is
",1
fake_2610,2,6,1,1,61,1,3,"Today is November 5, 2024. Racially, I am black. Ideologically, I am conservative. Politically, I am a strong democrat. I attend church. I am 61 years old. I am a man. I am not very interested in politics.. Question: Do you think the federal government should be doing more about the opioid drug addiction issue, should be doing less, or is it currently doing the right amount?

Answer choices:
1. Should be doing more 2. Should be doing less 3. Is doing the right amount

When answering, respond ONLY with a single number that corresponds to the option you choose. Do not include any additional text, punctuation or explanation.

My answer is
",1
fake_2611,1,6,2,2,55,1,-5,"Today is November 5, 2024. Racially, I am white. Ideologically, I am conservative. Politically, I am a weak Democrat. I do not attend church. I am 55 years old. I am a man.. Question: Do you think the federal government should be doing more about the opioid drug addiction issue, should be doing less, or is it currently doing the right amount?

Answer choices:
1. Should be doing more 2. Should be doing less 3. Is doing the right amount

When answering, respond ONLY with a single number that corresponds to the option you choose. Do not include any additional text, punctuation or explanation.

My answer is
",1
fake_2612,1,4,2,-9,49,2,4,"Today is November 5, 2024. Racially, I am white. Ideologically, I am moderate. Politically, I am a weak Democrat. I am 49 years old. I am a woman. I am not at all interested in politics.. Question: Do you think the federal government should be doing more about the opioid drug addiction issue, should be doing less, or is it currently doing the right amount?

Answer choices:
1. Should be doing more 2. Should be doing less 3. Is doing the right amount

When answering, respond ONLY with a single number that corresponds to the option you choose. Do not include any additional text, punctuation or explanation.

My answer is
",1
fake_2613,1,6,3,2,-2,-9,3,"Today is November 5, 2024. Racially, I am white. Ideologically, I am conservative. Politically, I am an independent who leans Democratic. I do not attend church. I am not very interested in politics.. Question: Do you think the federal government should be doing more about the opioid drug addiction issue, should be doing less, or is it currently doing the right amount?

Answer choices:
1. Should be doing more 2. Should be doing less 3. Is doing the right amount

When answering, respond ONLY with a single number that corresponds to the option you choose. Do not include any additional text, punctuation or explanation.

My answer is
",1
fake_2614,1,2,6,2,-2,1,1,"Today is November 5, 2024. Racially, I am white. Ideologically, I am liberal. Politically, I am a weak Republican. I do not attend church. I am a man. I am very interested in politics.. Question: Do you think the federal government should be doing more about the opioid drug addiction issue, should be doing less, or is it currently doing the right amount?

Answer choices:
1. Should be doing more 2. Should be doing less 3. Is doing the right amount

When answering, respond ONLY with a single number that corresponds to the option you choose. Do not include any additional text, punctuation or explanation.

My answer is
",1
fake_2615,1,3,2,1,25,2,-6,"Today is November 5, 2024. Racially, I am white. Ideologically, I am slightly liberal. Politically, I am a weak Democrat. I attend church. I am 25 years old. I am a woman.. Question: Do you think the federal government should be doing more about the opioid drug addiction issue, should be doing less, or is it currently doing the right amount?

Answer choices:
1. Should be doing more 2. Should be doing less 3. Is doing the right amount

When answering, respond ONLY with a single number that corresponds to the option you choose. Do not include any additional text, punctuation or explanation.

My answer is
",1
fake_2616,1,2,7,1,38,2,2,"Today is November 5, 2024. Racially, I am white. Ideologically, I am liberal. Politically, I am a strong Republican. I attend church. I am 38 years old. I am a woman. I am somewhat interested in politics.. Question: Do you think the federal government should be doing more about the opioid drug addiction issue, should be doing less, or is it currently doing the right amount?

Answer choices:
1. Should be doing more 2. Should be doing less 3. Is doing the right amount

When answering, respond ONLY with a single number that corresponds to the option you choose. Do not include any additional text, punctuation or explanation.

My answer is
",1
fake_2617,3,4,3,-1,80,2,-6,"Today is November 5, 2024. Racially, I am hispanic. Ideologically, I am moderate. Politically, I am an independent who leans Democratic. I am 80 years old. I am a woman.. Question: Do you think the federal government should be doing more about the opioid drug addiction issue, should be doing less, or is it currently doing the right amount?

Answer choices:
1. Should be doing more 2. Should be doing less 3. Is doing the right amount

When answering, respond ONLY with a single number that corresponds to the option you choose. Do not include any additional text, punctuation or explanation.

My answer is
",1
fake_2618,1,6,1,-9,27,2,2,"Today is November 5, 2024. Racially, I am white. Ideologically, I am conservative. Politically, I am a strong democrat. I am 27 years old. I am a woman. I am somewhat interested in politics.. Question: Do you think the federal government should be doing more about the opioid drug addiction issue, should be doing less, or is it currently doing the right amount?

Answer choices:
1. Should be doing more 2. Should be doing less 3. Is doing the right amount

When answering, respond ONLY with a single number that corresponds to the option you choose. Do not include any additional text, punctuation or explanation.

My answer is
",1
fake_2619,1,6,5,2,42,2,2,"Today is November 5, 2024. Racially, I am white. Ideologically, I am conservative. Politically, I am an independent who leans Republican. I do not attend church. I am 42 years old. I am a woman. I am somewhat interested in politics.. Question: Do you think the federal government should be doing more about the opioid drug addiction issue, should be doing less, or is it currently doing the right amount?

Answer choices:
1. Should be doing more 2. Should be doing less 3. Is doing the right amount

When answering, respond ONLY with a single number that corresponds to the option you choose. Do not include any additional text, punctuation or explanation.

My answer is
",1
fake_2620,1,-9,7,1,29,2,4,"Today is November 5, 2024. Racially, I am white. Politically, I am a strong Republican. I attend church. I am 29 years old. I am a woman. I am not at all interested in politics.. Question: Do you think the federal government should be doing more about the opioid drug addiction issue, should be doing less, or is it currently doing the right amount?

Answer choices:
1. Should be doing more 2. Should be doing less 3. Is doing the right amount

When answering, respond ONLY with a single number that corresponds to the option you choose. Do not include any additional text, punctuation or explanation.

My answer is
",1
fake_2621,1,99,5,1,28,2,1,"Today is November 5, 2024. Racially, I am white. Politically, I am an independent who leans Republican. I attend church. I am 28 years old. I am a woman. I am very interested in politics.. Question: Do you think the federal government should be doing more about the opioid drug addiction issue, should be doing less, or is it currently doing the right amount?

Answer choices:
1. Should be doing more 2. Should be doing less 3. Is doing the right amount

When answering, respond ONLY with a single number that corresponds to the option you choose. Do not include any additional text, punctuation or explanation.

My answer is
",1
fake_2622,1,99,1,2,48,1,2,"Today is November 5, 2024. Racially, I am white. Politically, I am a strong democrat. I do not attend church. I am 48 years old. I am a man. I am somewhat interested in politics.. Question: Do you think the federal government should be doing more about the opioid drug addiction issue, should be doing less, or is it currently doing the right amount?

Answer choices:
1. Should be doing more 2. Should be doing less 3. Is doing the right amount

When answering, respond ONLY with a single number that corresponds to the option you choose. Do not include any additional text, punctuation or explanation.

My answer is
",1
fake_2623,1,5,1,1,27,2,2,"Today is November 5, 2024. Racially, I am white. Ideologically, I am slightly conservative. Politically, I am a strong democrat. I attend church. I am 27 years old. I am a woman. I am somewhat interested in politics.. Question: Do you think the federal government should be doing more about the opioid drug addiction issue, should be doing less, or is it currently doing the right amount?

Answer choices:
1. Should be doing more 2. Should be doing less 3. Is doing the right amount

When answering, respond ONLY with a single number that corresponds to the option you choose. Do not include any additional text, punctuation or explanation.

My answer is
",1
fake_2624,1,99,1,1,41,1,2,"Today is November 5, 2024. Racially, I am white. Politically, I am a strong democrat. I attend church. I am 41 years old. I am a man. I am somewhat interested in politics.. Question: Do you think the federal government should be doing more about the opioid drug addiction issue, should be doing less, or is it currently doing the right amount?

Answer choices:
1. Should be doing more 2. Should be doing less 3. Is doing the right amount

When answering, respond ONLY with a single number that corresponds to the option you choose. Do not include any additional text, punctuation or explanation.

My answer is
",1
fake_2625,1,1,2,1,25,2,4,"Today is November 5, 2024. Racially, I am white. Ideologically, I am extremely liberal. Politically, I am a weak Democrat. I attend church. I am 25 years old. I am a woman. I am not at all interested in politics.. Question: Do you think the federal government should be doing more about the opioid drug addiction issue, should be doing less, or is it currently doing the right amount?

Answer choices:
1. Should be doing more 2. Should be doing less 3. Is doing the right amount

When answering, respond ONLY with a single number that corresponds to the option you choose. Do not include any additional text, punctuation or explanation.

My answer is
",1
fake_2626,2,5,5,2,25,1,2,"Today is November 5, 2024. Racially, I am black. Ideologically, I am slightly conservative. Politically, I am an independent who leans Republican. I do not attend church. I am 25 years old. I am a man. I am somewhat interested in politics.. Question: Do you think the federal government should be doing more about the opioid drug addiction issue, should be doing less, or is it currently doing the right amount?

Answer choices:
1. Should be doing more 2. Should be doing less 3. Is doing the right amount

When answering, respond ONLY with a single number that corresponds to the option you choose. Do not include any additional text, punctuation or explanation.

My answer is
",1
fake_2627,4,99,1,1,19,2,-6,"Today is November 5, 2024. Racially, I am asian. Politically, I am a strong democrat. I attend church. I am 19 years old. I am a woman.. Question: Do you think the federal government should be doing more about the opioid drug addiction issue, should be doing less, or is it currently doing the right amount?

Answer choices:
1. Should be doing more 2. Should be doing less 3. Is doing the right amount

When answering, respond ONLY with a single number that corresponds to the option you choose. Do not include any additional text, punctuation or explanation.

My answer is
",1
fake_2628,1,5,4,1,62,1,-6,"Today is November 5, 2024. Racially, I am white. Ideologically, I am slightly conservative. Politically, I am an independent. I attend church. I am 62 years old. I am a man.. Question: Do you think the federal government should be doing more about the opioid drug addiction issue, should be doing less, or is it currently doing the right amount?

Answer choices:
1. Should be doing more 2. Should be doing less 3. Is doing the right amount

When answering, respond ONLY with a single number that corresponds to the option you choose. Do not include any additional text, punctuation or explanation.

My answer is
",1
fake_2629,1,2,5,1,60,1,2,"Today is November 5, 2024. Racially, I am white. Ideologically, I am liberal. Politically, I am an independent who leans Republican. I attend church. I am 60 years old. I am a man. I am somewhat interested in politics.. Question: Do you think the federal government should be doing more about the opioid drug addiction issue, should be doing less, or is it currently doing the right amount?

Answer choices:
1. Should be doing more 2. Should be doing less 3. Is doing the right amount

When answering, respond ONLY with a single number that corresponds to the option you choose. Do not include any additional text, punctuation or explanation.

My answer is
",1
fake_2630,1,4,7,1,80,1,2,"Today is November 5, 2024. Racially, I am white. Ideologically, I am moderate. Politically, I am a strong Republican. I attend church. I am 80 years old. I am a man. I am somewhat interested in politics.. Question: Do you think the federal government should be doing more about the opioid drug addiction issue, should be doing less, or is it currently doing the right amount?

Answer choices:
1. Should be doing more 2. Should be doing less 3. Is doing the right amount

When answering, respond ONLY with a single number that corresponds to the option you choose. Do not include any additional text, punctuation or explanation.

My answer is
",1
fake_2631,1,4,4,2,67,2,2,"Today is November 5, 2024. Racially, I am white. Ideologically, I am moderate. Politically, I am an independent. I do not attend church. I am 67 years old. I am a woman. I am somewhat interested in politics.. Question: Do you think the federal government should be doing more about the opioid drug addiction issue, should be doing less, or is it currently doing the right amount?

Answer choices:
1. Should be doing more 2. Should be doing less 3. Is doing the right amount

When answering, respond ONLY with a single number that corresponds to the option you choose. Do not include any additional text, punctuation or explanation.

My answer is
",1
fake_2632,1,99,6,2,21,2,3,"Today is November 5, 2024. Racially, I am white. Politically, I am a weak Republican. I do not attend church. I am 21 years old. I am a woman. I am not very interested in politics.. Question: Do you think the federal government should be doing more about the opioid drug addiction issue, should be doing less, or is it currently doing the right amount?

Answer choices:
1. Should be doing more 2. Should be doing less 3. Is doing the right amount

When answering, respond ONLY with a single number that corresponds to the option you choose. Do not include any additional text, punctuation or explanation.

My answer is
",1
fake_2633,1,5,1,2,26,2,-6,"Today is November 5, 2024. Racially, I am white. Ideologically, I am slightly conservative. Politically, I am a strong democrat. I do not attend church. I am 26 years old. I am a woman.. Question: Do you think the federal government should be doing more about the opioid drug addiction issue, should be doing less, or is it currently doing the right amount?

Answer choices:
1. Should be doing more 2. Should be doing less 3. Is doing the right amount

When answering, respond ONLY with a single number that corresponds to the option you choose. Do not include any additional text, punctuation or explanation.

My answer is
",1
fake_2634,2,6,4,-1,78,2,-6,"Today is November 5, 2024. Racially, I am black. Ideologically, I am conservative. Politically, I am an independent. I am 78 years old. I am a woman.. Question: Do you think the federal government should be doing more about the opioid drug addiction issue, should be doing less, or is it currently doing the right amount?

Answer choices:
1. Should be doing more 2. Should be doing less 3. Is doing the right amount

When answering, respond ONLY with a single number that corresponds to the option you choose. Do not include any additional text, punctuation or explanation.

My answer is
",1
fake_2635,1,6,4,1,48,1,-6,"Today is November 5, 2024. Racially, I am white. Ideologically, I am conservative. Politically, I am an independent. I attend church. I am 48 years old. I am a man.. Question: Do you think the federal government should be doing more about the opioid drug addiction issue, should be doing less, or is it currently doing the right amount?

Answer choices:
1. Should be doing more 2. Should be doing less 3. Is doing the right amount

When answering, respond ONLY with a single number that corresponds to the option you choose. Do not include any additional text, punctuation or explanation.

My answer is
",1
fake_2636,1,4,3,2,31,2,1,"Today is November 5, 2024. Racially, I am white. Ideologically, I am moderate. Politically, I am an independent who leans Democratic. I do not attend church. I am 31 years old. I am a woman. I am very interested in politics.. Question: Do you think the federal government should be doing more about the opioid drug addiction issue, should be doing less, or is it currently doing the right amount?

Answer choices:
1. Should be doing more 2. Should be doing less 3. Is doing the right amount

When answering, respond ONLY with a single number that corresponds to the option you choose. Do not include any additional text, punctuation or explanation.

My answer is
",1
fake_2637,3,1,7,1,80,2,1,"Today is November 5, 2024. Racially, I am hispanic. Ideologically, I am extremely liberal. Politically, I am a strong Republican. I attend church. I am 80 years old. I am a woman. I am very interested in politics.. Question: Do you think the federal government should be doing more about the opioid drug addiction issue, should be doing less, or is it currently doing the right amount?

Answer choices:
1. Should be doing more 2. Should be doing less 3. Is doing the right amount

When answering, respond ONLY with a single number that corresponds to the option you choose. Do not include any additional text, punctuation or explanation.

My answer is
",1
fake_2638,1,4,7,2,73,1,1,"Today is November 5, 2024. Racially, I am white. Ideologically, I am moderate. Politically, I am a strong Republican. I do not attend church. I am 73 years old. I am a man. I am very interested in politics.. Question: Do you think the federal government should be doing more about the opioid drug addiction issue, should be doing less, or is it currently doing the right amount?

Answer choices:
1. Should be doing more 2. Should be doing less 3. Is doing the right amount

When answering, respond ONLY with a single number that corresponds to the option you choose. Do not include any additional text, punctuation or explanation.

My answer is
",1
fake_2639,1,5,6,1,62,1,4,"Today is November 5, 2024. Racially, I am white. Ideologically, I am slightly conservative. Politically, I am a weak Republican. I attend church. I am 62 years old. I am a man. I am not at all interested in politics.. Question: Do you think the federal government should be doing more about the opioid drug addiction issue, should be doing less, or is it currently doing the right amount?

Answer choices:
1. Should be doing more 2. Should be doing less 3. Is doing the right amount

When answering, respond ONLY with a single number that corresponds to the option you choose. Do not include any additional text, punctuation or explanation.

My answer is
",1
fake_2640,1,3,1,2,48,1,1,"Today is November 5, 2024. Racially, I am white. Ideologically, I am slightly liberal. Politically, I am a strong democrat. I do not attend church. I am 48 years old. I am a man. I am very interested in politics.. Question: Do you think the federal government should be doing more about the opioid drug addiction issue, should be doing less, or is it currently doing the right amount?

Answer choices:
1. Should be doing more 2. Should be doing less 3. Is doing the right amount

When answering, respond ONLY with a single number that corresponds to the option you choose. Do not include any additional text, punctuation or explanation.

My answer is
",1
fake_2641,2,6,1,2,40,2,2,"Today is November 5, 2024. Racially, I am black. Ideologically, I am conservative. Politically, I am a strong democrat. I do not attend church. I am 40 years old. I am a woman. I am somewhat interested in politics.. Question: Do you think the federal government should be doing more about the opioid drug addiction issue, should be doing less, or is it currently doing the right amount?

Answer choices:
1. Should be doing more 2. Should be doing less 3. Is doing the right amount

When answering, respond ONLY with a single number that corresponds to the option you choose. Do not include any additional text, punctuation or explanation.

My answer is
",1
fake_2642,1,4,7,1,75,1,2,"Today is November 5, 2024. Racially, I am white. Ideologically, I am moderate. Politically, I am a strong Republican. I attend church. I am 75 years old. I am a man. I am somewhat interested in politics.. Question: Do you think the federal government should be doing more about the opioid drug addiction issue, should be doing less, or is it currently doing the right amount?

Answer choices:
1. Should be doing more 2. Should be doing less 3. Is doing the right amount

When answering, respond ONLY with a single number that corresponds to the option you choose. Do not include any additional text, punctuation or explanation.

My answer is
",1
fake_2643,3,4,1,1,25,1,1,"Today is November 5, 2024. Racially, I am hispanic. Ideologically, I am moderate. Politically, I am a strong democrat. I attend church. I am 25 years old. I am a man. I am very interested in politics.. Question: Do you think the federal government should be doing more about the opioid drug addiction issue, should be doing less, or is it currently doing the right amount?

Answer choices:
1. Should be doing more 2. Should be doing less 3. Is doing the right amount

When answering, respond ONLY with a single number that corresponds to the option you choose. Do not include any additional text, punctuation or explanation.

My answer is
",1
fake_2644,1,4,6,2,80,1,-6,"Today is November 5, 2024. Racially, I am white. Ideologically, I am moderate. Politically, I am a weak Republican. I do not attend church. I am 80 years old. I am a man.. Question: Do you think the federal government should be doing more about the opioid drug addiction issue, should be doing less, or is it currently doing the right amount?

Answer choices:
1. Should be doing more 2. Should be doing less 3. Is doing the right amount

When answering, respond ONLY with a single number that corresponds to the option you choose. Do not include any additional text, punctuation or explanation.

My answer is
",1
fake_2645,1,2,1,1,45,1,1,"Today is November 5, 2024. Racially, I am white. Ideologically, I am liberal. Politically, I am a strong democrat. I attend church. I am 45 years old. I am a man. I am very interested in politics.. Question: Do you think the federal government should be doing more about the opioid drug addiction issue, should be doing less, or is it currently doing the right amount?

Answer choices:
1. Should be doing more 2. Should be doing less 3. Is doing the right amount

When answering, respond ONLY with a single number that corresponds to the option you choose. Do not include any additional text, punctuation or explanation.

My answer is
",1
fake_2646,1,6,1,2,53,2,3,"Today is November 5, 2024. Racially, I am white. Ideologically, I am conservative. Politically, I am a strong democrat. I do not attend church. I am 53 years old. I am a woman. I am not very interested in politics.. Question: Do you think the federal government should be doing more about the opioid drug addiction issue, should be doing less, or is it currently doing the right amount?

Answer choices:
1. Should be doing more 2. Should be doing less 3. Is doing the right amount

When answering, respond ONLY with a single number that corresponds to the option you choose. Do not include any additional text, punctuation or explanation.

My answer is
",1
fake_2647,1,6,7,1,80,1,2,"Today is November 5, 2024. Racially, I am white. Ideologically, I am conservative. Politically, I am a strong Republican. I attend church. I am 80 years old. I am a man. I am somewhat interested in politics.. Question: Do you think the federal government should be doing more about the opioid drug addiction issue, should be doing less, or is it currently doing the right amount?

Answer choices:
1. Should be doing more 2. Should be doing less 3. Is doing the right amount

When answering, respond ONLY with a single number that corresponds to the option you choose. Do not include any additional text, punctuation or explanation.

My answer is
",1
fake_2648,1,7,4,2,37,2,1,"Today is November 5, 2024. Racially, I am white. Ideologically, I am extremely conservative. Politically, I am an independent. I do not attend church. I am 37 years old. I am a woman. I am very interested in politics.. Question: Do you think the federal government should be doing more about the opioid drug addiction issue, should be doing less, or is it currently doing the right amount?

Answer choices:
1. Should be doing more 2. Should be doing less 3. Is doing the right amount

When answering, respond ONLY with a single number that corresponds to the option you choose. Do not include any additional text, punctuation or explanation.

My answer is
",1
fake_2649,1,4,2,1,66,2,2,"Today is November 5, 2024. Racially, I am white. Ideologically, I am moderate. Politically, I am a weak Democrat. I attend church. I am 66 years old. I am a woman. I am somewhat interested in politics.. Question: Do you think the federal government should be doing more about the opioid drug addiction issue, should be doing less, or is it currently doing the right amount?

Answer choices:
1. Should be doing more 2. Should be doing less 3. Is doing the right amount

When answering, respond ONLY with a single number that corresponds to the option you choose. Do not include any additional text, punctuation or explanation.

My answer is
",1
fake_2650,1,5,5,-1,70,1,4,"Today is November 5, 2024. Racially, I am white. Ideologically, I am slightly conservative. Politically, I am an independent who leans Republican. I am 70 years old. I am a man. I am not at all interested in politics.. Question: Do you think the federal government should be doing more about the opioid drug addiction issue, should be doing less, or is it currently doing the right amount?

Answer choices:
1. Should be doing more 2. Should be doing less 3. Is doing the right amount

When answering, respond ONLY with a single number that corresponds to the option you choose. Do not include any additional text, punctuation or explanation.

My answer is
",1
fake_2651,1,2,7,2,60,2,3,"Today is November 5, 2024. Racially, I am white. Ideologically, I am liberal. Politically, I am a strong Republican. I do not attend church. I am 60 years old. I am a woman. I am not very interested in politics.. Question: Do you think the federal government should be doing more about the opioid drug addiction issue, should be doing less, or is it currently doing the right amount?

Answer choices:
1. Should be doing more 2. Should be doing less 3. Is doing the right amount

When answering, respond ONLY with a single number that corresponds to the option you choose. Do not include any additional text, punctuation or explanation.

My answer is
",1
fake_2652,1,5,5,1,80,2,2,"Today is November 5, 2024. Racially, I am white. Ideologically, I am slightly conservative. Politically, I am an independent who leans Republican. I attend church. I am 80 years old. I am a woman. I am somewhat interested in politics.. Question: Do you think the federal government should be doing more about the opioid drug addiction issue, should be doing less, or is it currently doing the right amount?

Answer choices:
1. Should be doing more 2. Should be doing less 3. Is doing the right amount

When answering, respond ONLY with a single number that corresponds to the option you choose. Do not include any additional text, punctuation or explanation.

My answer is
",1
fake_2653,3,4,5,1,45,2,-6,"Today is November 5, 2024. Racially, I am hispanic. Ideologically, I am moderate. Politically, I am an independent who leans Republican. I attend church. I am 45 years old. I am a woman.. Question: Do you think the federal government should be doing more about the opioid drug addiction issue, should be doing less, or is it currently doing the right amount?

Answer choices:
1. Should be doing more 2. Should be doing less 3. Is doing the right amount

When answering, respond ONLY with a single number that corresponds to the option you choose. Do not include any additional text, punctuation or explanation.

My answer is
",1
fake_2654,1,99,7,2,-2,1,2,"Today is November 5, 2024. Racially, I am white. Politically, I am a strong Republican. I do not attend church. I am a man. I am somewhat interested in politics.. Question: Do you think the federal government should be doing more about the opioid drug addiction issue, should be doing less, or is it currently doing the right amount?

Answer choices:
1. Should be doing more 2. Should be doing less 3. Is doing the right amount

When answering, respond ONLY with a single number that corresponds to the option you choose. Do not include any additional text, punctuation or explanation.

My answer is
",2
fake_2655,1,6,5,2,68,2,2,"Today is November 5, 2024. Racially, I am white. Ideologically, I am conservative. Politically, I am an independent who leans Republican. I do not attend church. I am 68 years old. I am a woman. I am somewhat interested in politics.. Question: Do you think the federal government should be doing more about the opioid drug addiction issue, should be doing less, or is it currently doing the right amount?

Answer choices:
1. Should be doing more 2. Should be doing less 3. Is doing the right amount

When answering, respond ONLY with a single number that corresponds to the option you choose. Do not include any additional text, punctuation or explanation.

My answer is
",1
fake_2656,1,4,2,1,67,1,-6,"Today is November 5, 2024. Racially, I am white. Ideologically, I am moderate. Politically, I am a weak Democrat. I attend church. I am 67 years old. I am a man.. Question: Do you think the federal government should be doing more about the opioid drug addiction issue, should be doing less, or is it currently doing the right amount?

Answer choices:
1. Should be doing more 2. Should be doing less 3. Is doing the right amount

When answering, respond ONLY with a single number that corresponds to the option you choose. Do not include any additional text, punctuation or explanation.

My answer is
",1
fake_2657,3,5,4,2,73,1,2,"Today is November 5, 2024. Racially, I am hispanic. Ideologically, I am slightly conservative. Politically, I am an independent. I do not attend church. I am 73 years old. I am a man. I am somewhat interested in politics.. Question: Do you think the federal government should be doing more about the opioid drug addiction issue, should be doing less, or is it currently doing the right amount?

Answer choices:
1. Should be doing more 2. Should be doing less 3. Is doing the right amount

When answering, respond ONLY with a single number that corresponds to the option you choose. Do not include any additional text, punctuation or explanation.

My answer is
",1
fake_2658,1,2,6,1,-2,1,2,"Today is November 5, 2024. Racially, I am white. Ideologically, I am liberal. Politically, I am a weak Republican. I attend church. I am a man. I am somewhat interested in politics.. Question: Do you think the federal government should be doing more about the opioid drug addiction issue, should be doing less, or is it currently doing the right amount?

Answer choices:
1. Should be doing more 2. Should be doing less 3. Is doing the right amount

When answering, respond ONLY with a single number that corresponds to the option you choose. Do not include any additional text, punctuation or explanation.

My answer is
",1
fake_2659,1,5,1,2,62,2,4,"Today is November 5, 2024. Racially, I am white. Ideologically, I am slightly conservative. Politically, I am a strong democrat. I do not attend church. I am 62 years old. I am a woman. I am not at all interested in politics.. Question: Do you think the federal government should be doing more about the opioid drug addiction issue, should be doing less, or is it currently doing the right amount?

Answer choices:
1. Should be doing more 2. Should be doing less 3. Is doing the right amount

When answering, respond ONLY with a single number that corresponds to the option you choose. Do not include any additional text, punctuation or explanation.

My answer is
",1
fake_2660,1,5,7,1,66,2,2,"Today is November 5, 2024. Racially, I am white. Ideologically, I am slightly conservative. Politically, I am a strong Republican. I attend church. I am 66 years old. I am a woman. I am somewhat interested in politics.. Question: Do you think the federal government should be doing more about the opioid drug addiction issue, should be doing less, or is it currently doing the right amount?

Answer choices:
1. Should be doing more 2. Should be doing less 3. Is doing the right amount

When answering, respond ONLY with a single number that corresponds to the option you choose. Do not include any additional text, punctuation or explanation.

My answer is
",1
fake_2661,1,4,6,-1,56,1,3,"Today is November 5, 2024. Racially, I am white. Ideologically, I am moderate. Politically, I am a weak Republican. I am 56 years old. I am a man. I am not very interested in politics.. Question: Do you think the federal government should be doing more about the opioid drug addiction issue, should be doing less, or is it currently doing the right amount?

Answer choices:
1. Should be doing more 2. Should be doing less 3. Is doing the right amount

When answering, respond ONLY with a single number that corresponds to the option you choose. Do not include any additional text, punctuation or explanation.

My answer is
",1
fake_2662,1,-9,1,2,23,1,2,"Today is November 5, 2024. Racially, I am white. Politically, I am a strong democrat. I do not attend church. I am 23 years old. I am a man. I am somewhat interested in politics.. Question: Do you think the federal government should be doing more about the opioid drug addiction issue, should be doing less, or is it currently doing the right amount?

Answer choices:
1. Should be doing more 2. Should be doing less 3. Is doing the right amount

When answering, respond ONLY with a single number that corresponds to the option you choose. Do not include any additional text, punctuation or explanation.

My answer is
",1
fake_2663,4,5,1,1,76,2,2,"Today is November 5, 2024. Racially, I am asian. Ideologically, I am slightly conservative. Politically, I am a strong democrat. I attend church. I am 76 years old. I am a woman. I am somewhat interested in politics.. Question: Do you think the federal government should be doing more about the opioid drug addiction issue, should be doing less, or is it currently doing the right amount?

Answer choices:
1. Should be doing more 2. Should be doing less 3. Is doing the right amount

When answering, respond ONLY with a single number that corresponds to the option you choose. Do not include any additional text, punctuation or explanation.

My answer is
",1
fake_2664,1,3,7,1,35,2,3,"Today is November 5, 2024. Racially, I am white. Ideologically, I am slightly liberal. Politically, I am a strong Republican. I attend church. I am 35 years old. I am a woman. I am not very interested in politics.. Question: Do you think the federal government should be doing more about the opioid drug addiction issue, should be doing less, or is it currently doing the right amount?

Answer choices:
1. Should be doing more 2. Should be doing less 3. Is doing the right amount

When answering, respond ONLY with a single number that corresponds to the option you choose. Do not include any additional text, punctuation or explanation.

My answer is
",1
fake_2665,1,5,1,-1,59,2,2,"Today is November 5, 2024. Racially, I am white. Ideologically, I am slightly conservative. Politically, I am a strong democrat. I am 59 years old. I am a woman. I am somewhat interested in politics.. Question: Do you think the federal government should be doing more about the opioid drug addiction issue, should be doing less, or is it currently doing the right amount?

Answer choices:
1. Should be doing more 2. Should be doing less 3. Is doing the right amount

When answering, respond ONLY with a single number that corresponds to the option you choose. Do not include any additional text, punctuation or explanation.

My answer is
",1
fake_2666,1,5,6,1,45,2,-7,"Today is November 5, 2024. Racially, I am white. Ideologically, I am slightly conservative. Politically, I am a weak Republican. I attend church. I am 45 years old. I am a woman.. Question: Do you think the federal government should be doing more about the opioid drug addiction issue, should be doing less, or is it currently doing the right amount?

Answer choices:
1. Should be doing more 2. Should be doing less 3. Is doing the right amount

When answering, respond ONLY with a single number that corresponds to the option you choose. Do not include any additional text, punctuation or explanation.

My answer is
",1
fake_2667,1,4,7,1,65,2,1,"Today is November 5, 2024. Racially, I am white. Ideologically, I am moderate. Politically, I am a strong Republican. I attend church. I am 65 years old. I am a woman. I am very interested in politics.. Question: Do you think the federal government should be doing more about the opioid drug addiction issue, should be doing less, or is it currently doing the right amount?

Answer choices:
1. Should be doing more 2. Should be doing less 3. Is doing the right amount

When answering, respond ONLY with a single number that corresponds to the option you choose. Do not include any additional text, punctuation or explanation.

My answer is
",1
fake_2668,1,5,4,1,-2,1,2,"Today is November 5, 2024. Racially, I am white. Ideologically, I am slightly conservative. Politically, I am an independent. I attend church. I am a man. I am somewhat interested in politics.. Question: Do you think the federal government should be doing more about the opioid drug addiction issue, should be doing less, or is it currently doing the right amount?

Answer choices:
1. Should be doing more 2. Should be doing less 3. Is doing the right amount

When answering, respond ONLY with a single number that corresponds to the option you choose. Do not include any additional text, punctuation or explanation.

My answer is
",1
fake_2669,1,99,1,2,52,2,1,"Today is November 5, 2024. Racially, I am white. Politically, I am a strong democrat. I do not attend church. I am 52 years old. I am a woman. I am very interested in politics.. Question: Do you think the federal government should be doing more about the opioid drug addiction issue, should be doing less, or is it currently doing the right amount?

Answer choices:
1. Should be doing more 2. Should be doing less 3. Is doing the right amount

When answering, respond ONLY with a single number that corresponds to the option you choose. Do not include any additional text, punctuation or explanation.

My answer is
",1
fake_2670,2,99,1,1,28,1,3,"Today is November 5, 2024. Racially, I am black. Politically, I am a strong democrat. I attend church. I am 28 years old. I am a man. I am not very interested in politics.. Question: Do you think the federal government should be doing more about the opioid drug addiction issue, should be doing less, or is it currently doing the right amount?

Answer choices:
1. Should be doing more 2. Should be doing less 3. Is doing the right amount

When answering, respond ONLY with a single number that corresponds to the option you choose. Do not include any additional text, punctuation or explanation.

My answer is
",1
fake_2671,1,4,3,2,72,1,3,"Today is November 5, 2024. Racially, I am white. Ideologically, I am moderate. Politically, I am an independent who leans Democratic. I do not attend church. I am 72 years old. I am a man. I am not very interested in politics.. Question: Do you think the federal government should be doing more about the opioid drug addiction issue, should be doing less, or is it currently doing the right amount?

Answer choices:
1. Should be doing more 2. Should be doing less 3. Is doing the right amount

When answering, respond ONLY with a single number that corresponds to the option you choose. Do not include any additional text, punctuation or explanation.

My answer is
",1
fake_2672,1,5,1,1,73,2,2,"Today is November 5, 2024. Racially, I am white. Ideologically, I am slightly conservative. Politically, I am a strong democrat. I attend church. I am 73 years old. I am a woman. I am somewhat interested in politics.. Question: Do you think the federal government should be doing more about the opioid drug addiction issue, should be doing less, or is it currently doing the right amount?

Answer choices:
1. Should be doing more 2. Should be doing less 3. Is doing the right amount

When answering, respond ONLY with a single number that corresponds to the option you choose. Do not include any additional text, punctuation or explanation.

My answer is
",1
fake_2673,1,4,2,1,73,2,2,"Today is November 5, 2024. Racially, I am white. Ideologically, I am moderate. Politically, I am a weak Democrat. I attend church. I am 73 years old. I am a woman. I am somewhat interested in politics.. Question: Do you think the federal government should be doing more about the opioid drug addiction issue, should be doing less, or is it currently doing the right amount?

Answer choices:
1. Should be doing more 2. Should be doing less 3. Is doing the right amount

When answering, respond ONLY with a single number that corresponds to the option you choose. Do not include any additional text, punctuation or explanation.

My answer is
",1
fake_2674,3,4,7,-1,70,2,4,"Today is November 5, 2024. Racially, I am hispanic. Ideologically, I am moderate. Politically, I am a strong Republican. I am 70 years old. I am a woman. I am not at all interested in politics.. Question: Do you think the federal government should be doing more about the opioid drug addiction issue, should be doing less, or is it currently doing the right amount?

Answer choices:
1. Should be doing more 2. Should be doing less 3. Is doing the right amount

When answering, respond ONLY with a single number that corresponds to the option you choose. Do not include any additional text, punctuation or explanation.

My answer is
",1
fake_2675,1,3,5,1,-2,1,2,"Today is November 5, 2024. Racially, I am white. Ideologically, I am slightly liberal. Politically, I am an independent who leans Republican. I attend church. I am a man. I am somewhat interested in politics.. Question: Do you think the federal government should be doing more about the opioid drug addiction issue, should be doing less, or is it currently doing the right amount?

Answer choices:
1. Should be doing more 2. Should be doing less 3. Is doing the right amount

When answering, respond ONLY with a single number that corresponds to the option you choose. Do not include any additional text, punctuation or explanation.

My answer is
",1
fake_2676,1,4,4,2,70,2,3,"Today is November 5, 2024. Racially, I am white. Ideologically, I am moderate. Politically, I am an independent. I do not attend church. I am 70 years old. I am a woman. I am not very interested in politics.. Question: Do you think the federal government should be doing more about the opioid drug addiction issue, should be doing less, or is it currently doing the right amount?

Answer choices:
1. Should be doing more 2. Should be doing less 3. Is doing the right amount

When answering, respond ONLY with a single number that corresponds to the option you choose. Do not include any additional text, punctuation or explanation.

My answer is
",1
fake_2677,1,3,3,1,35,1,3,"Today is November 5, 2024. Racially, I am white. Ideologically, I am slightly liberal. Politically, I am an independent who leans Democratic. I attend church. I am 35 years old. I am a man. I am not very interested in politics.. Question: Do you think the federal government should be doing more about the opioid drug addiction issue, should be doing less, or is it currently doing the right amount?

Answer choices:
1. Should be doing more 2. Should be doing less 3. Is doing the right amount

When answering, respond ONLY with a single number that corresponds to the option you choose. Do not include any additional text, punctuation or explanation.

My answer is
",1
fake_2678,1,6,1,2,46,2,3,"Today is November 5, 2024. Racially, I am white. Ideologically, I am conservative. Politically, I am a strong democrat. I do not attend church. I am 46 years old. I am a woman. I am not very interested in politics.. Question: Do you think the federal government should be doing more about the opioid drug addiction issue, should be doing less, or is it currently doing the right amount?

Answer choices:
1. Should be doing more 2. Should be doing less 3. Is doing the right amount

When answering, respond ONLY with a single number that corresponds to the option you choose. Do not include any additional text, punctuation or explanation.

My answer is
",1
fake_2679,1,6,6,1,53,2,4,"Today is November 5, 2024. Racially, I am white. Ideologically, I am conservative. Politically, I am a weak Republican. I attend church. I am 53 years old. I am a woman. I am not at all interested in politics.. Question: Do you think the federal government should be doing more about the opioid drug addiction issue, should be doing less, or is it currently doing the right amount?

Answer choices:
1. Should be doing more 2. Should be doing less 3. Is doing the right amount

When answering, respond ONLY with a single number that corresponds to the option you choose. Do not include any additional text, punctuation or explanation.

My answer is
",1
fake_2680,1,99,1,1,29,2,2,"Today is November 5, 2024. Racially, I am white. Politically, I am a strong democrat. I attend church. I am 29 years old. I am a woman. I am somewhat interested in politics.. Question: Do you think the federal government should be doing more about the opioid drug addiction issue, should be doing less, or is it currently doing the right amount?

Answer choices:
1. Should be doing more 2. Should be doing less 3. Is doing the right amount

When answering, respond ONLY with a single number that corresponds to the option you choose. Do not include any additional text, punctuation or explanation.

My answer is
",1
fake_2681,1,2,1,2,66,2,-6,"Today is November 5, 2024. Racially, I am white. Ideologically, I am liberal. Politically, I am a strong democrat. I do not attend church. I am 66 years old. I am a woman.. Question: Do you think the federal government should be doing more about the opioid drug addiction issue, should be doing less, or is it currently doing the right amount?

Answer choices:
1. Should be doing more 2. Should be doing less 3. Is doing the right amount

When answering, respond ONLY with a single number that corresponds to the option you choose. Do not include any additional text, punctuation or explanation.

My answer is
",1
fake_2682,2,2,2,1,33,2,2,"Today is November 5, 2024. Racially, I am black. Ideologically, I am liberal. Politically, I am a weak Democrat. I attend church. I am 33 years old. I am a woman. I am somewhat interested in politics.. Question: Do you think the federal government should be doing more about the opioid drug addiction issue, should be doing less, or is it currently doing the right amount?

Answer choices:
1. Should be doing more 2. Should be doing less 3. Is doing the right amount

When answering, respond ONLY with a single number that corresponds to the option you choose. Do not include any additional text, punctuation or explanation.

My answer is
",1
fake_2683,1,3,5,-1,44,1,1,"Today is November 5, 2024. Racially, I am white. Ideologically, I am slightly liberal. Politically, I am an independent who leans Republican. I am 44 years old. I am a man. I am very interested in politics.. Question: Do you think the federal government should be doing more about the opioid drug addiction issue, should be doing less, or is it currently doing the right amount?

Answer choices:
1. Should be doing more 2. Should be doing less 3. Is doing the right amount

When answering, respond ONLY with a single number that corresponds to the option you choose. Do not include any additional text, punctuation or explanation.

My answer is
",1
fake_2684,2,3,1,1,25,2,2,"Today is November 5, 2024. Racially, I am black. Ideologically, I am slightly liberal. Politically, I am a strong democrat. I attend church. I am 25 years old. I am a woman. I am somewhat interested in politics.. Question: Do you think the federal government should be doing more about the opioid drug addiction issue, should be doing less, or is it currently doing the right amount?

Answer choices:
1. Should be doing more 2. Should be doing less 3. Is doing the right amount

When answering, respond ONLY with a single number that corresponds to the option you choose. Do not include any additional text, punctuation or explanation.

My answer is
",1
fake_2685,1,3,7,2,55,1,2,"Today is November 5, 2024. Racially, I am white. Ideologically, I am slightly liberal. Politically, I am a strong Republican. I do not attend church. I am 55 years old. I am a man. I am somewhat interested in politics.. Question: Do you think the federal government should be doing more about the opioid drug addiction issue, should be doing less, or is it currently doing the right amount?

Answer choices:
1. Should be doing more 2. Should be doing less 3. Is doing the right amount

When answering, respond ONLY with a single number that corresponds to the option you choose. Do not include any additional text, punctuation or explanation.

My answer is
",1
fake_2686,1,6,2,2,67,2,2,"Today is November 5, 2024. Racially, I am white. Ideologically, I am conservative. Politically, I am a weak Democrat. I do not attend church. I am 67 years old. I am a woman. I am somewhat interested in politics.. Question: Do you think the federal government should be doing more about the opioid drug addiction issue, should be doing less, or is it currently doing the right amount?

Answer choices:
1. Should be doing more 2. Should be doing less 3. Is doing the right amount

When answering, respond ONLY with a single number that corresponds to the option you choose. Do not include any additional text, punctuation or explanation.

My answer is
",1
fake_2687,3,2,2,1,76,2,2,"Today is November 5, 2024. Racially, I am hispanic. Ideologically, I am liberal. Politically, I am a weak Democrat. I attend church. I am 76 years old. I am a woman. I am somewhat interested in politics.. Question: Do you think the federal government should be doing more about the opioid drug addiction issue, should be doing less, or is it currently doing the right amount?

Answer choices:
1. Should be doing more 2. Should be doing less 3. Is doing the right amount

When answering, respond ONLY with a single number that corresponds to the option you choose. Do not include any additional text, punctuation or explanation.

My answer is
",1
fake_2688,1,3,7,1,31,1,1,"Today is November 5, 2024. Racially, I am white. Ideologically, I am slightly liberal. Politically, I am a strong Republican. I attend church. I am 31 years old. I am a man. I am very interested in politics.. Question: Do you think the federal government should be doing more about the opioid drug addiction issue, should be doing less, or is it currently doing the right amount?

Answer choices:
1. Should be doing more 2. Should be doing less 3. Is doing the right amount

When answering, respond ONLY with a single number that corresponds to the option you choose. Do not include any additional text, punctuation or explanation.

My answer is
",1
fake_2689,1,7,1,2,42,2,2,"Today is November 5, 2024. Racially, I am white. Ideologically, I am extremely conservative. Politically, I am a strong democrat. I do not attend church. I am 42 years old. I am a woman. I am somewhat interested in politics.. Question: Do you think the federal government should be doing more about the opioid drug addiction issue, should be doing less, or is it currently doing the right amount?

Answer choices:
1. Should be doing more 2. Should be doing less 3. Is doing the right amount

When answering, respond ONLY with a single number that corresponds to the option you choose. Do not include any additional text, punctuation or explanation.

My answer is
",1
fake_2690,1,7,3,2,30,2,4,"Today is November 5, 2024. Racially, I am white. Ideologically, I am extremely conservative. Politically, I am an independent who leans Democratic. I do not attend church. I am 30 years old. I am a woman. I am not at all interested in politics.. Question: Do you think the federal government should be doing more about the opioid drug addiction issue, should be doing less, or is it currently doing the right amount?

Answer choices:
1. Should be doing more 2. Should be doing less 3. Is doing the right amount

When answering, respond ONLY with a single number that corresponds to the option you choose. Do not include any additional text, punctuation or explanation.

My answer is
",1
fake_2691,2,2,5,1,24,2,1,"Today is November 5, 2024. Racially, I am black. Ideologically, I am liberal. Politically, I am an independent who leans Republican. I attend church. I am 24 years old. I am a woman. I am very interested in politics.. Question: Do you think the federal government should be doing more about the opioid drug addiction issue, should be doing less, or is it currently doing the right amount?

Answer choices:
1. Should be doing more 2. Should be doing less 3. Is doing the right amount

When answering, respond ONLY with a single number that corresponds to the option you choose. Do not include any additional text, punctuation or explanation.

My answer is
",1
fake_2692,1,6,1,1,77,1,2,"Today is November 5, 2024. Racially, I am white. Ideologically, I am conservative. Politically, I am a strong democrat. I attend church. I am 77 years old. I am a man. I am somewhat interested in politics.. Question: Do you think the federal government should be doing more about the opioid drug addiction issue, should be doing less, or is it currently doing the right amount?

Answer choices:
1. Should be doing more 2. Should be doing less 3. Is doing the right amount

When answering, respond ONLY with a single number that corresponds to the option you choose. Do not include any additional text, punctuation or explanation.

My answer is
",1
fake_2693,1,6,7,2,42,1,2,"Today is November 5, 2024. Racially, I am white. Ideologically, I am conservative. Politically, I am a strong Republican. I do not attend church. I am 42 years old. I am a man. I am somewhat interested in politics.. Question: Do you think the federal government should be doing more about the opioid drug addiction issue, should be doing less, or is it currently doing the right amount?

Answer choices:
1. Should be doing more 2. Should be doing less 3. Is doing the right amount

When answering, respond ONLY with a single number that corresponds to the option you choose. Do not include any additional text, punctuation or explanation.

My answer is
",1
fake_2694,1,7,1,1,80,1,-6,"Today is November 5, 2024. Racially, I am white. Ideologically, I am extremely conservative. Politically, I am a strong democrat. I attend church. I am 80 years old. I am a man.. Question: Do you think the federal government should be doing more about the opioid drug addiction issue, should be doing less, or is it currently doing the right amount?

Answer choices:
1. Should be doing more 2. Should be doing less 3. Is doing the right amount

When answering, respond ONLY with a single number that corresponds to the option you choose. Do not include any additional text, punctuation or explanation.

My answer is
",1
fake_2695,1,5,7,1,75,1,3,"Today is November 5, 2024. Racially, I am white. Ideologically, I am slightly conservative. Politically, I am a strong Republican. I attend church. I am 75 years old. I am a man. I am not very interested in politics.. Question: Do you think the federal government should be doing more about the opioid drug addiction issue, should be doing less, or is it currently doing the right amount?

Answer choices:
1. Should be doing more 2. Should be doing less 3. Is doing the right amount

When answering, respond ONLY with a single number that corresponds to the option you choose. Do not include any additional text, punctuation or explanation.

My answer is
",1
fake_2696,3,99,1,2,45,2,2,"Today is November 5, 2024. Racially, I am hispanic. Politically, I am a strong democrat. I do not attend church. I am 45 years old. I am a woman. I am somewhat interested in politics.. Question: Do you think the federal government should be doing more about the opioid drug addiction issue, should be doing less, or is it currently doing the right amount?

Answer choices:
1. Should be doing more 2. Should be doing less 3. Is doing the right amount

When answering, respond ONLY with a single number that corresponds to the option you choose. Do not include any additional text, punctuation or explanation.

My answer is
",1
fake_2697,3,4,7,1,64,1,-7,"Today is November 5, 2024. Racially, I am hispanic. Ideologically, I am moderate. Politically, I am a strong Republican. I attend church. I am 64 years old. I am a man.. Question: Do you think the federal government should be doing more about the opioid drug addiction issue, should be doing less, or is it currently doing the right amount?

Answer choices:
1. Should be doing more 2. Should be doing less 3. Is doing the right amount

When answering, respond ONLY with a single number that corresponds to the option you choose. Do not include any additional text, punctuation or explanation.

My answer is
",1
fake_2698,3,6,6,2,32,-9,-6,"Today is November 5, 2024. Racially, I am hispanic. Ideologically, I am conservative. Politically, I am a weak Republican. I do not attend church. I am 32 years old.. Question: Do you think the federal government should be doing more about the opioid drug addiction issue, should be doing less, or is it currently doing the right amount?

Answer choices:
1. Should be doing more 2. Should be doing less 3. Is doing the right amount

When answering, respond ONLY with a single number that corresponds to the option you choose. Do not include any additional text, punctuation or explanation.

My answer is
",1
fake_2699,2,6,3,1,41,2,3,"Today is November 5, 2024. Racially, I am black. Ideologically, I am conservative. Politically, I am an independent who leans Democratic. I attend church. I am 41 years old. I am a woman. I am not very interested in politics.. Question: Do you think the federal government should be doing more about the opioid drug addiction issue, should be doing less, or is it currently doing the right amount?

Answer choices:
1. Should be doing more 2. Should be doing less 3. Is doing the right amount

When answering, respond ONLY with a single number that corresponds to the option you choose. Do not include any additional text, punctuation or explanation.

My answer is
",1
fake_2700,3,5,1,2,72,1,1,"Today is November 5, 2024. Racially, I am hispanic. Ideologically, I am slightly conservative. Politically, I am a strong democrat. I do not attend church. I am 72 years old. I am a man. I am very interested in politics.. Question: Do you think the federal government should be doing more about the opioid drug addiction issue, should be doing less, or is it currently doing the right amount?

Answer choices:
1. Should be doing more 2. Should be doing less 3. Is doing the right amount

When answering, respond ONLY with a single number that corresponds to the option you choose. Do not include any additional text, punctuation or explanation.

My answer is
",1
fake_2701,1,99,4,2,30,1,2,"Today is November 5, 2024. Racially, I am white. Politically, I am an independent. I do not attend church. I am 30 years old. I am a man. I am somewhat interested in politics.. Question: Do you think the federal government should be doing more about the opioid drug addiction issue, should be doing less, or is it currently doing the right amount?

Answer choices:
1. Should be doing more 2. Should be doing less 3. Is doing the right amount

When answering, respond ONLY with a single number that corresponds to the option you choose. Do not include any additional text, punctuation or explanation.

My answer is
",1
fake_2702,1,2,2,1,56,2,-6,"Today is November 5, 2024. Racially, I am white. Ideologically, I am liberal. Politically, I am a weak Democrat. I attend church. I am 56 years old. I am a woman.. Question: Do you think the federal government should be doing more about the opioid drug addiction issue, should be doing less, or is it currently doing the right amount?

Answer choices:
1. Should be doing more 2. Should be doing less 3. Is doing the right amount

When answering, respond ONLY with a single number that corresponds to the option you choose. Do not include any additional text, punctuation or explanation.

My answer is
",1
fake_2703,1,6,4,2,76,1,2,"Today is November 5, 2024. Racially, I am white. Ideologically, I am conservative. Politically, I am an independent. I do not attend church. I am 76 years old. I am a man. I am somewhat interested in politics.. Question: Do you think the federal government should be doing more about the opioid drug addiction issue, should be doing less, or is it currently doing the right amount?

Answer choices:
1. Should be doing more 2. Should be doing less 3. Is doing the right amount

When answering, respond ONLY with a single number that corresponds to the option you choose. Do not include any additional text, punctuation or explanation.

My answer is
",1
fake_2704,2,4,1,1,-2,2,2,"Today is November 5, 2024. Racially, I am black. Ideologically, I am moderate. Politically, I am a strong democrat. I attend church. I am a woman. I am somewhat interested in politics.. Question: Do you think the federal government should be doing more about the opioid drug addiction issue, should be doing less, or is it currently doing the right amount?

Answer choices:
1. Should be doing more 2. Should be doing less 3. Is doing the right amount

When answering, respond ONLY with a single number that corresponds to the option you choose. Do not include any additional text, punctuation or explanation.

My answer is
",1
fake_2705,1,2,6,1,35,2,4,"Today is November 5, 2024. Racially, I am white. Ideologically, I am liberal. Politically, I am a weak Republican. I attend church. I am 35 years old. I am a woman. I am not at all interested in politics.. Question: Do you think the federal government should be doing more about the opioid drug addiction issue, should be doing less, or is it currently doing the right amount?

Answer choices:
1. Should be doing more 2. Should be doing less 3. Is doing the right amount

When answering, respond ONLY with a single number that corresponds to the option you choose. Do not include any additional text, punctuation or explanation.

My answer is
",1
fake_2706,2,6,1,1,35,1,2,"Today is November 5, 2024. Racially, I am black. Ideologically, I am conservative. Politically, I am a strong democrat. I attend church. I am 35 years old. I am a man. I am somewhat interested in politics.. Question: Do you think the federal government should be doing more about the opioid drug addiction issue, should be doing less, or is it currently doing the right amount?

Answer choices:
1. Should be doing more 2. Should be doing less 3. Is doing the right amount

When answering, respond ONLY with a single number that corresponds to the option you choose. Do not include any additional text, punctuation or explanation.

My answer is
",1
fake_2707,1,2,2,1,53,1,-6,"Today is November 5, 2024. Racially, I am white. Ideologically, I am liberal. Politically, I am a weak Democrat. I attend church. I am 53 years old. I am a man.. Question: Do you think the federal government should be doing more about the opioid drug addiction issue, should be doing less, or is it currently doing the right amount?

Answer choices:
1. Should be doing more 2. Should be doing less 3. Is doing the right amount

When answering, respond ONLY with a single number that corresponds to the option you choose. Do not include any additional text, punctuation or explanation.

My answer is
",1
fake_2708,1,99,4,2,65,1,3,"Today is November 5, 2024. Racially, I am white. Politically, I am an independent. I do not attend church. I am 65 years old. I am a man. I am not very interested in politics.. Question: Do you think the federal government should be doing more about the opioid drug addiction issue, should be doing less, or is it currently doing the right amount?

Answer choices:
1. Should be doing more 2. Should be doing less 3. Is doing the right amount

When answering, respond ONLY with a single number that corresponds to the option you choose. Do not include any additional text, punctuation or explanation.

My answer is
",1
fake_2709,1,2,5,1,74,1,2,"Today is November 5, 2024. Racially, I am white. Ideologically, I am liberal. Politically, I am an independent who leans Republican. I attend church. I am 74 years old. I am a man. I am somewhat interested in politics.. Question: Do you think the federal government should be doing more about the opioid drug addiction issue, should be doing less, or is it currently doing the right amount?

Answer choices:
1. Should be doing more 2. Should be doing less 3. Is doing the right amount

When answering, respond ONLY with a single number that corresponds to the option you choose. Do not include any additional text, punctuation or explanation.

My answer is
",1
fake_2710,1,4,7,1,74,1,2,"Today is November 5, 2024. Racially, I am white. Ideologically, I am moderate. Politically, I am a strong Republican. I attend church. I am 74 years old. I am a man. I am somewhat interested in politics.. Question: Do you think the federal government should be doing more about the opioid drug addiction issue, should be doing less, or is it currently doing the right amount?

Answer choices:
1. Should be doing more 2. Should be doing less 3. Is doing the right amount

When answering, respond ONLY with a single number that corresponds to the option you choose. Do not include any additional text, punctuation or explanation.

My answer is
",1
fake_2711,1,6,5,1,79,2,3,"Today is November 5, 2024. Racially, I am white. Ideologically, I am conservative. Politically, I am an independent who leans Republican. I attend church. I am 79 years old. I am a woman. I am not very interested in politics.. Question: Do you think the federal government should be doing more about the opioid drug addiction issue, should be doing less, or is it currently doing the right amount?

Answer choices:
1. Should be doing more 2. Should be doing less 3. Is doing the right amount

When answering, respond ONLY with a single number that corresponds to the option you choose. Do not include any additional text, punctuation or explanation.

My answer is
",1
fake_2712,1,99,4,1,28,2,-6,"Today is November 5, 2024. Racially, I am white. Politically, I am an independent. I attend church. I am 28 years old. I am a woman.. Question: Do you think the federal government should be doing more about the opioid drug addiction issue, should be doing less, or is it currently doing the right amount?

Answer choices:
1. Should be doing more 2. Should be doing less 3. Is doing the right amount

When answering, respond ONLY with a single number that corresponds to the option you choose. Do not include any additional text, punctuation or explanation.

My answer is
",1
fake_2713,1,3,1,1,71,2,2,"Today is November 5, 2024. Racially, I am white. Ideologically, I am slightly liberal. Politically, I am a strong democrat. I attend church. I am 71 years old. I am a woman. I am somewhat interested in politics.. Question: Do you think the federal government should be doing more about the opioid drug addiction issue, should be doing less, or is it currently doing the right amount?

Answer choices:
1. Should be doing more 2. Should be doing less 3. Is doing the right amount

When answering, respond ONLY with a single number that corresponds to the option you choose. Do not include any additional text, punctuation or explanation.

My answer is
",1
fake_2714,1,5,1,2,46,1,2,"Today is November 5, 2024. Racially, I am white. Ideologically, I am slightly conservative. Politically, I am a strong democrat. I do not attend church. I am 46 years old. I am a man. I am somewhat interested in politics.. Question: Do you think the federal government should be doing more about the opioid drug addiction issue, should be doing less, or is it currently doing the right amount?

Answer choices:
1. Should be doing more 2. Should be doing less 3. Is doing the right amount

When answering, respond ONLY with a single number that corresponds to the option you choose. Do not include any additional text, punctuation or explanation.

My answer is
",1
fake_2715,1,3,3,2,80,1,-6,"Today is November 5, 2024. Racially, I am white. Ideologically, I am slightly liberal. Politically, I am an independent who leans Democratic. I do not attend church. I am 80 years old. I am a man.. Question: Do you think the federal government should be doing more about the opioid drug addiction issue, should be doing less, or is it currently doing the right amount?

Answer choices:
1. Should be doing more 2. Should be doing less 3. Is doing the right amount

When answering, respond ONLY with a single number that corresponds to the option you choose. Do not include any additional text, punctuation or explanation.

My answer is
",1
fake_2716,1,6,7,2,74,1,1,"Today is November 5, 2024. Racially, I am white. Ideologically, I am conservative. Politically, I am a strong Republican. I do not attend church. I am 74 years old. I am a man. I am very interested in politics.. Question: Do you think the federal government should be doing more about the opioid drug addiction issue, should be doing less, or is it currently doing the right amount?

Answer choices:
1. Should be doing more 2. Should be doing less 3. Is doing the right amount

When answering, respond ONLY with a single number that corresponds to the option you choose. Do not include any additional text, punctuation or explanation.

My answer is
",1
fake_2717,3,2,6,1,20,2,2,"Today is November 5, 2024. Racially, I am hispanic. Ideologically, I am liberal. Politically, I am a weak Republican. I attend church. I am 20 years old. I am a woman. I am somewhat interested in politics.. Question: Do you think the federal government should be doing more about the opioid drug addiction issue, should be doing less, or is it currently doing the right amount?

Answer choices:
1. Should be doing more 2. Should be doing less 3. Is doing the right amount

When answering, respond ONLY with a single number that corresponds to the option you choose. Do not include any additional text, punctuation or explanation.

My answer is
",1
fake_2718,1,7,2,-1,80,2,2,"Today is November 5, 2024. Racially, I am white. Ideologically, I am extremely conservative. Politically, I am a weak Democrat. I am 80 years old. I am a woman. I am somewhat interested in politics.. Question: Do you think the federal government should be doing more about the opioid drug addiction issue, should be doing less, or is it currently doing the right amount?

Answer choices:
1. Should be doing more 2. Should be doing less 3. Is doing the right amount

When answering, respond ONLY with a single number that corresponds to the option you choose. Do not include any additional text, punctuation or explanation.

My answer is
",1
fake_2719,1,7,7,-1,71,2,2,"Today is November 5, 2024. Racially, I am white. Ideologically, I am extremely conservative. Politically, I am a strong Republican. I am 71 years old. I am a woman. I am somewhat interested in politics.. Question: Do you think the federal government should be doing more about the opioid drug addiction issue, should be doing less, or is it currently doing the right amount?

Answer choices:
1. Should be doing more 2. Should be doing less 3. Is doing the right amount

When answering, respond ONLY with a single number that corresponds to the option you choose. Do not include any additional text, punctuation or explanation.

My answer is
",1
fake_2720,1,99,4,1,51,1,2,"Today is November 5, 2024. Racially, I am white. Politically, I am an independent. I attend church. I am 51 years old. I am a man. I am somewhat interested in politics.. Question: Do you think the federal government should be doing more about the opioid drug addiction issue, should be doing less, or is it currently doing the right amount?

Answer choices:
1. Should be doing more 2. Should be doing less 3. Is doing the right amount

When answering, respond ONLY with a single number that corresponds to the option you choose. Do not include any additional text, punctuation or explanation.

My answer is
",1
fake_2721,1,3,7,2,66,1,4,"Today is November 5, 2024. Racially, I am white. Ideologically, I am slightly liberal. Politically, I am a strong Republican. I do not attend church. I am 66 years old. I am a man. I am not at all interested in politics.. Question: Do you think the federal government should be doing more about the opioid drug addiction issue, should be doing less, or is it currently doing the right amount?

Answer choices:
1. Should be doing more 2. Should be doing less 3. Is doing the right amount

When answering, respond ONLY with a single number that corresponds to the option you choose. Do not include any additional text, punctuation or explanation.

My answer is
",1
fake_2722,1,6,2,2,75,2,2,"Today is November 5, 2024. Racially, I am white. Ideologically, I am conservative. Politically, I am a weak Democrat. I do not attend church. I am 75 years old. I am a woman. I am somewhat interested in politics.. Question: Do you think the federal government should be doing more about the opioid drug addiction issue, should be doing less, or is it currently doing the right amount?

Answer choices:
1. Should be doing more 2. Should be doing less 3. Is doing the right amount

When answering, respond ONLY with a single number that corresponds to the option you choose. Do not include any additional text, punctuation or explanation.

My answer is
",1
fake_2723,1,6,4,2,62,1,2,"Today is November 5, 2024. Racially, I am white. Ideologically, I am conservative. Politically, I am an independent. I do not attend church. I am 62 years old. I am a man. I am somewhat interested in politics.. Question: Do you think the federal government should be doing more about the opioid drug addiction issue, should be doing less, or is it currently doing the right amount?

Answer choices:
1. Should be doing more 2. Should be doing less 3. Is doing the right amount

When answering, respond ONLY with a single number that corresponds to the option you choose. Do not include any additional text, punctuation or explanation.

My answer is
",1
fake_2724,1,5,1,1,40,2,-7,"Today is November 5, 2024. Racially, I am white. Ideologically, I am slightly conservative. Politically, I am a strong democrat. I attend church. I am 40 years old. I am a woman.. Question: Do you think the federal government should be doing more about the opioid drug addiction issue, should be doing less, or is it currently doing the right amount?

Answer choices:
1. Should be doing more 2. Should be doing less 3. Is doing the right amount

When answering, respond ONLY with a single number that corresponds to the option you choose. Do not include any additional text, punctuation or explanation.

My answer is
",1
fake_2725,1,4,7,2,25,2,2,"Today is November 5, 2024. Racially, I am white. Ideologically, I am moderate. Politically, I am a strong Republican. I do not attend church. I am 25 years old. I am a woman. I am somewhat interested in politics.. Question: Do you think the federal government should be doing more about the opioid drug addiction issue, should be doing less, or is it currently doing the right amount?

Answer choices:
1. Should be doing more 2. Should be doing less 3. Is doing the right amount

When answering, respond ONLY with a single number that corresponds to the option you choose. Do not include any additional text, punctuation or explanation.

My answer is
",1
fake_2726,1,6,3,2,-2,1,2,"Today is November 5, 2024. Racially, I am white. Ideologically, I am conservative. Politically, I am an independent who leans Democratic. I do not attend church. I am a man. I am somewhat interested in politics.. Question: Do you think the federal government should be doing more about the opioid drug addiction issue, should be doing less, or is it currently doing the right amount?

Answer choices:
1. Should be doing more 2. Should be doing less 3. Is doing the right amount

When answering, respond ONLY with a single number that corresponds to the option you choose. Do not include any additional text, punctuation or explanation.

My answer is
",1
fake_2727,1,99,2,1,42,2,2,"Today is November 5, 2024. Racially, I am white. Politically, I am a weak Democrat. I attend church. I am 42 years old. I am a woman. I am somewhat interested in politics.. Question: Do you think the federal government should be doing more about the opioid drug addiction issue, should be doing less, or is it currently doing the right amount?

Answer choices:
1. Should be doing more 2. Should be doing less 3. Is doing the right amount

When answering, respond ONLY with a single number that corresponds to the option you choose. Do not include any additional text, punctuation or explanation.

My answer is
",1
fake_2728,3,5,6,1,51,2,3,"Today is November 5, 2024. Racially, I am hispanic. Ideologically, I am slightly conservative. Politically, I am a weak Republican. I attend church. I am 51 years old. I am a woman. I am not very interested in politics.. Question: Do you think the federal government should be doing more about the opioid drug addiction issue, should be doing less, or is it currently doing the right amount?

Answer choices:
1. Should be doing more 2. Should be doing less 3. Is doing the right amount

When answering, respond ONLY with a single number that corresponds to the option you choose. Do not include any additional text, punctuation or explanation.

My answer is
",1
fake_2729,1,99,6,1,67,2,2,"Today is November 5, 2024. Racially, I am white. Politically, I am a weak Republican. I attend church. I am 67 years old. I am a woman. I am somewhat interested in politics.. Question: Do you think the federal government should be doing more about the opioid drug addiction issue, should be doing less, or is it currently doing the right amount?

Answer choices:
1. Should be doing more 2. Should be doing less 3. Is doing the right amount

When answering, respond ONLY with a single number that corresponds to the option you choose. Do not include any additional text, punctuation or explanation.

My answer is
",1
fake_2730,1,2,3,-1,76,1,2,"Today is November 5, 2024. Racially, I am white. Ideologically, I am liberal. Politically, I am an independent who leans Democratic. I am 76 years old. I am a man. I am somewhat interested in politics.. Question: Do you think the federal government should be doing more about the opioid drug addiction issue, should be doing less, or is it currently doing the right amount?

Answer choices:
1. Should be doing more 2. Should be doing less 3. Is doing the right amount

When answering, respond ONLY with a single number that corresponds to the option you choose. Do not include any additional text, punctuation or explanation.

My answer is
",1
fake_2731,1,6,2,1,50,2,3,"Today is November 5, 2024. Racially, I am white. Ideologically, I am conservative. Politically, I am a weak Democrat. I attend church. I am 50 years old. I am a woman. I am not very interested in politics.. Question: Do you think the federal government should be doing more about the opioid drug addiction issue, should be doing less, or is it currently doing the right amount?

Answer choices:
1. Should be doing more 2. Should be doing less 3. Is doing the right amount

When answering, respond ONLY with a single number that corresponds to the option you choose. Do not include any additional text, punctuation or explanation.

My answer is
",1
fake_2732,1,6,7,1,67,1,2,"Today is November 5, 2024. Racially, I am white. Ideologically, I am conservative. Politically, I am a strong Republican. I attend church. I am 67 years old. I am a man. I am somewhat interested in politics.. Question: Do you think the federal government should be doing more about the opioid drug addiction issue, should be doing less, or is it currently doing the right amount?

Answer choices:
1. Should be doing more 2. Should be doing less 3. Is doing the right amount

When answering, respond ONLY with a single number that corresponds to the option you choose. Do not include any additional text, punctuation or explanation.

My answer is
",1
fake_2733,1,5,5,2,78,2,1,"Today is November 5, 2024. Racially, I am white. Ideologically, I am slightly conservative. Politically, I am an independent who leans Republican. I do not attend church. I am 78 years old. I am a woman. I am very interested in politics.. Question: Do you think the federal government should be doing more about the opioid drug addiction issue, should be doing less, or is it currently doing the right amount?

Answer choices:
1. Should be doing more 2. Should be doing less 3. Is doing the right amount

When answering, respond ONLY with a single number that corresponds to the option you choose. Do not include any additional text, punctuation or explanation.

My answer is
",1
fake_2734,1,99,5,2,31,1,-6,"Today is November 5, 2024. Racially, I am white. Politically, I am an independent who leans Republican. I do not attend church. I am 31 years old. I am a man.. Question: Do you think the federal government should be doing more about the opioid drug addiction issue, should be doing less, or is it currently doing the right amount?

Answer choices:
1. Should be doing more 2. Should be doing less 3. Is doing the right amount

When answering, respond ONLY with a single number that corresponds to the option you choose. Do not include any additional text, punctuation or explanation.

My answer is
",1
fake_2735,1,4,5,2,68,1,2,"Today is November 5, 2024. Racially, I am white. Ideologically, I am moderate. Politically, I am an independent who leans Republican. I do not attend church. I am 68 years old. I am a man. I am somewhat interested in politics.. Question: Do you think the federal government should be doing more about the opioid drug addiction issue, should be doing less, or is it currently doing the right amount?

Answer choices:
1. Should be doing more 2. Should be doing less 3. Is doing the right amount

When answering, respond ONLY with a single number that corresponds to the option you choose. Do not include any additional text, punctuation or explanation.

My answer is
",1
fake_2736,1,5,2,1,64,1,1,"Today is November 5, 2024. Racially, I am white. Ideologically, I am slightly conservative. Politically, I am a weak Democrat. I attend church. I am 64 years old. I am a man. I am very interested in politics.. Question: Do you think the federal government should be doing more about the opioid drug addiction issue, should be doing less, or is it currently doing the right amount?

Answer choices:
1. Should be doing more 2. Should be doing less 3. Is doing the right amount

When answering, respond ONLY with a single number that corresponds to the option you choose. Do not include any additional text, punctuation or explanation.

My answer is
",1
fake_2737,3,99,1,2,27,2,-6,"Today is November 5, 2024. Racially, I am hispanic. Politically, I am a strong democrat. I do not attend church. I am 27 years old. I am a woman.. Question: Do you think the federal government should be doing more about the opioid drug addiction issue, should be doing less, or is it currently doing the right amount?

Answer choices:
1. Should be doing more 2. Should be doing less 3. Is doing the right amount

When answering, respond ONLY with a single number that corresponds to the option you choose. Do not include any additional text, punctuation or explanation.

My answer is
",1
fake_2738,1,99,1,2,49,1,2,"Today is November 5, 2024. Racially, I am white. Politically, I am a strong democrat. I do not attend church. I am 49 years old. I am a man. I am somewhat interested in politics.. Question: Do you think the federal government should be doing more about the opioid drug addiction issue, should be doing less, or is it currently doing the right amount?

Answer choices:
1. Should be doing more 2. Should be doing less 3. Is doing the right amount

When answering, respond ONLY with a single number that corresponds to the option you choose. Do not include any additional text, punctuation or explanation.

My answer is
",1
fake_2739,1,2,1,2,-2,1,2,"Today is November 5, 2024. Racially, I am white. Ideologically, I am liberal. Politically, I am a strong democrat. I do not attend church. I am a man. I am somewhat interested in politics.. Question: Do you think the federal government should be doing more about the opioid drug addiction issue, should be doing less, or is it currently doing the right amount?

Answer choices:
1. Should be doing more 2. Should be doing less 3. Is doing the right amount

When answering, respond ONLY with a single number that corresponds to the option you choose. Do not include any additional text, punctuation or explanation.

My answer is
",1
fake_2740,1,99,1,1,47,1,3,"Today is November 5, 2024. Racially, I am white. Politically, I am a strong democrat. I attend church. I am 47 years old. I am a man. I am not very interested in politics.. Question: Do you think the federal government should be doing more about the opioid drug addiction issue, should be doing less, or is it currently doing the right amount?

Answer choices:
1. Should be doing more 2. Should be doing less 3. Is doing the right amount

When answering, respond ONLY with a single number that corresponds to the option you choose. Do not include any additional text, punctuation or explanation.

My answer is
",1
fake_2741,1,99,6,2,33,2,2,"Today is November 5, 2024. Racially, I am white. Politically, I am a weak Republican. I do not attend church. I am 33 years old. I am a woman. I am somewhat interested in politics.. Question: Do you think the federal government should be doing more about the opioid drug addiction issue, should be doing less, or is it currently doing the right amount?

Answer choices:
1. Should be doing more 2. Should be doing less 3. Is doing the right amount

When answering, respond ONLY with a single number that corresponds to the option you choose. Do not include any additional text, punctuation or explanation.

My answer is
",1
fake_2742,1,5,7,1,38,2,2,"Today is November 5, 2024. Racially, I am white. Ideologically, I am slightly conservative. Politically, I am a strong Republican. I attend church. I am 38 years old. I am a woman. I am somewhat interested in politics.. Question: Do you think the federal government should be doing more about the opioid drug addiction issue, should be doing less, or is it currently doing the right amount?

Answer choices:
1. Should be doing more 2. Should be doing less 3. Is doing the right amount

When answering, respond ONLY with a single number that corresponds to the option you choose. Do not include any additional text, punctuation or explanation.

My answer is
",1
fake_2743,1,6,7,2,46,1,4,"Today is November 5, 2024. Racially, I am white. Ideologically, I am conservative. Politically, I am a strong Republican. I do not attend church. I am 46 years old. I am a man. I am not at all interested in politics.. Question: Do you think the federal government should be doing more about the opioid drug addiction issue, should be doing less, or is it currently doing the right amount?

Answer choices:
1. Should be doing more 2. Should be doing less 3. Is doing the right amount

When answering, respond ONLY with a single number that corresponds to the option you choose. Do not include any additional text, punctuation or explanation.

My answer is
",1
fake_2744,1,99,3,1,80,2,3,"Today is November 5, 2024. Racially, I am white. Politically, I am an independent who leans Democratic. I attend church. I am 80 years old. I am a woman. I am not very interested in politics.. Question: Do you think the federal government should be doing more about the opioid drug addiction issue, should be doing less, or is it currently doing the right amount?

Answer choices:
1. Should be doing more 2. Should be doing less 3. Is doing the right amount

When answering, respond ONLY with a single number that corresponds to the option you choose. Do not include any additional text, punctuation or explanation.

My answer is
",1
fake_2745,1,5,5,-1,68,1,2,"Today is November 5, 2024. Racially, I am white. Ideologically, I am slightly conservative. Politically, I am an independent who leans Republican. I am 68 years old. I am a man. I am somewhat interested in politics.. Question: Do you think the federal government should be doing more about the opioid drug addiction issue, should be doing less, or is it currently doing the right amount?

Answer choices:
1. Should be doing more 2. Should be doing less 3. Is doing the right amount

When answering, respond ONLY with a single number that corresponds to the option you choose. Do not include any additional text, punctuation or explanation.

My answer is
",1
fake_2746,1,3,1,1,35,2,1,"Today is November 5, 2024. Racially, I am white. Ideologically, I am slightly liberal. Politically, I am a strong democrat. I attend church. I am 35 years old. I am a woman. I am very interested in politics.. Question: Do you think the federal government should be doing more about the opioid drug addiction issue, should be doing less, or is it currently doing the right amount?

Answer choices:
1. Should be doing more 2. Should be doing less 3. Is doing the right amount

When answering, respond ONLY with a single number that corresponds to the option you choose. Do not include any additional text, punctuation or explanation.

My answer is
",1
fake_2747,4,2,1,2,45,1,1,"Today is November 5, 2024. Racially, I am asian. Ideologically, I am liberal. Politically, I am a strong democrat. I do not attend church. I am 45 years old. I am a man. I am very interested in politics.. Question: Do you think the federal government should be doing more about the opioid drug addiction issue, should be doing less, or is it currently doing the right amount?

Answer choices:
1. Should be doing more 2. Should be doing less 3. Is doing the right amount

When answering, respond ONLY with a single number that corresponds to the option you choose. Do not include any additional text, punctuation or explanation.

My answer is
",1
fake_2748,1,99,3,2,80,2,2,"Today is November 5, 2024. Racially, I am white. Politically, I am an independent who leans Democratic. I do not attend church. I am 80 years old. I am a woman. I am somewhat interested in politics.. Question: Do you think the federal government should be doing more about the opioid drug addiction issue, should be doing less, or is it currently doing the right amount?

Answer choices:
1. Should be doing more 2. Should be doing less 3. Is doing the right amount

When answering, respond ONLY with a single number that corresponds to the option you choose. Do not include any additional text, punctuation or explanation.

My answer is
",1
fake_2749,1,-9,7,1,37,1,2,"Today is November 5, 2024. Racially, I am white. Politically, I am a strong Republican. I attend church. I am 37 years old. I am a man. I am somewhat interested in politics.. Question: Do you think the federal government should be doing more about the opioid drug addiction issue, should be doing less, or is it currently doing the right amount?

Answer choices:
1. Should be doing more 2. Should be doing less 3. Is doing the right amount

When answering, respond ONLY with a single number that corresponds to the option you choose. Do not include any additional text, punctuation or explanation.

My answer is
",1
fake_2750,1,2,1,1,80,2,1,"Today is November 5, 2024. Racially, I am white. Ideologically, I am liberal. Politically, I am a strong democrat. I attend church. I am 80 years old. I am a woman. I am very interested in politics.. Question: Do you think the federal government should be doing more about the opioid drug addiction issue, should be doing less, or is it currently doing the right amount?

Answer choices:
1. Should be doing more 2. Should be doing less 3. Is doing the right amount

When answering, respond ONLY with a single number that corresponds to the option you choose. Do not include any additional text, punctuation or explanation.

My answer is
",1
fake_2751,1,6,7,1,69,2,2,"Today is November 5, 2024. Racially, I am white. Ideologically, I am conservative. Politically, I am a strong Republican. I attend church. I am 69 years old. I am a woman. I am somewhat interested in politics.. Question: Do you think the federal government should be doing more about the opioid drug addiction issue, should be doing less, or is it currently doing the right amount?

Answer choices:
1. Should be doing more 2. Should be doing less 3. Is doing the right amount

When answering, respond ONLY with a single number that corresponds to the option you choose. Do not include any additional text, punctuation or explanation.

My answer is
",1
fake_2752,1,5,2,1,53,2,3,"Today is November 5, 2024. Racially, I am white. Ideologically, I am slightly conservative. Politically, I am a weak Democrat. I attend church. I am 53 years old. I am a woman. I am not very interested in politics.. Question: Do you think the federal government should be doing more about the opioid drug addiction issue, should be doing less, or is it currently doing the right amount?

Answer choices:
1. Should be doing more 2. Should be doing less 3. Is doing the right amount

When answering, respond ONLY with a single number that corresponds to the option you choose. Do not include any additional text, punctuation or explanation.

My answer is
",1
fake_2753,4,4,5,2,35,2,3,"Today is November 5, 2024. Racially, I am asian. Ideologically, I am moderate. Politically, I am an independent who leans Republican. I do not attend church. I am 35 years old. I am a woman. I am not very interested in politics.. Question: Do you think the federal government should be doing more about the opioid drug addiction issue, should be doing less, or is it currently doing the right amount?

Answer choices:
1. Should be doing more 2. Should be doing less 3. Is doing the right amount

When answering, respond ONLY with a single number that corresponds to the option you choose. Do not include any additional text, punctuation or explanation.

My answer is
",1
fake_2754,3,5,7,2,69,1,2,"Today is November 5, 2024. Racially, I am hispanic. Ideologically, I am slightly conservative. Politically, I am a strong Republican. I do not attend church. I am 69 years old. I am a man. I am somewhat interested in politics.. Question: Do you think the federal government should be doing more about the opioid drug addiction issue, should be doing less, or is it currently doing the right amount?

Answer choices:
1. Should be doing more 2. Should be doing less 3. Is doing the right amount

When answering, respond ONLY with a single number that corresponds to the option you choose. Do not include any additional text, punctuation or explanation.

My answer is
",1
fake_2755,2,6,4,1,-2,1,2,"Today is November 5, 2024. Racially, I am black. Ideologically, I am conservative. Politically, I am an independent. I attend church. I am a man. I am somewhat interested in politics.. Question: Do you think the federal government should be doing more about the opioid drug addiction issue, should be doing less, or is it currently doing the right amount?

Answer choices:
1. Should be doing more 2. Should be doing less 3. Is doing the right amount

When answering, respond ONLY with a single number that corresponds to the option you choose. Do not include any additional text, punctuation or explanation.

My answer is
",1
fake_2756,5,4,7,1,29,1,1,"Today is November 5, 2024. Racially, I am native American. Ideologically, I am moderate. Politically, I am a strong Republican. I attend church. I am 29 years old. I am a man. I am very interested in politics.. Question: Do you think the federal government should be doing more about the opioid drug addiction issue, should be doing less, or is it currently doing the right amount?

Answer choices:
1. Should be doing more 2. Should be doing less 3. Is doing the right amount

When answering, respond ONLY with a single number that corresponds to the option you choose. Do not include any additional text, punctuation or explanation.

My answer is
",1
fake_2757,1,1,2,1,33,2,-6,"Today is November 5, 2024. Racially, I am white. Ideologically, I am extremely liberal. Politically, I am a weak Democrat. I attend church. I am 33 years old. I am a woman.. Question: Do you think the federal government should be doing more about the opioid drug addiction issue, should be doing less, or is it currently doing the right amount?

Answer choices:
1. Should be doing more 2. Should be doing less 3. Is doing the right amount

When answering, respond ONLY with a single number that corresponds to the option you choose. Do not include any additional text, punctuation or explanation.

My answer is
",1
fake_2758,1,5,1,1,77,2,2,"Today is November 5, 2024. Racially, I am white. Ideologically, I am slightly conservative. Politically, I am a strong democrat. I attend church. I am 77 years old. I am a woman. I am somewhat interested in politics.. Question: Do you think the federal government should be doing more about the opioid drug addiction issue, should be doing less, or is it currently doing the right amount?

Answer choices:
1. Should be doing more 2. Should be doing less 3. Is doing the right amount

When answering, respond ONLY with a single number that corresponds to the option you choose. Do not include any additional text, punctuation or explanation.

My answer is
",1
fake_2759,1,-9,7,1,71,1,3,"Today is November 5, 2024. Racially, I am white. Politically, I am a strong Republican. I attend church. I am 71 years old. I am a man. I am not very interested in politics.. Question: Do you think the federal government should be doing more about the opioid drug addiction issue, should be doing less, or is it currently doing the right amount?

Answer choices:
1. Should be doing more 2. Should be doing less 3. Is doing the right amount

When answering, respond ONLY with a single number that corresponds to the option you choose. Do not include any additional text, punctuation or explanation.

My answer is
",1
fake_2760,1,5,5,-1,80,1,1,"Today is November 5, 2024. Racially, I am white. Ideologically, I am slightly conservative. Politically, I am an independent who leans Republican. I am 80 years old. I am a man. I am very interested in politics.. Question: Do you think the federal government should be doing more about the opioid drug addiction issue, should be doing less, or is it currently doing the right amount?

Answer choices:
1. Should be doing more 2. Should be doing less 3. Is doing the right amount

When answering, respond ONLY with a single number that corresponds to the option you choose. Do not include any additional text, punctuation or explanation.

My answer is
",1
fake_2761,1,7,1,2,27,1,4,"Today is November 5, 2024. Racially, I am white. Ideologically, I am extremely conservative. Politically, I am a strong democrat. I do not attend church. I am 27 years old. I am a man. I am not at all interested in politics.. Question: Do you think the federal government should be doing more about the opioid drug addiction issue, should be doing less, or is it currently doing the right amount?

Answer choices:
1. Should be doing more 2. Should be doing less 3. Is doing the right amount

When answering, respond ONLY with a single number that corresponds to the option you choose. Do not include any additional text, punctuation or explanation.

My answer is
",1
fake_2762,1,4,2,2,46,1,1,"Today is November 5, 2024. Racially, I am white. Ideologically, I am moderate. Politically, I am a weak Democrat. I do not attend church. I am 46 years old. I am a man. I am very interested in politics.. Question: Do you think the federal government should be doing more about the opioid drug addiction issue, should be doing less, or is it currently doing the right amount?

Answer choices:
1. Should be doing more 2. Should be doing less 3. Is doing the right amount

When answering, respond ONLY with a single number that corresponds to the option you choose. Do not include any additional text, punctuation or explanation.

My answer is
",1
fake_2763,1,1,4,2,55,1,3,"Today is November 5, 2024. Racially, I am white. Ideologically, I am extremely liberal. Politically, I am an independent. I do not attend church. I am 55 years old. I am a man. I am not very interested in politics.. Question: Do you think the federal government should be doing more about the opioid drug addiction issue, should be doing less, or is it currently doing the right amount?

Answer choices:
1. Should be doing more 2. Should be doing less 3. Is doing the right amount

When answering, respond ONLY with a single number that corresponds to the option you choose. Do not include any additional text, punctuation or explanation.

My answer is
",1
fake_2764,3,3,5,1,74,2,2,"Today is November 5, 2024. Racially, I am hispanic. Ideologically, I am slightly liberal. Politically, I am an independent who leans Republican. I attend church. I am 74 years old. I am a woman. I am somewhat interested in politics.. Question: Do you think the federal government should be doing more about the opioid drug addiction issue, should be doing less, or is it currently doing the right amount?

Answer choices:
1. Should be doing more 2. Should be doing less 3. Is doing the right amount

When answering, respond ONLY with a single number that corresponds to the option you choose. Do not include any additional text, punctuation or explanation.

My answer is
",1
fake_2765,1,99,6,2,64,1,1,"Today is November 5, 2024. Racially, I am white. Politically, I am a weak Republican. I do not attend church. I am 64 years old. I am a man. I am very interested in politics.. Question: Do you think the federal government should be doing more about the opioid drug addiction issue, should be doing less, or is it currently doing the right amount?

Answer choices:
1. Should be doing more 2. Should be doing less 3. Is doing the right amount

When answering, respond ONLY with a single number that corresponds to the option you choose. Do not include any additional text, punctuation or explanation.

My answer is
",1
fake_2766,1,6,7,1,20,-9,2,"Today is November 5, 2024. Racially, I am white. Ideologically, I am conservative. Politically, I am a strong Republican. I attend church. I am 20 years old. I am somewhat interested in politics.. Question: Do you think the federal government should be doing more about the opioid drug addiction issue, should be doing less, or is it currently doing the right amount?

Answer choices:
1. Should be doing more 2. Should be doing less 3. Is doing the right amount

When answering, respond ONLY with a single number that corresponds to the option you choose. Do not include any additional text, punctuation or explanation.

My answer is
",1
fake_2767,1,6,6,2,49,2,3,"Today is November 5, 2024. Racially, I am white. Ideologically, I am conservative. Politically, I am a weak Republican. I do not attend church. I am 49 years old. I am a woman. I am not very interested in politics.. Question: Do you think the federal government should be doing more about the opioid drug addiction issue, should be doing less, or is it currently doing the right amount?

Answer choices:
1. Should be doing more 2. Should be doing less 3. Is doing the right amount

When answering, respond ONLY with a single number that corresponds to the option you choose. Do not include any additional text, punctuation or explanation.

My answer is
",1
fake_2768,1,4,3,2,44,1,3,"Today is November 5, 2024. Racially, I am white. Ideologically, I am moderate. Politically, I am an independent who leans Democratic. I do not attend church. I am 44 years old. I am a man. I am not very interested in politics.. Question: Do you think the federal government should be doing more about the opioid drug addiction issue, should be doing less, or is it currently doing the right amount?

Answer choices:
1. Should be doing more 2. Should be doing less 3. Is doing the right amount

When answering, respond ONLY with a single number that corresponds to the option you choose. Do not include any additional text, punctuation or explanation.

My answer is
",1
fake_2769,1,2,2,1,56,1,2,"Today is November 5, 2024. Racially, I am white. Ideologically, I am liberal. Politically, I am a weak Democrat. I attend church. I am 56 years old. I am a man. I am somewhat interested in politics.. Question: Do you think the federal government should be doing more about the opioid drug addiction issue, should be doing less, or is it currently doing the right amount?

Answer choices:
1. Should be doing more 2. Should be doing less 3. Is doing the right amount

When answering, respond ONLY with a single number that corresponds to the option you choose. Do not include any additional text, punctuation or explanation.

My answer is
",1
fake_2770,1,99,6,1,60,2,1,"Today is November 5, 2024. Racially, I am white. Politically, I am a weak Republican. I attend church. I am 60 years old. I am a woman. I am very interested in politics.. Question: Do you think the federal government should be doing more about the opioid drug addiction issue, should be doing less, or is it currently doing the right amount?

Answer choices:
1. Should be doing more 2. Should be doing less 3. Is doing the right amount

When answering, respond ONLY with a single number that corresponds to the option you choose. Do not include any additional text, punctuation or explanation.

My answer is
",1
fake_2771,1,5,7,1,71,1,2,"Today is November 5, 2024. Racially, I am white. Ideologically, I am slightly conservative. Politically, I am a strong Republican. I attend church. I am 71 years old. I am a man. I am somewhat interested in politics.. Question: Do you think the federal government should be doing more about the opioid drug addiction issue, should be doing less, or is it currently doing the right amount?

Answer choices:
1. Should be doing more 2. Should be doing less 3. Is doing the right amount

When answering, respond ONLY with a single number that corresponds to the option you choose. Do not include any additional text, punctuation or explanation.

My answer is
",1
fake_2772,1,5,7,1,71,1,2,"Today is November 5, 2024. Racially, I am white. Ideologically, I am slightly conservative. Politically, I am a strong Republican. I attend church. I am 71 years old. I am a man. I am somewhat interested in politics.. Question: Do you think the federal government should be doing more about the opioid drug addiction issue, should be doing less, or is it currently doing the right amount?

Answer choices:
1. Should be doing more 2. Should be doing less 3. Is doing the right amount

When answering, respond ONLY with a single number that corresponds to the option you choose. Do not include any additional text, punctuation or explanation.

My answer is
",1
fake_2773,1,5,1,1,37,1,1,"Today is November 5, 2024. Racially, I am white. Ideologically, I am slightly conservative. Politically, I am a strong democrat. I attend church. I am 37 years old. I am a man. I am very interested in politics.. Question: Do you think the federal government should be doing more about the opioid drug addiction issue, should be doing less, or is it currently doing the right amount?

Answer choices:
1. Should be doing more 2. Should be doing less 3. Is doing the right amount

When answering, respond ONLY with a single number that corresponds to the option you choose. Do not include any additional text, punctuation or explanation.

My answer is
",1
fake_2774,1,3,4,2,24,1,2,"Today is November 5, 2024. Racially, I am white. Ideologically, I am slightly liberal. Politically, I am an independent. I do not attend church. I am 24 years old. I am a man. I am somewhat interested in politics.. Question: Do you think the federal government should be doing more about the opioid drug addiction issue, should be doing less, or is it currently doing the right amount?

Answer choices:
1. Should be doing more 2. Should be doing less 3. Is doing the right amount

When answering, respond ONLY with a single number that corresponds to the option you choose. Do not include any additional text, punctuation or explanation.

My answer is
",1
fake_2775,1,6,1,2,36,1,3,"Today is November 5, 2024. Racially, I am white. Ideologically, I am conservative. Politically, I am a strong democrat. I do not attend church. I am 36 years old. I am a man. I am not very interested in politics.. Question: Do you think the federal government should be doing more about the opioid drug addiction issue, should be doing less, or is it currently doing the right amount?

Answer choices:
1. Should be doing more 2. Should be doing less 3. Is doing the right amount

When answering, respond ONLY with a single number that corresponds to the option you choose. Do not include any additional text, punctuation or explanation.

My answer is
",1
fake_2776,1,6,3,2,48,1,2,"Today is November 5, 2024. Racially, I am white. Ideologically, I am conservative. Politically, I am an independent who leans Democratic. I do not attend church. I am 48 years old. I am a man. I am somewhat interested in politics.. Question: Do you think the federal government should be doing more about the opioid drug addiction issue, should be doing less, or is it currently doing the right amount?

Answer choices:
1. Should be doing more 2. Should be doing less 3. Is doing the right amount

When answering, respond ONLY with a single number that corresponds to the option you choose. Do not include any additional text, punctuation or explanation.

My answer is
",1
fake_2777,1,4,4,2,36,2,2,"Today is November 5, 2024. Racially, I am white. Ideologically, I am moderate. Politically, I am an independent. I do not attend church. I am 36 years old. I am a woman. I am somewhat interested in politics.. Question: Do you think the federal government should be doing more about the opioid drug addiction issue, should be doing less, or is it currently doing the right amount?

Answer choices:
1. Should be doing more 2. Should be doing less 3. Is doing the right amount

When answering, respond ONLY with a single number that corresponds to the option you choose. Do not include any additional text, punctuation or explanation.

My answer is
",1
fake_2778,1,7,6,2,24,2,4,"Today is November 5, 2024. Racially, I am white. Ideologically, I am extremely conservative. Politically, I am a weak Republican. I do not attend church. I am 24 years old. I am a woman. I am not at all interested in politics.. Question: Do you think the federal government should be doing more about the opioid drug addiction issue, should be doing less, or is it currently doing the right amount?

Answer choices:
1. Should be doing more 2. Should be doing less 3. Is doing the right amount

When answering, respond ONLY with a single number that corresponds to the option you choose. Do not include any additional text, punctuation or explanation.

My answer is
",1
fake_2779,1,6,3,1,51,1,1,"Today is November 5, 2024. Racially, I am white. Ideologically, I am conservative. Politically, I am an independent who leans Democratic. I attend church. I am 51 years old. I am a man. I am very interested in politics.. Question: Do you think the federal government should be doing more about the opioid drug addiction issue, should be doing less, or is it currently doing the right amount?

Answer choices:
1. Should be doing more 2. Should be doing less 3. Is doing the right amount

When answering, respond ONLY with a single number that corresponds to the option you choose. Do not include any additional text, punctuation or explanation.

My answer is
",1
fake_2780,1,3,7,-1,58,2,4,"Today is November 5, 2024. Racially, I am white. Ideologically, I am slightly liberal. Politically, I am a strong Republican. I am 58 years old. I am a woman. I am not at all interested in politics.. Question: Do you think the federal government should be doing more about the opioid drug addiction issue, should be doing less, or is it currently doing the right amount?

Answer choices:
1. Should be doing more 2. Should be doing less 3. Is doing the right amount

When answering, respond ONLY with a single number that corresponds to the option you choose. Do not include any additional text, punctuation or explanation.

My answer is
",1
fake_2781,1,4,1,2,57,2,2,"Today is November 5, 2024. Racially, I am white. Ideologically, I am moderate. Politically, I am a strong democrat. I do not attend church. I am 57 years old. I am a woman. I am somewhat interested in politics.. Question: Do you think the federal government should be doing more about the opioid drug addiction issue, should be doing less, or is it currently doing the right amount?

Answer choices:
1. Should be doing more 2. Should be doing less 3. Is doing the right amount

When answering, respond ONLY with a single number that corresponds to the option you choose. Do not include any additional text, punctuation or explanation.

My answer is
",1
fake_2782,1,6,1,1,52,2,3,"Today is November 5, 2024. Racially, I am white. Ideologically, I am conservative. Politically, I am a strong democrat. I attend church. I am 52 years old. I am a woman. I am not very interested in politics.. Question: Do you think the federal government should be doing more about the opioid drug addiction issue, should be doing less, or is it currently doing the right amount?

Answer choices:
1. Should be doing more 2. Should be doing less 3. Is doing the right amount

When answering, respond ONLY with a single number that corresponds to the option you choose. Do not include any additional text, punctuation or explanation.

My answer is
",1
fake_2783,1,7,7,2,50,1,4,"Today is November 5, 2024. Racially, I am white. Ideologically, I am extremely conservative. Politically, I am a strong Republican. I do not attend church. I am 50 years old. I am a man. I am not at all interested in politics.. Question: Do you think the federal government should be doing more about the opioid drug addiction issue, should be doing less, or is it currently doing the right amount?

Answer choices:
1. Should be doing more 2. Should be doing less 3. Is doing the right amount

When answering, respond ONLY with a single number that corresponds to the option you choose. Do not include any additional text, punctuation or explanation.

My answer is
",2
fake_2784,3,4,3,1,42,2,-6,"Today is November 5, 2024. Racially, I am hispanic. Ideologically, I am moderate. Politically, I am an independent who leans Democratic. I attend church. I am 42 years old. I am a woman.. Question: Do you think the federal government should be doing more about the opioid drug addiction issue, should be doing less, or is it currently doing the right amount?

Answer choices:
1. Should be doing more 2. Should be doing less 3. Is doing the right amount

When answering, respond ONLY with a single number that corresponds to the option you choose. Do not include any additional text, punctuation or explanation.

My answer is
",1
fake_2785,1,99,5,2,55,2,2,"Today is November 5, 2024. Racially, I am white. Politically, I am an independent who leans Republican. I do not attend church. I am 55 years old. I am a woman. I am somewhat interested in politics.. Question: Do you think the federal government should be doing more about the opioid drug addiction issue, should be doing less, or is it currently doing the right amount?

Answer choices:
1. Should be doing more 2. Should be doing less 3. Is doing the right amount

When answering, respond ONLY with a single number that corresponds to the option you choose. Do not include any additional text, punctuation or explanation.

My answer is
",1
fake_2786,2,4,3,2,29,1,2,"Today is November 5, 2024. Racially, I am black. Ideologically, I am moderate. Politically, I am an independent who leans Democratic. I do not attend church. I am 29 years old. I am a man. I am somewhat interested in politics.. Question: Do you think the federal government should be doing more about the opioid drug addiction issue, should be doing less, or is it currently doing the right amount?

Answer choices:
1. Should be doing more 2. Should be doing less 3. Is doing the right amount

When answering, respond ONLY with a single number that corresponds to the option you choose. Do not include any additional text, punctuation or explanation.

My answer is
",1
fake_2787,2,3,5,1,42,2,2,"Today is November 5, 2024. Racially, I am black. Ideologically, I am slightly liberal. Politically, I am an independent who leans Republican. I attend church. I am 42 years old. I am a woman. I am somewhat interested in politics.. Question: Do you think the federal government should be doing more about the opioid drug addiction issue, should be doing less, or is it currently doing the right amount?

Answer choices:
1. Should be doing more 2. Should be doing less 3. Is doing the right amount

When answering, respond ONLY with a single number that corresponds to the option you choose. Do not include any additional text, punctuation or explanation.

My answer is
",1
fake_2788,1,1,4,1,35,2,1,"Today is November 5, 2024. Racially, I am white. Ideologically, I am extremely liberal. Politically, I am an independent. I attend church. I am 35 years old. I am a woman. I am very interested in politics.. Question: Do you think the federal government should be doing more about the opioid drug addiction issue, should be doing less, or is it currently doing the right amount?

Answer choices:
1. Should be doing more 2. Should be doing less 3. Is doing the right amount

When answering, respond ONLY with a single number that corresponds to the option you choose. Do not include any additional text, punctuation or explanation.

My answer is
",1
fake_2789,1,2,5,1,22,1,3,"Today is November 5, 2024. Racially, I am white. Ideologically, I am liberal. Politically, I am an independent who leans Republican. I attend church. I am 22 years old. I am a man. I am not very interested in politics.. Question: Do you think the federal government should be doing more about the opioid drug addiction issue, should be doing less, or is it currently doing the right amount?

Answer choices:
1. Should be doing more 2. Should be doing less 3. Is doing the right amount

When answering, respond ONLY with a single number that corresponds to the option you choose. Do not include any additional text, punctuation or explanation.

My answer is
",1
fake_2790,1,6,2,2,80,2,2,"Today is November 5, 2024. Racially, I am white. Ideologically, I am conservative. Politically, I am a weak Democrat. I do not attend church. I am 80 years old. I am a woman. I am somewhat interested in politics.. Question: Do you think the federal government should be doing more about the opioid drug addiction issue, should be doing less, or is it currently doing the right amount?

Answer choices:
1. Should be doing more 2. Should be doing less 3. Is doing the right amount

When answering, respond ONLY with a single number that corresponds to the option you choose. Do not include any additional text, punctuation or explanation.

My answer is
",1
fake_2791,1,1,3,1,72,1,1,"Today is November 5, 2024. Racially, I am white. Ideologically, I am extremely liberal. Politically, I am an independent who leans Democratic. I attend church. I am 72 years old. I am a man. I am very interested in politics.. Question: Do you think the federal government should be doing more about the opioid drug addiction issue, should be doing less, or is it currently doing the right amount?

Answer choices:
1. Should be doing more 2. Should be doing less 3. Is doing the right amount

When answering, respond ONLY with a single number that corresponds to the option you choose. Do not include any additional text, punctuation or explanation.

My answer is
",1
fake_2792,1,4,3,2,-2,1,3,"Today is November 5, 2024. Racially, I am white. Ideologically, I am moderate. Politically, I am an independent who leans Democratic. I do not attend church. I am a man. I am not very interested in politics.. Question: Do you think the federal government should be doing more about the opioid drug addiction issue, should be doing less, or is it currently doing the right amount?

Answer choices:
1. Should be doing more 2. Should be doing less 3. Is doing the right amount

When answering, respond ONLY with a single number that corresponds to the option you choose. Do not include any additional text, punctuation or explanation.

My answer is
",1
fake_2793,1,2,6,2,72,2,-6,"Today is November 5, 2024. Racially, I am white. Ideologically, I am liberal. Politically, I am a weak Republican. I do not attend church. I am 72 years old. I am a woman.. Question: Do you think the federal government should be doing more about the opioid drug addiction issue, should be doing less, or is it currently doing the right amount?

Answer choices:
1. Should be doing more 2. Should be doing less 3. Is doing the right amount

When answering, respond ONLY with a single number that corresponds to the option you choose. Do not include any additional text, punctuation or explanation.

My answer is
",1
fake_2794,3,1,6,2,38,1,-6,"Today is November 5, 2024. Racially, I am hispanic. Ideologically, I am extremely liberal. Politically, I am a weak Republican. I do not attend church. I am 38 years old. I am a man.. Question: Do you think the federal government should be doing more about the opioid drug addiction issue, should be doing less, or is it currently doing the right amount?

Answer choices:
1. Should be doing more 2. Should be doing less 3. Is doing the right amount

When answering, respond ONLY with a single number that corresponds to the option you choose. Do not include any additional text, punctuation or explanation.

My answer is
",1
fake_2795,1,6,7,2,55,2,2,"Today is November 5, 2024. Racially, I am white. Ideologically, I am conservative. Politically, I am a strong Republican. I do not attend church. I am 55 years old. I am a woman. I am somewhat interested in politics.. Question: Do you think the federal government should be doing more about the opioid drug addiction issue, should be doing less, or is it currently doing the right amount?

Answer choices:
1. Should be doing more 2. Should be doing less 3. Is doing the right amount

When answering, respond ONLY with a single number that corresponds to the option you choose. Do not include any additional text, punctuation or explanation.

My answer is
",2
fake_2796,6,99,6,2,58,2,2,"Today is November 5, 2024. Politically, I am a weak Republican. I do not attend church. I am 58 years old. I am a woman. I am somewhat interested in politics.. Question: Do you think the federal government should be doing more about the opioid drug addiction issue, should be doing less, or is it currently doing the right amount?

Answer choices:
1. Should be doing more 2. Should be doing less 3. Is doing the right amount

When answering, respond ONLY with a single number that corresponds to the option you choose. Do not include any additional text, punctuation or explanation.

My answer is
",1
fake_2797,1,3,1,1,33,2,1,"Today is November 5, 2024. Racially, I am white. Ideologically, I am slightly liberal. Politically, I am a strong democrat. I attend church. I am 33 years old. I am a woman. I am very interested in politics.. Question: Do you think the federal government should be doing more about the opioid drug addiction issue, should be doing less, or is it currently doing the right amount?

Answer choices:
1. Should be doing more 2. Should be doing less 3. Is doing the right amount

When answering, respond ONLY with a single number that corresponds to the option you choose. Do not include any additional text, punctuation or explanation.

My answer is
",1
fake_2798,1,2,7,1,30,2,1,"Today is November 5, 2024. Racially, I am white. Ideologically, I am liberal. Politically, I am a strong Republican. I attend church. I am 30 years old. I am a woman. I am very interested in politics.. Question: Do you think the federal government should be doing more about the opioid drug addiction issue, should be doing less, or is it currently doing the right amount?

Answer choices:
1. Should be doing more 2. Should be doing less 3. Is doing the right amount

When answering, respond ONLY with a single number that corresponds to the option you choose. Do not include any additional text, punctuation or explanation.

My answer is
",1
fake_2799,1,99,3,2,55,2,1,"Today is November 5, 2024. Racially, I am white. Politically, I am an independent who leans Democratic. I do not attend church. I am 55 years old. I am a woman. I am very interested in politics.. Question: Do you think the federal government should be doing more about the opioid drug addiction issue, should be doing less, or is it currently doing the right amount?

Answer choices:
1. Should be doing more 2. Should be doing less 3. Is doing the right amount

When answering, respond ONLY with a single number that corresponds to the option you choose. Do not include any additional text, punctuation or explanation.

My answer is
",1
fake_2800,3,2,1,2,41,1,-6,"Today is November 5, 2024. Racially, I am hispanic. Ideologically, I am liberal. Politically, I am a strong democrat. I do not attend church. I am 41 years old. I am a man.. Question: Do you think the federal government should be doing more about the opioid drug addiction issue, should be doing less, or is it currently doing the right amount?

Answer choices:
1. Should be doing more 2. Should be doing less 3. Is doing the right amount

When answering, respond ONLY with a single number that corresponds to the option you choose. Do not include any additional text, punctuation or explanation.

My answer is
",1
fake_2801,1,1,1,1,80,1,4,"Today is November 5, 2024. Racially, I am white. Ideologically, I am extremely liberal. Politically, I am a strong democrat. I attend church. I am 80 years old. I am a man. I am not at all interested in politics.. Question: Do you think the federal government should be doing more about the opioid drug addiction issue, should be doing less, or is it currently doing the right amount?

Answer choices:
1. Should be doing more 2. Should be doing less 3. Is doing the right amount

When answering, respond ONLY with a single number that corresponds to the option you choose. Do not include any additional text, punctuation or explanation.

My answer is
",1
fake_2802,1,6,5,1,41,2,1,"Today is November 5, 2024. Racially, I am white. Ideologically, I am conservative. Politically, I am an independent who leans Republican. I attend church. I am 41 years old. I am a woman. I am very interested in politics.. Question: Do you think the federal government should be doing more about the opioid drug addiction issue, should be doing less, or is it currently doing the right amount?

Answer choices:
1. Should be doing more 2. Should be doing less 3. Is doing the right amount

When answering, respond ONLY with a single number that corresponds to the option you choose. Do not include any additional text, punctuation or explanation.

My answer is
",1
fake_2803,1,6,4,2,42,2,-6,"Today is November 5, 2024. Racially, I am white. Ideologically, I am conservative. Politically, I am an independent. I do not attend church. I am 42 years old. I am a woman.. Question: Do you think the federal government should be doing more about the opioid drug addiction issue, should be doing less, or is it currently doing the right amount?

Answer choices:
1. Should be doing more 2. Should be doing less 3. Is doing the right amount

When answering, respond ONLY with a single number that corresponds to the option you choose. Do not include any additional text, punctuation or explanation.

My answer is
",1
fake_2804,1,5,5,2,41,2,3,"Today is November 5, 2024. Racially, I am white. Ideologically, I am slightly conservative. Politically, I am an independent who leans Republican. I do not attend church. I am 41 years old. I am a woman. I am not very interested in politics.. Question: Do you think the federal government should be doing more about the opioid drug addiction issue, should be doing less, or is it currently doing the right amount?

Answer choices:
1. Should be doing more 2. Should be doing less 3. Is doing the right amount

When answering, respond ONLY with a single number that corresponds to the option you choose. Do not include any additional text, punctuation or explanation.

My answer is
",1
fake_2805,1,5,6,1,36,2,2,"Today is November 5, 2024. Racially, I am white. Ideologically, I am slightly conservative. Politically, I am a weak Republican. I attend church. I am 36 years old. I am a woman. I am somewhat interested in politics.. Question: Do you think the federal government should be doing more about the opioid drug addiction issue, should be doing less, or is it currently doing the right amount?

Answer choices:
1. Should be doing more 2. Should be doing less 3. Is doing the right amount

When answering, respond ONLY with a single number that corresponds to the option you choose. Do not include any additional text, punctuation or explanation.

My answer is
",1
fake_2806,1,5,2,1,71,2,1,"Today is November 5, 2024. Racially, I am white. Ideologically, I am slightly conservative. Politically, I am a weak Democrat. I attend church. I am 71 years old. I am a woman. I am very interested in politics.. Question: Do you think the federal government should be doing more about the opioid drug addiction issue, should be doing less, or is it currently doing the right amount?

Answer choices:
1. Should be doing more 2. Should be doing less 3. Is doing the right amount

When answering, respond ONLY with a single number that corresponds to the option you choose. Do not include any additional text, punctuation or explanation.

My answer is
",1
fake_2807,1,5,6,1,43,2,4,"Today is November 5, 2024. Racially, I am white. Ideologically, I am slightly conservative. Politically, I am a weak Republican. I attend church. I am 43 years old. I am a woman. I am not at all interested in politics.. Question: Do you think the federal government should be doing more about the opioid drug addiction issue, should be doing less, or is it currently doing the right amount?

Answer choices:
1. Should be doing more 2. Should be doing less 3. Is doing the right amount

When answering, respond ONLY with a single number that corresponds to the option you choose. Do not include any additional text, punctuation or explanation.

My answer is
",1
fake_2808,1,99,6,2,52,1,1,"Today is November 5, 2024. Racially, I am white. Politically, I am a weak Republican. I do not attend church. I am 52 years old. I am a man. I am very interested in politics.. Question: Do you think the federal government should be doing more about the opioid drug addiction issue, should be doing less, or is it currently doing the right amount?

Answer choices:
1. Should be doing more 2. Should be doing less 3. Is doing the right amount

When answering, respond ONLY with a single number that corresponds to the option you choose. Do not include any additional text, punctuation or explanation.

My answer is
",1
fake_2809,1,6,1,2,80,1,-6,"Today is November 5, 2024. Racially, I am white. Ideologically, I am conservative. Politically, I am a strong democrat. I do not attend church. I am 80 years old. I am a man.. Question: Do you think the federal government should be doing more about the opioid drug addiction issue, should be doing less, or is it currently doing the right amount?

Answer choices:
1. Should be doing more 2. Should be doing less 3. Is doing the right amount

When answering, respond ONLY with a single number that corresponds to the option you choose. Do not include any additional text, punctuation or explanation.

My answer is
",1
fake_2810,1,99,5,1,-2,2,2,"Today is November 5, 2024. Racially, I am white. Politically, I am an independent who leans Republican. I attend church. I am a woman. I am somewhat interested in politics.. Question: Do you think the federal government should be doing more about the opioid drug addiction issue, should be doing less, or is it currently doing the right amount?

Answer choices:
1. Should be doing more 2. Should be doing less 3. Is doing the right amount

When answering, respond ONLY with a single number that corresponds to the option you choose. Do not include any additional text, punctuation or explanation.

My answer is
",1
fake_2811,6,6,1,2,80,2,3,"Today is November 5, 2024. Ideologically, I am conservative. Politically, I am a strong democrat. I do not attend church. I am 80 years old. I am a woman. I am not very interested in politics.. Question: Do you think the federal government should be doing more about the opioid drug addiction issue, should be doing less, or is it currently doing the right amount?

Answer choices:
1. Should be doing more 2. Should be doing less 3. Is doing the right amount

When answering, respond ONLY with a single number that corresponds to the option you choose. Do not include any additional text, punctuation or explanation.

My answer is
",1
fake_2812,1,4,6,1,40,2,1,"Today is November 5, 2024. Racially, I am white. Ideologically, I am moderate. Politically, I am a weak Republican. I attend church. I am 40 years old. I am a woman. I am very interested in politics.. Question: Do you think the federal government should be doing more about the opioid drug addiction issue, should be doing less, or is it currently doing the right amount?

Answer choices:
1. Should be doing more 2. Should be doing less 3. Is doing the right amount

When answering, respond ONLY with a single number that corresponds to the option you choose. Do not include any additional text, punctuation or explanation.

My answer is
",1
fake_2813,1,3,5,2,51,2,-6,"Today is November 5, 2024. Racially, I am white. Ideologically, I am slightly liberal. Politically, I am an independent who leans Republican. I do not attend church. I am 51 years old. I am a woman.. Question: Do you think the federal government should be doing more about the opioid drug addiction issue, should be doing less, or is it currently doing the right amount?

Answer choices:
1. Should be doing more 2. Should be doing less 3. Is doing the right amount

When answering, respond ONLY with a single number that corresponds to the option you choose. Do not include any additional text, punctuation or explanation.

My answer is
",1
fake_2814,3,2,2,1,49,-9,1,"Today is November 5, 2024. Racially, I am hispanic. Ideologically, I am liberal. Politically, I am a weak Democrat. I attend church. I am 49 years old. I am very interested in politics.. Question: Do you think the federal government should be doing more about the opioid drug addiction issue, should be doing less, or is it currently doing the right amount?

Answer choices:
1. Should be doing more 2. Should be doing less 3. Is doing the right amount

When answering, respond ONLY with a single number that corresponds to the option you choose. Do not include any additional text, punctuation or explanation.

My answer is
",1
fake_2815,1,5,2,1,74,1,-9,"Today is November 5, 2024. Racially, I am white. Ideologically, I am slightly conservative. Politically, I am a weak Democrat. I attend church. I am 74 years old. I am a man.. Question: Do you think the federal government should be doing more about the opioid drug addiction issue, should be doing less, or is it currently doing the right amount?

Answer choices:
1. Should be doing more 2. Should be doing less 3. Is doing the right amount

When answering, respond ONLY with a single number that corresponds to the option you choose. Do not include any additional text, punctuation or explanation.

My answer is
",1
fake_2816,1,6,1,2,58,1,3,"Today is November 5, 2024. Racially, I am white. Ideologically, I am conservative. Politically, I am a strong democrat. I do not attend church. I am 58 years old. I am a man. I am not very interested in politics.. Question: Do you think the federal government should be doing more about the opioid drug addiction issue, should be doing less, or is it currently doing the right amount?

Answer choices:
1. Should be doing more 2. Should be doing less 3. Is doing the right amount

When answering, respond ONLY with a single number that corresponds to the option you choose. Do not include any additional text, punctuation or explanation.

My answer is
",1
fake_2817,3,7,7,-1,33,2,3,"Today is November 5, 2024. Racially, I am hispanic. Ideologically, I am extremely conservative. Politically, I am a strong Republican. I am 33 years old. I am a woman. I am not very interested in politics.. Question: Do you think the federal government should be doing more about the opioid drug addiction issue, should be doing less, or is it currently doing the right amount?

Answer choices:
1. Should be doing more 2. Should be doing less 3. Is doing the right amount

When answering, respond ONLY with a single number that corresponds to the option you choose. Do not include any additional text, punctuation or explanation.

My answer is
",1
fake_2818,2,99,5,2,-2,2,1,"Today is November 5, 2024. Racially, I am black. Politically, I am an independent who leans Republican. I do not attend church. I am a woman. I am very interested in politics.. Question: Do you think the federal government should be doing more about the opioid drug addiction issue, should be doing less, or is it currently doing the right amount?

Answer choices:
1. Should be doing more 2. Should be doing less 3. Is doing the right amount

When answering, respond ONLY with a single number that corresponds to the option you choose. Do not include any additional text, punctuation or explanation.

My answer is
",1
fake_2819,1,6,7,1,52,2,4,"Today is November 5, 2024. Racially, I am white. Ideologically, I am conservative. Politically, I am a strong Republican. I attend church. I am 52 years old. I am a woman. I am not at all interested in politics.. Question: Do you think the federal government should be doing more about the opioid drug addiction issue, should be doing less, or is it currently doing the right amount?

Answer choices:
1. Should be doing more 2. Should be doing less 3. Is doing the right amount

When answering, respond ONLY with a single number that corresponds to the option you choose. Do not include any additional text, punctuation or explanation.

My answer is
",1
fake_2820,1,2,3,1,38,2,2,"Today is November 5, 2024. Racially, I am white. Ideologically, I am liberal. Politically, I am an independent who leans Democratic. I attend church. I am 38 years old. I am a woman. I am somewhat interested in politics.. Question: Do you think the federal government should be doing more about the opioid drug addiction issue, should be doing less, or is it currently doing the right amount?

Answer choices:
1. Should be doing more 2. Should be doing less 3. Is doing the right amount

When answering, respond ONLY with a single number that corresponds to the option you choose. Do not include any additional text, punctuation or explanation.

My answer is
",1
fake_2821,1,6,1,1,76,2,2,"Today is November 5, 2024. Racially, I am white. Ideologically, I am conservative. Politically, I am a strong democrat. I attend church. I am 76 years old. I am a woman. I am somewhat interested in politics.. Question: Do you think the federal government should be doing more about the opioid drug addiction issue, should be doing less, or is it currently doing the right amount?

Answer choices:
1. Should be doing more 2. Should be doing less 3. Is doing the right amount

When answering, respond ONLY with a single number that corresponds to the option you choose. Do not include any additional text, punctuation or explanation.

My answer is
",1
fake_2822,1,99,5,1,-2,2,2,"Today is November 5, 2024. Racially, I am white. Politically, I am an independent who leans Republican. I attend church. I am a woman. I am somewhat interested in politics.. Question: Do you think the federal government should be doing more about the opioid drug addiction issue, should be doing less, or is it currently doing the right amount?

Answer choices:
1. Should be doing more 2. Should be doing less 3. Is doing the right amount

When answering, respond ONLY with a single number that corresponds to the option you choose. Do not include any additional text, punctuation or explanation.

My answer is
",1
fake_2823,1,5,7,-1,25,1,1,"Today is November 5, 2024. Racially, I am white. Ideologically, I am slightly conservative. Politically, I am a strong Republican. I am 25 years old. I am a man. I am very interested in politics.. Question: Do you think the federal government should be doing more about the opioid drug addiction issue, should be doing less, or is it currently doing the right amount?

Answer choices:
1. Should be doing more 2. Should be doing less 3. Is doing the right amount

When answering, respond ONLY with a single number that corresponds to the option you choose. Do not include any additional text, punctuation or explanation.

My answer is
",1
fake_2824,2,1,7,-1,80,2,2,"Today is November 5, 2024. Racially, I am black. Ideologically, I am extremely liberal. Politically, I am a strong Republican. I am 80 years old. I am a woman. I am somewhat interested in politics.. Question: Do you think the federal government should be doing more about the opioid drug addiction issue, should be doing less, or is it currently doing the right amount?

Answer choices:
1. Should be doing more 2. Should be doing less 3. Is doing the right amount

When answering, respond ONLY with a single number that corresponds to the option you choose. Do not include any additional text, punctuation or explanation.

My answer is
",1
fake_2825,1,6,1,1,80,1,3,"Today is November 5, 2024. Racially, I am white. Ideologically, I am conservative. Politically, I am a strong democrat. I attend church. I am 80 years old. I am a man. I am not very interested in politics.. Question: Do you think the federal government should be doing more about the opioid drug addiction issue, should be doing less, or is it currently doing the right amount?

Answer choices:
1. Should be doing more 2. Should be doing less 3. Is doing the right amount

When answering, respond ONLY with a single number that corresponds to the option you choose. Do not include any additional text, punctuation or explanation.

My answer is
",1
fake_2826,6,99,2,1,33,2,4,"Today is November 5, 2024. Politically, I am a weak Democrat. I attend church. I am 33 years old. I am a woman. I am not at all interested in politics.. Question: Do you think the federal government should be doing more about the opioid drug addiction issue, should be doing less, or is it currently doing the right amount?

Answer choices:
1. Should be doing more 2. Should be doing less 3. Is doing the right amount

When answering, respond ONLY with a single number that corresponds to the option you choose. Do not include any additional text, punctuation or explanation.

My answer is
",1
fake_2827,4,3,1,1,80,2,-9,"Today is November 5, 2024. Racially, I am asian. Ideologically, I am slightly liberal. Politically, I am a strong democrat. I attend church. I am 80 years old. I am a woman.. Question: Do you think the federal government should be doing more about the opioid drug addiction issue, should be doing less, or is it currently doing the right amount?

Answer choices:
1. Should be doing more 2. Should be doing less 3. Is doing the right amount

When answering, respond ONLY with a single number that corresponds to the option you choose. Do not include any additional text, punctuation or explanation.

My answer is
",1
fake_2828,1,7,2,2,75,1,1,"Today is November 5, 2024. Racially, I am white. Ideologically, I am extremely conservative. Politically, I am a weak Democrat. I do not attend church. I am 75 years old. I am a man. I am very interested in politics.. Question: Do you think the federal government should be doing more about the opioid drug addiction issue, should be doing less, or is it currently doing the right amount?

Answer choices:
1. Should be doing more 2. Should be doing less 3. Is doing the right amount

When answering, respond ONLY with a single number that corresponds to the option you choose. Do not include any additional text, punctuation or explanation.

My answer is
",1
fake_2829,3,7,1,2,78,2,4,"Today is November 5, 2024. Racially, I am hispanic. Ideologically, I am extremely conservative. Politically, I am a strong democrat. I do not attend church. I am 78 years old. I am a woman. I am not at all interested in politics.. Question: Do you think the federal government should be doing more about the opioid drug addiction issue, should be doing less, or is it currently doing the right amount?

Answer choices:
1. Should be doing more 2. Should be doing less 3. Is doing the right amount

When answering, respond ONLY with a single number that corresponds to the option you choose. Do not include any additional text, punctuation or explanation.

My answer is
",1
fake_2830,3,4,2,1,-2,2,-6,"Today is November 5, 2024. Racially, I am hispanic. Ideologically, I am moderate. Politically, I am a weak Democrat. I attend church. I am a woman.. Question: Do you think the federal government should be doing more about the opioid drug addiction issue, should be doing less, or is it currently doing the right amount?

Answer choices:
1. Should be doing more 2. Should be doing less 3. Is doing the right amount

When answering, respond ONLY with a single number that corresponds to the option you choose. Do not include any additional text, punctuation or explanation.

My answer is
",1
fake_2831,1,1,6,2,58,2,2,"Today is November 5, 2024. Racially, I am white. Ideologically, I am extremely liberal. Politically, I am a weak Republican. I do not attend church. I am 58 years old. I am a woman. I am somewhat interested in politics.. Question: Do you think the federal government should be doing more about the opioid drug addiction issue, should be doing less, or is it currently doing the right amount?

Answer choices:
1. Should be doing more 2. Should be doing less 3. Is doing the right amount

When answering, respond ONLY with a single number that corresponds to the option you choose. Do not include any additional text, punctuation or explanation.

My answer is
",1
fake_2832,1,6,5,1,64,1,4,"Today is November 5, 2024. Racially, I am white. Ideologically, I am conservative. Politically, I am an independent who leans Republican. I attend church. I am 64 years old. I am a man. I am not at all interested in politics.. Question: Do you think the federal government should be doing more about the opioid drug addiction issue, should be doing less, or is it currently doing the right amount?

Answer choices:
1. Should be doing more 2. Should be doing less 3. Is doing the right amount

When answering, respond ONLY with a single number that corresponds to the option you choose. Do not include any additional text, punctuation or explanation.

My answer is
",1
fake_2833,1,4,5,1,53,2,2,"Today is November 5, 2024. Racially, I am white. Ideologically, I am moderate. Politically, I am an independent who leans Republican. I attend church. I am 53 years old. I am a woman. I am somewhat interested in politics.. Question: Do you think the federal government should be doing more about the opioid drug addiction issue, should be doing less, or is it currently doing the right amount?

Answer choices:
1. Should be doing more 2. Should be doing less 3. Is doing the right amount

When answering, respond ONLY with a single number that corresponds to the option you choose. Do not include any additional text, punctuation or explanation.

My answer is
",1
fake_2834,1,5,1,1,78,2,1,"Today is November 5, 2024. Racially, I am white. Ideologically, I am slightly conservative. Politically, I am a strong democrat. I attend church. I am 78 years old. I am a woman. I am very interested in politics.. Question: Do you think the federal government should be doing more about the opioid drug addiction issue, should be doing less, or is it currently doing the right amount?

Answer choices:
1. Should be doing more 2. Should be doing less 3. Is doing the right amount

When answering, respond ONLY with a single number that corresponds to the option you choose. Do not include any additional text, punctuation or explanation.

My answer is
",1
fake_2835,4,2,1,2,80,1,4,"Today is November 5, 2024. Racially, I am asian. Ideologically, I am liberal. Politically, I am a strong democrat. I do not attend church. I am 80 years old. I am a man. I am not at all interested in politics.. Question: Do you think the federal government should be doing more about the opioid drug addiction issue, should be doing less, or is it currently doing the right amount?

Answer choices:
1. Should be doing more 2. Should be doing less 3. Is doing the right amount

When answering, respond ONLY with a single number that corresponds to the option you choose. Do not include any additional text, punctuation or explanation.

My answer is
",1
fake_2836,1,2,4,-1,78,1,2,"Today is November 5, 2024. Racially, I am white. Ideologically, I am liberal. Politically, I am an independent. I am 78 years old. I am a man. I am somewhat interested in politics.. Question: Do you think the federal government should be doing more about the opioid drug addiction issue, should be doing less, or is it currently doing the right amount?

Answer choices:
1. Should be doing more 2. Should be doing less 3. Is doing the right amount

When answering, respond ONLY with a single number that corresponds to the option you choose. Do not include any additional text, punctuation or explanation.

My answer is
",1
fake_2837,4,6,5,2,74,2,3,"Today is November 5, 2024. Racially, I am asian. Ideologically, I am conservative. Politically, I am an independent who leans Republican. I do not attend church. I am 74 years old. I am a woman. I am not very interested in politics.. Question: Do you think the federal government should be doing more about the opioid drug addiction issue, should be doing less, or is it currently doing the right amount?

Answer choices:
1. Should be doing more 2. Should be doing less 3. Is doing the right amount

When answering, respond ONLY with a single number that corresponds to the option you choose. Do not include any additional text, punctuation or explanation.

My answer is
",1
fake_2838,1,4,1,1,70,1,1,"Today is November 5, 2024. Racially, I am white. Ideologically, I am moderate. Politically, I am a strong democrat. I attend church. I am 70 years old. I am a man. I am very interested in politics.. Question: Do you think the federal government should be doing more about the opioid drug addiction issue, should be doing less, or is it currently doing the right amount?

Answer choices:
1. Should be doing more 2. Should be doing less 3. Is doing the right amount

When answering, respond ONLY with a single number that corresponds to the option you choose. Do not include any additional text, punctuation or explanation.

My answer is
",1
fake_2839,-9,3,7,1,44,2,1,"Today is November 5, 2024. Ideologically, I am slightly liberal. Politically, I am a strong Republican. I attend church. I am 44 years old. I am a woman. I am very interested in politics.. Question: Do you think the federal government should be doing more about the opioid drug addiction issue, should be doing less, or is it currently doing the right amount?

Answer choices:
1. Should be doing more 2. Should be doing less 3. Is doing the right amount

When answering, respond ONLY with a single number that corresponds to the option you choose. Do not include any additional text, punctuation or explanation.

My answer is
",1
fake_2840,6,2,6,2,78,2,2,"Today is November 5, 2024. Ideologically, I am liberal. Politically, I am a weak Republican. I do not attend church. I am 78 years old. I am a woman. I am somewhat interested in politics.. Question: Do you think the federal government should be doing more about the opioid drug addiction issue, should be doing less, or is it currently doing the right amount?

Answer choices:
1. Should be doing more 2. Should be doing less 3. Is doing the right amount

When answering, respond ONLY with a single number that corresponds to the option you choose. Do not include any additional text, punctuation or explanation.

My answer is
",1
fake_2841,1,7,1,2,80,1,3,"Today is November 5, 2024. Racially, I am white. Ideologically, I am extremely conservative. Politically, I am a strong democrat. I do not attend church. I am 80 years old. I am a man. I am not very interested in politics.. Question: Do you think the federal government should be doing more about the opioid drug addiction issue, should be doing less, or is it currently doing the right amount?

Answer choices:
1. Should be doing more 2. Should be doing less 3. Is doing the right amount

When answering, respond ONLY with a single number that corresponds to the option you choose. Do not include any additional text, punctuation or explanation.

My answer is
",1
fake_2842,1,99,6,1,66,2,1,"Today is November 5, 2024. Racially, I am white. Politically, I am a weak Republican. I attend church. I am 66 years old. I am a woman. I am very interested in politics.. Question: Do you think the federal government should be doing more about the opioid drug addiction issue, should be doing less, or is it currently doing the right amount?

Answer choices:
1. Should be doing more 2. Should be doing less 3. Is doing the right amount

When answering, respond ONLY with a single number that corresponds to the option you choose. Do not include any additional text, punctuation or explanation.

My answer is
",1
fake_2843,1,4,2,2,48,2,-6,"Today is November 5, 2024. Racially, I am white. Ideologically, I am moderate. Politically, I am a weak Democrat. I do not attend church. I am 48 years old. I am a woman.. Question: Do you think the federal government should be doing more about the opioid drug addiction issue, should be doing less, or is it currently doing the right amount?

Answer choices:
1. Should be doing more 2. Should be doing less 3. Is doing the right amount

When answering, respond ONLY with a single number that corresponds to the option you choose. Do not include any additional text, punctuation or explanation.

My answer is
",1
fake_2844,1,6,6,1,46,1,1,"Today is November 5, 2024. Racially, I am white. Ideologically, I am conservative. Politically, I am a weak Republican. I attend church. I am 46 years old. I am a man. I am very interested in politics.. Question: Do you think the federal government should be doing more about the opioid drug addiction issue, should be doing less, or is it currently doing the right amount?

Answer choices:
1. Should be doing more 2. Should be doing less 3. Is doing the right amount

When answering, respond ONLY with a single number that corresponds to the option you choose. Do not include any additional text, punctuation or explanation.

My answer is
",1
fake_2845,1,4,7,2,67,1,2,"Today is November 5, 2024. Racially, I am white. Ideologically, I am moderate. Politically, I am a strong Republican. I do not attend church. I am 67 years old. I am a man. I am somewhat interested in politics.. Question: Do you think the federal government should be doing more about the opioid drug addiction issue, should be doing less, or is it currently doing the right amount?

Answer choices:
1. Should be doing more 2. Should be doing less 3. Is doing the right amount

When answering, respond ONLY with a single number that corresponds to the option you choose. Do not include any additional text, punctuation or explanation.

My answer is
",1
fake_2846,-9,99,5,2,30,1,1,"Today is November 5, 2024. Politically, I am an independent who leans Republican. I do not attend church. I am 30 years old. I am a man. I am very interested in politics.. Question: Do you think the federal government should be doing more about the opioid drug addiction issue, should be doing less, or is it currently doing the right amount?

Answer choices:
1. Should be doing more 2. Should be doing less 3. Is doing the right amount

When answering, respond ONLY with a single number that corresponds to the option you choose. Do not include any additional text, punctuation or explanation.

My answer is
",1
fake_2847,1,99,6,1,76,2,-6,"Today is November 5, 2024. Racially, I am white. Politically, I am a weak Republican. I attend church. I am 76 years old. I am a woman.. Question: Do you think the federal government should be doing more about the opioid drug addiction issue, should be doing less, or is it currently doing the right amount?

Answer choices:
1. Should be doing more 2. Should be doing less 3. Is doing the right amount

When answering, respond ONLY with a single number that corresponds to the option you choose. Do not include any additional text, punctuation or explanation.

My answer is
",1
fake_2848,1,99,4,2,50,2,1,"Today is November 5, 2024. Racially, I am white. Politically, I am an independent. I do not attend church. I am 50 years old. I am a woman. I am very interested in politics.. Question: Do you think the federal government should be doing more about the opioid drug addiction issue, should be doing less, or is it currently doing the right amount?

Answer choices:
1. Should be doing more 2. Should be doing less 3. Is doing the right amount

When answering, respond ONLY with a single number that corresponds to the option you choose. Do not include any additional text, punctuation or explanation.

My answer is
",1
fake_2849,3,6,1,1,45,2,1,"Today is November 5, 2024. Racially, I am hispanic. Ideologically, I am conservative. Politically, I am a strong democrat. I attend church. I am 45 years old. I am a woman. I am very interested in politics.. Question: Do you think the federal government should be doing more about the opioid drug addiction issue, should be doing less, or is it currently doing the right amount?

Answer choices:
1. Should be doing more 2. Should be doing less 3. Is doing the right amount

When answering, respond ONLY with a single number that corresponds to the option you choose. Do not include any additional text, punctuation or explanation.

My answer is
",1
fake_2850,1,6,7,1,68,2,4,"Today is November 5, 2024. Racially, I am white. Ideologically, I am conservative. Politically, I am a strong Republican. I attend church. I am 68 years old. I am a woman. I am not at all interested in politics.. Question: Do you think the federal government should be doing more about the opioid drug addiction issue, should be doing less, or is it currently doing the right amount?

Answer choices:
1. Should be doing more 2. Should be doing less 3. Is doing the right amount

When answering, respond ONLY with a single number that corresponds to the option you choose. Do not include any additional text, punctuation or explanation.

My answer is
",1
fake_2851,1,4,1,2,66,1,2,"Today is November 5, 2024. Racially, I am white. Ideologically, I am moderate. Politically, I am a strong democrat. I do not attend church. I am 66 years old. I am a man. I am somewhat interested in politics.. Question: Do you think the federal government should be doing more about the opioid drug addiction issue, should be doing less, or is it currently doing the right amount?

Answer choices:
1. Should be doing more 2. Should be doing less 3. Is doing the right amount

When answering, respond ONLY with a single number that corresponds to the option you choose. Do not include any additional text, punctuation or explanation.

My answer is
",1
fake_2852,1,6,5,2,64,-9,1,"Today is November 5, 2024. Racially, I am white. Ideologically, I am conservative. Politically, I am an independent who leans Republican. I do not attend church. I am 64 years old. I am very interested in politics.. Question: Do you think the federal government should be doing more about the opioid drug addiction issue, should be doing less, or is it currently doing the right amount?

Answer choices:
1. Should be doing more 2. Should be doing less 3. Is doing the right amount

When answering, respond ONLY with a single number that corresponds to the option you choose. Do not include any additional text, punctuation or explanation.

My answer is
",1
fake_2853,1,7,3,1,-2,2,1,"Today is November 5, 2024. Racially, I am white. Ideologically, I am extremely conservative. Politically, I am an independent who leans Democratic. I attend church. I am a woman. I am very interested in politics.. Question: Do you think the federal government should be doing more about the opioid drug addiction issue, should be doing less, or is it currently doing the right amount?

Answer choices:
1. Should be doing more 2. Should be doing less 3. Is doing the right amount

When answering, respond ONLY with a single number that corresponds to the option you choose. Do not include any additional text, punctuation or explanation.

My answer is
",1
fake_2854,1,6,5,1,26,1,2,"Today is November 5, 2024. Racially, I am white. Ideologically, I am conservative. Politically, I am an independent who leans Republican. I attend church. I am 26 years old. I am a man. I am somewhat interested in politics.. Question: Do you think the federal government should be doing more about the opioid drug addiction issue, should be doing less, or is it currently doing the right amount?

Answer choices:
1. Should be doing more 2. Should be doing less 3. Is doing the right amount

When answering, respond ONLY with a single number that corresponds to the option you choose. Do not include any additional text, punctuation or explanation.

My answer is
",1
fake_2855,1,99,1,1,69,2,2,"Today is November 5, 2024. Racially, I am white. Politically, I am a strong democrat. I attend church. I am 69 years old. I am a woman. I am somewhat interested in politics.. Question: Do you think the federal government should be doing more about the opioid drug addiction issue, should be doing less, or is it currently doing the right amount?

Answer choices:
1. Should be doing more 2. Should be doing less 3. Is doing the right amount

When answering, respond ONLY with a single number that corresponds to the option you choose. Do not include any additional text, punctuation or explanation.

My answer is
",1
fake_2856,1,4,7,1,72,1,1,"Today is November 5, 2024. Racially, I am white. Ideologically, I am moderate. Politically, I am a strong Republican. I attend church. I am 72 years old. I am a man. I am very interested in politics.. Question: Do you think the federal government should be doing more about the opioid drug addiction issue, should be doing less, or is it currently doing the right amount?

Answer choices:
1. Should be doing more 2. Should be doing less 3. Is doing the right amount

When answering, respond ONLY with a single number that corresponds to the option you choose. Do not include any additional text, punctuation or explanation.

My answer is
",1
fake_2857,1,4,7,1,40,2,4,"Today is November 5, 2024. Racially, I am white. Ideologically, I am moderate. Politically, I am a strong Republican. I attend church. I am 40 years old. I am a woman. I am not at all interested in politics.. Question: Do you think the federal government should be doing more about the opioid drug addiction issue, should be doing less, or is it currently doing the right amount?

Answer choices:
1. Should be doing more 2. Should be doing less 3. Is doing the right amount

When answering, respond ONLY with a single number that corresponds to the option you choose. Do not include any additional text, punctuation or explanation.

My answer is
",1
fake_2858,1,6,7,2,-2,2,1,"Today is November 5, 2024. Racially, I am white. Ideologically, I am conservative. Politically, I am a strong Republican. I do not attend church. I am a woman. I am very interested in politics.. Question: Do you think the federal government should be doing more about the opioid drug addiction issue, should be doing less, or is it currently doing the right amount?

Answer choices:
1. Should be doing more 2. Should be doing less 3. Is doing the right amount

When answering, respond ONLY with a single number that corresponds to the option you choose. Do not include any additional text, punctuation or explanation.

My answer is
",1
fake_2859,1,5,1,2,53,1,-6,"Today is November 5, 2024. Racially, I am white. Ideologically, I am slightly conservative. Politically, I am a strong democrat. I do not attend church. I am 53 years old. I am a man.. Question: Do you think the federal government should be doing more about the opioid drug addiction issue, should be doing less, or is it currently doing the right amount?

Answer choices:
1. Should be doing more 2. Should be doing less 3. Is doing the right amount

When answering, respond ONLY with a single number that corresponds to the option you choose. Do not include any additional text, punctuation or explanation.

My answer is
",1
fake_2860,1,2,6,1,65,2,2,"Today is November 5, 2024. Racially, I am white. Ideologically, I am liberal. Politically, I am a weak Republican. I attend church. I am 65 years old. I am a woman. I am somewhat interested in politics.. Question: Do you think the federal government should be doing more about the opioid drug addiction issue, should be doing less, or is it currently doing the right amount?

Answer choices:
1. Should be doing more 2. Should be doing less 3. Is doing the right amount

When answering, respond ONLY with a single number that corresponds to the option you choose. Do not include any additional text, punctuation or explanation.

My answer is
",1
fake_2861,1,6,6,2,-2,2,2,"Today is November 5, 2024. Racially, I am white. Ideologically, I am conservative. Politically, I am a weak Republican. I do not attend church. I am a woman. I am somewhat interested in politics.. Question: Do you think the federal government should be doing more about the opioid drug addiction issue, should be doing less, or is it currently doing the right amount?

Answer choices:
1. Should be doing more 2. Should be doing less 3. Is doing the right amount

When answering, respond ONLY with a single number that corresponds to the option you choose. Do not include any additional text, punctuation or explanation.

My answer is
",1
fake_2862,1,5,1,2,31,1,3,"Today is November 5, 2024. Racially, I am white. Ideologically, I am slightly conservative. Politically, I am a strong democrat. I do not attend church. I am 31 years old. I am a man. I am not very interested in politics.. Question: Do you think the federal government should be doing more about the opioid drug addiction issue, should be doing less, or is it currently doing the right amount?

Answer choices:
1. Should be doing more 2. Should be doing less 3. Is doing the right amount

When answering, respond ONLY with a single number that corresponds to the option you choose. Do not include any additional text, punctuation or explanation.

My answer is
",1
fake_2863,3,5,1,2,73,1,2,"Today is November 5, 2024. Racially, I am hispanic. Ideologically, I am slightly conservative. Politically, I am a strong democrat. I do not attend church. I am 73 years old. I am a man. I am somewhat interested in politics.. Question: Do you think the federal government should be doing more about the opioid drug addiction issue, should be doing less, or is it currently doing the right amount?

Answer choices:
1. Should be doing more 2. Should be doing less 3. Is doing the right amount

When answering, respond ONLY with a single number that corresponds to the option you choose. Do not include any additional text, punctuation or explanation.

My answer is
",1
fake_2864,1,4,1,1,53,1,2,"Today is November 5, 2024. Racially, I am white. Ideologically, I am moderate. Politically, I am a strong democrat. I attend church. I am 53 years old. I am a man. I am somewhat interested in politics.. Question: Do you think the federal government should be doing more about the opioid drug addiction issue, should be doing less, or is it currently doing the right amount?

Answer choices:
1. Should be doing more 2. Should be doing less 3. Is doing the right amount

When answering, respond ONLY with a single number that corresponds to the option you choose. Do not include any additional text, punctuation or explanation.

My answer is
",1
fake_2865,1,7,4,1,80,2,2,"Today is November 5, 2024. Racially, I am white. Ideologically, I am extremely conservative. Politically, I am an independent. I attend church. I am 80 years old. I am a woman. I am somewhat interested in politics.. Question: Do you think the federal government should be doing more about the opioid drug addiction issue, should be doing less, or is it currently doing the right amount?

Answer choices:
1. Should be doing more 2. Should be doing less 3. Is doing the right amount

When answering, respond ONLY with a single number that corresponds to the option you choose. Do not include any additional text, punctuation or explanation.

My answer is
",1
fake_2866,1,4,7,-9,80,1,2,"Today is November 5, 2024. Racially, I am white. Ideologically, I am moderate. Politically, I am a strong Republican. I am 80 years old. I am a man. I am somewhat interested in politics.. Question: Do you think the federal government should be doing more about the opioid drug addiction issue, should be doing less, or is it currently doing the right amount?

Answer choices:
1. Should be doing more 2. Should be doing less 3. Is doing the right amount

When answering, respond ONLY with a single number that corresponds to the option you choose. Do not include any additional text, punctuation or explanation.

My answer is
",1
fake_2867,1,3,7,-9,27,2,3,"Today is November 5, 2024. Racially, I am white. Ideologically, I am slightly liberal. Politically, I am a strong Republican. I am 27 years old. I am a woman. I am not very interested in politics.. Question: Do you think the federal government should be doing more about the opioid drug addiction issue, should be doing less, or is it currently doing the right amount?

Answer choices:
1. Should be doing more 2. Should be doing less 3. Is doing the right amount

When answering, respond ONLY with a single number that corresponds to the option you choose. Do not include any additional text, punctuation or explanation.

My answer is
",1
fake_2868,6,6,2,2,68,1,3,"Today is November 5, 2024. Ideologically, I am conservative. Politically, I am a weak Democrat. I do not attend church. I am 68 years old. I am a man. I am not very interested in politics.. Question: Do you think the federal government should be doing more about the opioid drug addiction issue, should be doing less, or is it currently doing the right amount?

Answer choices:
1. Should be doing more 2. Should be doing less 3. Is doing the right amount

When answering, respond ONLY with a single number that corresponds to the option you choose. Do not include any additional text, punctuation or explanation.

My answer is
",1
fake_2869,-9,99,1,-1,61,2,2,"Today is November 5, 2024. Politically, I am a strong democrat. I am 61 years old. I am a woman. I am somewhat interested in politics.. Question: Do you think the federal government should be doing more about the opioid drug addiction issue, should be doing less, or is it currently doing the right amount?

Answer choices:
1. Should be doing more 2. Should be doing less 3. Is doing the right amount

When answering, respond ONLY with a single number that corresponds to the option you choose. Do not include any additional text, punctuation or explanation.

My answer is
",1
fake_2870,1,5,6,1,75,2,2,"Today is November 5, 2024. Racially, I am white. Ideologically, I am slightly conservative. Politically, I am a weak Republican. I attend church. I am 75 years old. I am a woman. I am somewhat interested in politics.. Question: Do you think the federal government should be doing more about the opioid drug addiction issue, should be doing less, or is it currently doing the right amount?

Answer choices:
1. Should be doing more 2. Should be doing less 3. Is doing the right amount

When answering, respond ONLY with a single number that corresponds to the option you choose. Do not include any additional text, punctuation or explanation.

My answer is
",1
fake_2871,1,2,1,1,78,1,3,"Today is November 5, 2024. Racially, I am white. Ideologically, I am liberal. Politically, I am a strong democrat. I attend church. I am 78 years old. I am a man. I am not very interested in politics.. Question: Do you think the federal government should be doing more about the opioid drug addiction issue, should be doing less, or is it currently doing the right amount?

Answer choices:
1. Should be doing more 2. Should be doing less 3. Is doing the right amount

When answering, respond ONLY with a single number that corresponds to the option you choose. Do not include any additional text, punctuation or explanation.

My answer is
",1
fake_2872,1,2,7,2,35,1,3,"Today is November 5, 2024. Racially, I am white. Ideologically, I am liberal. Politically, I am a strong Republican. I do not attend church. I am 35 years old. I am a man. I am not very interested in politics.. Question: Do you think the federal government should be doing more about the opioid drug addiction issue, should be doing less, or is it currently doing the right amount?

Answer choices:
1. Should be doing more 2. Should be doing less 3. Is doing the right amount

When answering, respond ONLY with a single number that corresponds to the option you choose. Do not include any additional text, punctuation or explanation.

My answer is
",1
fake_2873,2,6,1,1,21,1,2,"Today is November 5, 2024. Racially, I am black. Ideologically, I am conservative. Politically, I am a strong democrat. I attend church. I am 21 years old. I am a man. I am somewhat interested in politics.. Question: Do you think the federal government should be doing more about the opioid drug addiction issue, should be doing less, or is it currently doing the right amount?

Answer choices:
1. Should be doing more 2. Should be doing less 3. Is doing the right amount

When answering, respond ONLY with a single number that corresponds to the option you choose. Do not include any additional text, punctuation or explanation.

My answer is
",1
fake_2874,2,3,1,1,45,2,1,"Today is November 5, 2024. Racially, I am black. Ideologically, I am slightly liberal. Politically, I am a strong democrat. I attend church. I am 45 years old. I am a woman. I am very interested in politics.. Question: Do you think the federal government should be doing more about the opioid drug addiction issue, should be doing less, or is it currently doing the right amount?

Answer choices:
1. Should be doing more 2. Should be doing less 3. Is doing the right amount

When answering, respond ONLY with a single number that corresponds to the option you choose. Do not include any additional text, punctuation or explanation.

My answer is
",1
fake_2875,1,99,5,1,-2,1,3,"Today is November 5, 2024. Racially, I am white. Politically, I am an independent who leans Republican. I attend church. I am a man. I am not very interested in politics.. Question: Do you think the federal government should be doing more about the opioid drug addiction issue, should be doing less, or is it currently doing the right amount?

Answer choices:
1. Should be doing more 2. Should be doing less 3. Is doing the right amount

When answering, respond ONLY with a single number that corresponds to the option you choose. Do not include any additional text, punctuation or explanation.

My answer is
",1
fake_2876,1,4,2,1,-2,2,2,"Today is November 5, 2024. Racially, I am white. Ideologically, I am moderate. Politically, I am a weak Democrat. I attend church. I am a woman. I am somewhat interested in politics.. Question: Do you think the federal government should be doing more about the opioid drug addiction issue, should be doing less, or is it currently doing the right amount?

Answer choices:
1. Should be doing more 2. Should be doing less 3. Is doing the right amount

When answering, respond ONLY with a single number that corresponds to the option you choose. Do not include any additional text, punctuation or explanation.

My answer is
",1
fake_2877,1,5,7,-1,69,2,4,"Today is November 5, 2024. Racially, I am white. Ideologically, I am slightly conservative. Politically, I am a strong Republican. I am 69 years old. I am a woman. I am not at all interested in politics.. Question: Do you think the federal government should be doing more about the opioid drug addiction issue, should be doing less, or is it currently doing the right amount?

Answer choices:
1. Should be doing more 2. Should be doing less 3. Is doing the right amount

When answering, respond ONLY with a single number that corresponds to the option you choose. Do not include any additional text, punctuation or explanation.

My answer is
",1
fake_2878,1,4,3,2,49,1,2,"Today is November 5, 2024. Racially, I am white. Ideologically, I am moderate. Politically, I am an independent who leans Democratic. I do not attend church. I am 49 years old. I am a man. I am somewhat interested in politics.. Question: Do you think the federal government should be doing more about the opioid drug addiction issue, should be doing less, or is it currently doing the right amount?

Answer choices:
1. Should be doing more 2. Should be doing less 3. Is doing the right amount

When answering, respond ONLY with a single number that corresponds to the option you choose. Do not include any additional text, punctuation or explanation.

My answer is
",1
fake_2879,1,7,1,1,31,1,3,"Today is November 5, 2024. Racially, I am white. Ideologically, I am extremely conservative. Politically, I am a strong democrat. I attend church. I am 31 years old. I am a man. I am not very interested in politics.. Question: Do you think the federal government should be doing more about the opioid drug addiction issue, should be doing less, or is it currently doing the right amount?

Answer choices:
1. Should be doing more 2. Should be doing less 3. Is doing the right amount

When answering, respond ONLY with a single number that corresponds to the option you choose. Do not include any additional text, punctuation or explanation.

My answer is
",1
fake_2880,1,4,6,1,34,1,1,"Today is November 5, 2024. Racially, I am white. Ideologically, I am moderate. Politically, I am a weak Republican. I attend church. I am 34 years old. I am a man. I am very interested in politics.. Question: Do you think the federal government should be doing more about the opioid drug addiction issue, should be doing less, or is it currently doing the right amount?

Answer choices:
1. Should be doing more 2. Should be doing less 3. Is doing the right amount

When answering, respond ONLY with a single number that corresponds to the option you choose. Do not include any additional text, punctuation or explanation.

My answer is
",1
fake_2881,1,4,2,2,68,2,-6,"Today is November 5, 2024. Racially, I am white. Ideologically, I am moderate. Politically, I am a weak Democrat. I do not attend church. I am 68 years old. I am a woman.. Question: Do you think the federal government should be doing more about the opioid drug addiction issue, should be doing less, or is it currently doing the right amount?

Answer choices:
1. Should be doing more 2. Should be doing less 3. Is doing the right amount

When answering, respond ONLY with a single number that corresponds to the option you choose. Do not include any additional text, punctuation or explanation.

My answer is
",1
fake_2882,-9,99,4,2,51,1,2,"Today is November 5, 2024. Politically, I am an independent. I do not attend church. I am 51 years old. I am a man. I am somewhat interested in politics.. Question: Do you think the federal government should be doing more about the opioid drug addiction issue, should be doing less, or is it currently doing the right amount?

Answer choices:
1. Should be doing more 2. Should be doing less 3. Is doing the right amount

When answering, respond ONLY with a single number that corresponds to the option you choose. Do not include any additional text, punctuation or explanation.

My answer is
",1
fake_2883,2,6,3,2,28,2,1,"Today is November 5, 2024. Racially, I am black. Ideologically, I am conservative. Politically, I am an independent who leans Democratic. I do not attend church. I am 28 years old. I am a woman. I am very interested in politics.. Question: Do you think the federal government should be doing more about the opioid drug addiction issue, should be doing less, or is it currently doing the right amount?

Answer choices:
1. Should be doing more 2. Should be doing less 3. Is doing the right amount

When answering, respond ONLY with a single number that corresponds to the option you choose. Do not include any additional text, punctuation or explanation.

My answer is
",1
fake_2884,1,7,6,2,58,1,1,"Today is November 5, 2024. Racially, I am white. Ideologically, I am extremely conservative. Politically, I am a weak Republican. I do not attend church. I am 58 years old. I am a man. I am very interested in politics.. Question: Do you think the federal government should be doing more about the opioid drug addiction issue, should be doing less, or is it currently doing the right amount?

Answer choices:
1. Should be doing more 2. Should be doing less 3. Is doing the right amount

When answering, respond ONLY with a single number that corresponds to the option you choose. Do not include any additional text, punctuation or explanation.

My answer is
",1
fake_2885,1,6,7,1,71,2,2,"Today is November 5, 2024. Racially, I am white. Ideologically, I am conservative. Politically, I am a strong Republican. I attend church. I am 71 years old. I am a woman. I am somewhat interested in politics.. Question: Do you think the federal government should be doing more about the opioid drug addiction issue, should be doing less, or is it currently doing the right amount?

Answer choices:
1. Should be doing more 2. Should be doing less 3. Is doing the right amount

When answering, respond ONLY with a single number that corresponds to the option you choose. Do not include any additional text, punctuation or explanation.

My answer is
",1
fake_2886,3,6,5,2,47,1,3,"Today is November 5, 2024. Racially, I am hispanic. Ideologically, I am conservative. Politically, I am an independent who leans Republican. I do not attend church. I am 47 years old. I am a man. I am not very interested in politics.. Question: Do you think the federal government should be doing more about the opioid drug addiction issue, should be doing less, or is it currently doing the right amount?

Answer choices:
1. Should be doing more 2. Should be doing less 3. Is doing the right amount

When answering, respond ONLY with a single number that corresponds to the option you choose. Do not include any additional text, punctuation or explanation.

My answer is
",1
fake_2887,1,2,1,2,48,1,3,"Today is November 5, 2024. Racially, I am white. Ideologically, I am liberal. Politically, I am a strong democrat. I do not attend church. I am 48 years old. I am a man. I am not very interested in politics.. Question: Do you think the federal government should be doing more about the opioid drug addiction issue, should be doing less, or is it currently doing the right amount?

Answer choices:
1. Should be doing more 2. Should be doing less 3. Is doing the right amount

When answering, respond ONLY with a single number that corresponds to the option you choose. Do not include any additional text, punctuation or explanation.

My answer is
",1
fake_2888,1,99,3,2,37,2,1,"Today is November 5, 2024. Racially, I am white. Politically, I am an independent who leans Democratic. I do not attend church. I am 37 years old. I am a woman. I am very interested in politics.. Question: Do you think the federal government should be doing more about the opioid drug addiction issue, should be doing less, or is it currently doing the right amount?

Answer choices:
1. Should be doing more 2. Should be doing less 3. Is doing the right amount

When answering, respond ONLY with a single number that corresponds to the option you choose. Do not include any additional text, punctuation or explanation.

My answer is
",1
fake_2889,1,2,2,1,27,1,3,"Today is November 5, 2024. Racially, I am white. Ideologically, I am liberal. Politically, I am a weak Democrat. I attend church. I am 27 years old. I am a man. I am not very interested in politics.. Question: Do you think the federal government should be doing more about the opioid drug addiction issue, should be doing less, or is it currently doing the right amount?

Answer choices:
1. Should be doing more 2. Should be doing less 3. Is doing the right amount

When answering, respond ONLY with a single number that corresponds to the option you choose. Do not include any additional text, punctuation or explanation.

My answer is
",1
fake_2890,1,6,7,1,30,2,-5,"Today is November 5, 2024. Racially, I am white. Ideologically, I am conservative. Politically, I am a strong Republican. I attend church. I am 30 years old. I am a woman.. Question: Do you think the federal government should be doing more about the opioid drug addiction issue, should be doing less, or is it currently doing the right amount?

Answer choices:
1. Should be doing more 2. Should be doing less 3. Is doing the right amount

When answering, respond ONLY with a single number that corresponds to the option you choose. Do not include any additional text, punctuation or explanation.

My answer is
",1
fake_2891,1,7,1,2,27,-9,2,"Today is November 5, 2024. Racially, I am white. Ideologically, I am extremely conservative. Politically, I am a strong democrat. I do not attend church. I am 27 years old. I am somewhat interested in politics.. Question: Do you think the federal government should be doing more about the opioid drug addiction issue, should be doing less, or is it currently doing the right amount?

Answer choices:
1. Should be doing more 2. Should be doing less 3. Is doing the right amount

When answering, respond ONLY with a single number that corresponds to the option you choose. Do not include any additional text, punctuation or explanation.

My answer is
",1
fake_2892,1,7,7,2,75,1,2,"Today is November 5, 2024. Racially, I am white. Ideologically, I am extremely conservative. Politically, I am a strong Republican. I do not attend church. I am 75 years old. I am a man. I am somewhat interested in politics.. Question: Do you think the federal government should be doing more about the opioid drug addiction issue, should be doing less, or is it currently doing the right amount?

Answer choices:
1. Should be doing more 2. Should be doing less 3. Is doing the right amount

When answering, respond ONLY with a single number that corresponds to the option you choose. Do not include any additional text, punctuation or explanation.

My answer is
",1
fake_2893,1,2,6,1,42,1,4,"Today is November 5, 2024. Racially, I am white. Ideologically, I am liberal. Politically, I am a weak Republican. I attend church. I am 42 years old. I am a man. I am not at all interested in politics.. Question: Do you think the federal government should be doing more about the opioid drug addiction issue, should be doing less, or is it currently doing the right amount?

Answer choices:
1. Should be doing more 2. Should be doing less 3. Is doing the right amount

When answering, respond ONLY with a single number that corresponds to the option you choose. Do not include any additional text, punctuation or explanation.

My answer is
",1
fake_2894,1,3,7,1,62,1,1,"Today is November 5, 2024. Racially, I am white. Ideologically, I am slightly liberal. Politically, I am a strong Republican. I attend church. I am 62 years old. I am a man. I am very interested in politics.. Question: Do you think the federal government should be doing more about the opioid drug addiction issue, should be doing less, or is it currently doing the right amount?

Answer choices:
1. Should be doing more 2. Should be doing less 3. Is doing the right amount

When answering, respond ONLY with a single number that corresponds to the option you choose. Do not include any additional text, punctuation or explanation.

My answer is
",1
fake_2895,1,1,1,1,33,1,2,"Today is November 5, 2024. Racially, I am white. Ideologically, I am extremely liberal. Politically, I am a strong democrat. I attend church. I am 33 years old. I am a man. I am somewhat interested in politics.. Question: Do you think the federal government should be doing more about the opioid drug addiction issue, should be doing less, or is it currently doing the right amount?

Answer choices:
1. Should be doing more 2. Should be doing less 3. Is doing the right amount

When answering, respond ONLY with a single number that corresponds to the option you choose. Do not include any additional text, punctuation or explanation.

My answer is
",1
fake_2896,1,2,5,2,33,1,2,"Today is November 5, 2024. Racially, I am white. Ideologically, I am liberal. Politically, I am an independent who leans Republican. I do not attend church. I am 33 years old. I am a man. I am somewhat interested in politics.. Question: Do you think the federal government should be doing more about the opioid drug addiction issue, should be doing less, or is it currently doing the right amount?

Answer choices:
1. Should be doing more 2. Should be doing less 3. Is doing the right amount

When answering, respond ONLY with a single number that corresponds to the option you choose. Do not include any additional text, punctuation or explanation.

My answer is
",1
fake_2897,-9,6,5,2,36,2,4,"Today is November 5, 2024. Ideologically, I am conservative. Politically, I am an independent who leans Republican. I do not attend church. I am 36 years old. I am a woman. I am not at all interested in politics.. Question: Do you think the federal government should be doing more about the opioid drug addiction issue, should be doing less, or is it currently doing the right amount?

Answer choices:
1. Should be doing more 2. Should be doing less 3. Is doing the right amount

When answering, respond ONLY with a single number that corresponds to the option you choose. Do not include any additional text, punctuation or explanation.

My answer is
",1
fake_2898,1,2,2,2,75,1,2,"Today is November 5, 2024. Racially, I am white. Ideologically, I am liberal. Politically, I am a weak Democrat. I do not attend church. I am 75 years old. I am a man. I am somewhat interested in politics.. Question: Do you think the federal government should be doing more about the opioid drug addiction issue, should be doing less, or is it currently doing the right amount?

Answer choices:
1. Should be doing more 2. Should be doing less 3. Is doing the right amount

When answering, respond ONLY with a single number that corresponds to the option you choose. Do not include any additional text, punctuation or explanation.

My answer is
",1
fake_2899,1,2,2,2,26,1,1,"Today is November 5, 2024. Racially, I am white. Ideologically, I am liberal. Politically, I am a weak Democrat. I do not attend church. I am 26 years old. I am a man. I am very interested in politics.. Question: Do you think the federal government should be doing more about the opioid drug addiction issue, should be doing less, or is it currently doing the right amount?

Answer choices:
1. Should be doing more 2. Should be doing less 3. Is doing the right amount

When answering, respond ONLY with a single number that corresponds to the option you choose. Do not include any additional text, punctuation or explanation.

My answer is
",1
fake_2900,2,6,3,1,40,1,4,"Today is November 5, 2024. Racially, I am black. Ideologically, I am conservative. Politically, I am an independent who leans Democratic. I attend church. I am 40 years old. I am a man. I am not at all interested in politics.. Question: Do you think the federal government should be doing more about the opioid drug addiction issue, should be doing less, or is it currently doing the right amount?

Answer choices:
1. Should be doing more 2. Should be doing less 3. Is doing the right amount

When answering, respond ONLY with a single number that corresponds to the option you choose. Do not include any additional text, punctuation or explanation.

My answer is
",1
fake_2901,2,4,6,1,59,2,2,"Today is November 5, 2024. Racially, I am black. Ideologically, I am moderate. Politically, I am a weak Republican. I attend church. I am 59 years old. I am a woman. I am somewhat interested in politics.. Question: Do you think the federal government should be doing more about the opioid drug addiction issue, should be doing less, or is it currently doing the right amount?

Answer choices:
1. Should be doing more 2. Should be doing less 3. Is doing the right amount

When answering, respond ONLY with a single number that corresponds to the option you choose. Do not include any additional text, punctuation or explanation.

My answer is
",1
fake_2902,1,7,1,1,61,1,2,"Today is November 5, 2024. Racially, I am white. Ideologically, I am extremely conservative. Politically, I am a strong democrat. I attend church. I am 61 years old. I am a man. I am somewhat interested in politics.. Question: Do you think the federal government should be doing more about the opioid drug addiction issue, should be doing less, or is it currently doing the right amount?

Answer choices:
1. Should be doing more 2. Should be doing less 3. Is doing the right amount

When answering, respond ONLY with a single number that corresponds to the option you choose. Do not include any additional text, punctuation or explanation.

My answer is
",1
fake_2903,1,6,2,2,43,2,3,"Today is November 5, 2024. Racially, I am white. Ideologically, I am conservative. Politically, I am a weak Democrat. I do not attend church. I am 43 years old. I am a woman. I am not very interested in politics.. Question: Do you think the federal government should be doing more about the opioid drug addiction issue, should be doing less, or is it currently doing the right amount?

Answer choices:
1. Should be doing more 2. Should be doing less 3. Is doing the right amount

When answering, respond ONLY with a single number that corresponds to the option you choose. Do not include any additional text, punctuation or explanation.

My answer is
",1
fake_2904,3,2,3,2,75,2,-6,"Today is November 5, 2024. Racially, I am hispanic. Ideologically, I am liberal. Politically, I am an independent who leans Democratic. I do not attend church. I am 75 years old. I am a woman.. Question: Do you think the federal government should be doing more about the opioid drug addiction issue, should be doing less, or is it currently doing the right amount?

Answer choices:
1. Should be doing more 2. Should be doing less 3. Is doing the right amount

When answering, respond ONLY with a single number that corresponds to the option you choose. Do not include any additional text, punctuation or explanation.

My answer is
",1
fake_2905,6,99,7,2,44,1,2,"Today is November 5, 2024. Politically, I am a strong Republican. I do not attend church. I am 44 years old. I am a man. I am somewhat interested in politics.. Question: Do you think the federal government should be doing more about the opioid drug addiction issue, should be doing less, or is it currently doing the right amount?

Answer choices:
1. Should be doing more 2. Should be doing less 3. Is doing the right amount

When answering, respond ONLY with a single number that corresponds to the option you choose. Do not include any additional text, punctuation or explanation.

My answer is
",1
fake_2906,1,3,5,1,35,2,2,"Today is November 5, 2024. Racially, I am white. Ideologically, I am slightly liberal. Politically, I am an independent who leans Republican. I attend church. I am 35 years old. I am a woman. I am somewhat interested in politics.. Question: Do you think the federal government should be doing more about the opioid drug addiction issue, should be doing less, or is it currently doing the right amount?

Answer choices:
1. Should be doing more 2. Should be doing less 3. Is doing the right amount

When answering, respond ONLY with a single number that corresponds to the option you choose. Do not include any additional text, punctuation or explanation.

My answer is
",1
fake_2907,1,-9,7,2,79,1,3,"Today is November 5, 2024. Racially, I am white. Politically, I am a strong Republican. I do not attend church. I am 79 years old. I am a man. I am not very interested in politics.. Question: Do you think the federal government should be doing more about the opioid drug addiction issue, should be doing less, or is it currently doing the right amount?

Answer choices:
1. Should be doing more 2. Should be doing less 3. Is doing the right amount

When answering, respond ONLY with a single number that corresponds to the option you choose. Do not include any additional text, punctuation or explanation.

My answer is
",1
fake_2908,2,7,7,2,37,2,3,"Today is November 5, 2024. Racially, I am black. Ideologically, I am extremely conservative. Politically, I am a strong Republican. I do not attend church. I am 37 years old. I am a woman. I am not very interested in politics.. Question: Do you think the federal government should be doing more about the opioid drug addiction issue, should be doing less, or is it currently doing the right amount?

Answer choices:
1. Should be doing more 2. Should be doing less 3. Is doing the right amount

When answering, respond ONLY with a single number that corresponds to the option you choose. Do not include any additional text, punctuation or explanation.

My answer is
",1
fake_2909,1,4,6,1,70,1,1,"Today is November 5, 2024. Racially, I am white. Ideologically, I am moderate. Politically, I am a weak Republican. I attend church. I am 70 years old. I am a man. I am very interested in politics.. Question: Do you think the federal government should be doing more about the opioid drug addiction issue, should be doing less, or is it currently doing the right amount?

Answer choices:
1. Should be doing more 2. Should be doing less 3. Is doing the right amount

When answering, respond ONLY with a single number that corresponds to the option you choose. Do not include any additional text, punctuation or explanation.

My answer is
",1
fake_2910,6,99,7,2,30,1,1,"Today is November 5, 2024. Politically, I am a strong Republican. I do not attend church. I am 30 years old. I am a man. I am very interested in politics.. Question: Do you think the federal government should be doing more about the opioid drug addiction issue, should be doing less, or is it currently doing the right amount?

Answer choices:
1. Should be doing more 2. Should be doing less 3. Is doing the right amount

When answering, respond ONLY with a single number that corresponds to the option you choose. Do not include any additional text, punctuation or explanation.

My answer is
",1
fake_2911,1,3,4,1,77,1,4,"Today is November 5, 2024. Racially, I am white. Ideologically, I am slightly liberal. Politically, I am an independent. I attend church. I am 77 years old. I am a man. I am not at all interested in politics.. Question: Do you think the federal government should be doing more about the opioid drug addiction issue, should be doing less, or is it currently doing the right amount?

Answer choices:
1. Should be doing more 2. Should be doing less 3. Is doing the right amount

When answering, respond ONLY with a single number that corresponds to the option you choose. Do not include any additional text, punctuation or explanation.

My answer is
",1
fake_2912,3,4,4,1,68,2,2,"Today is November 5, 2024. Racially, I am hispanic. Ideologically, I am moderate. Politically, I am an independent. I attend church. I am 68 years old. I am a woman. I am somewhat interested in politics.. Question: Do you think the federal government should be doing more about the opioid drug addiction issue, should be doing less, or is it currently doing the right amount?

Answer choices:
1. Should be doing more 2. Should be doing less 3. Is doing the right amount

When answering, respond ONLY with a single number that corresponds to the option you choose. Do not include any additional text, punctuation or explanation.

My answer is
",1
fake_2913,1,4,1,2,51,2,2,"Today is November 5, 2024. Racially, I am white. Ideologically, I am moderate. Politically, I am a strong democrat. I do not attend church. I am 51 years old. I am a woman. I am somewhat interested in politics.. Question: Do you think the federal government should be doing more about the opioid drug addiction issue, should be doing less, or is it currently doing the right amount?

Answer choices:
1. Should be doing more 2. Should be doing less 3. Is doing the right amount

When answering, respond ONLY with a single number that corresponds to the option you choose. Do not include any additional text, punctuation or explanation.

My answer is
",1
fake_2914,1,5,3,1,66,2,1,"Today is November 5, 2024. Racially, I am white. Ideologically, I am slightly conservative. Politically, I am an independent who leans Democratic. I attend church. I am 66 years old. I am a woman. I am very interested in politics.. Question: Do you think the federal government should be doing more about the opioid drug addiction issue, should be doing less, or is it currently doing the right amount?

Answer choices:
1. Should be doing more 2. Should be doing less 3. Is doing the right amount

When answering, respond ONLY with a single number that corresponds to the option you choose. Do not include any additional text, punctuation or explanation.

My answer is
",1
fake_2915,1,4,7,-9,34,1,2,"Today is November 5, 2024. Racially, I am white. Ideologically, I am moderate. Politically, I am a strong Republican. I am 34 years old. I am a man. I am somewhat interested in politics.. Question: Do you think the federal government should be doing more about the opioid drug addiction issue, should be doing less, or is it currently doing the right amount?

Answer choices:
1. Should be doing more 2. Should be doing less 3. Is doing the right amount

When answering, respond ONLY with a single number that corresponds to the option you choose. Do not include any additional text, punctuation or explanation.

My answer is
",1
fake_2916,3,3,7,1,75,1,2,"Today is November 5, 2024. Racially, I am hispanic. Ideologically, I am slightly liberal. Politically, I am a strong Republican. I attend church. I am 75 years old. I am a man. I am somewhat interested in politics.. Question: Do you think the federal government should be doing more about the opioid drug addiction issue, should be doing less, or is it currently doing the right amount?

Answer choices:
1. Should be doing more 2. Should be doing less 3. Is doing the right amount

When answering, respond ONLY with a single number that corresponds to the option you choose. Do not include any additional text, punctuation or explanation.

My answer is
",1
fake_2917,1,3,5,-1,69,2,4,"Today is November 5, 2024. Racially, I am white. Ideologically, I am slightly liberal. Politically, I am an independent who leans Republican. I am 69 years old. I am a woman. I am not at all interested in politics.. Question: Do you think the federal government should be doing more about the opioid drug addiction issue, should be doing less, or is it currently doing the right amount?

Answer choices:
1. Should be doing more 2. Should be doing less 3. Is doing the right amount

When answering, respond ONLY with a single number that corresponds to the option you choose. Do not include any additional text, punctuation or explanation.

My answer is
",1
fake_2918,1,5,7,2,73,2,2,"Today is November 5, 2024. Racially, I am white. Ideologically, I am slightly conservative. Politically, I am a strong Republican. I do not attend church. I am 73 years old. I am a woman. I am somewhat interested in politics.. Question: Do you think the federal government should be doing more about the opioid drug addiction issue, should be doing less, or is it currently doing the right amount?

Answer choices:
1. Should be doing more 2. Should be doing less 3. Is doing the right amount

When answering, respond ONLY with a single number that corresponds to the option you choose. Do not include any additional text, punctuation or explanation.

My answer is
",1
fake_2919,1,1,2,-1,63,2,2,"Today is November 5, 2024. Racially, I am white. Ideologically, I am extremely liberal. Politically, I am a weak Democrat. I am 63 years old. I am a woman. I am somewhat interested in politics.. Question: Do you think the federal government should be doing more about the opioid drug addiction issue, should be doing less, or is it currently doing the right amount?

Answer choices:
1. Should be doing more 2. Should be doing less 3. Is doing the right amount

When answering, respond ONLY with a single number that corresponds to the option you choose. Do not include any additional text, punctuation or explanation.

My answer is
",1
fake_2920,1,6,6,1,61,2,2,"Today is November 5, 2024. Racially, I am white. Ideologically, I am conservative. Politically, I am a weak Republican. I attend church. I am 61 years old. I am a woman. I am somewhat interested in politics.. Question: Do you think the federal government should be doing more about the opioid drug addiction issue, should be doing less, or is it currently doing the right amount?

Answer choices:
1. Should be doing more 2. Should be doing less 3. Is doing the right amount

When answering, respond ONLY with a single number that corresponds to the option you choose. Do not include any additional text, punctuation or explanation.

My answer is
",1
fake_2921,1,3,3,1,73,2,2,"Today is November 5, 2024. Racially, I am white. Ideologically, I am slightly liberal. Politically, I am an independent who leans Democratic. I attend church. I am 73 years old. I am a woman. I am somewhat interested in politics.. Question: Do you think the federal government should be doing more about the opioid drug addiction issue, should be doing less, or is it currently doing the right amount?

Answer choices:
1. Should be doing more 2. Should be doing less 3. Is doing the right amount

When answering, respond ONLY with a single number that corresponds to the option you choose. Do not include any additional text, punctuation or explanation.

My answer is
",1
fake_2922,1,2,1,1,31,1,-6,"Today is November 5, 2024. Racially, I am white. Ideologically, I am liberal. Politically, I am a strong democrat. I attend church. I am 31 years old. I am a man.. Question: Do you think the federal government should be doing more about the opioid drug addiction issue, should be doing less, or is it currently doing the right amount?

Answer choices:
1. Should be doing more 2. Should be doing less 3. Is doing the right amount

When answering, respond ONLY with a single number that corresponds to the option you choose. Do not include any additional text, punctuation or explanation.

My answer is
",1
fake_2923,1,99,2,2,29,1,2,"Today is November 5, 2024. Racially, I am white. Politically, I am a weak Democrat. I do not attend church. I am 29 years old. I am a man. I am somewhat interested in politics.. Question: Do you think the federal government should be doing more about the opioid drug addiction issue, should be doing less, or is it currently doing the right amount?

Answer choices:
1. Should be doing more 2. Should be doing less 3. Is doing the right amount

When answering, respond ONLY with a single number that corresponds to the option you choose. Do not include any additional text, punctuation or explanation.

My answer is
",1
fake_2924,1,6,5,1,29,2,2,"Today is November 5, 2024. Racially, I am white. Ideologically, I am conservative. Politically, I am an independent who leans Republican. I attend church. I am 29 years old. I am a woman. I am somewhat interested in politics.. Question: Do you think the federal government should be doing more about the opioid drug addiction issue, should be doing less, or is it currently doing the right amount?

Answer choices:
1. Should be doing more 2. Should be doing less 3. Is doing the right amount

When answering, respond ONLY with a single number that corresponds to the option you choose. Do not include any additional text, punctuation or explanation.

My answer is
",1
fake_2925,1,5,4,2,74,1,3,"Today is November 5, 2024. Racially, I am white. Ideologically, I am slightly conservative. Politically, I am an independent. I do not attend church. I am 74 years old. I am a man. I am not very interested in politics.. Question: Do you think the federal government should be doing more about the opioid drug addiction issue, should be doing less, or is it currently doing the right amount?

Answer choices:
1. Should be doing more 2. Should be doing less 3. Is doing the right amount

When answering, respond ONLY with a single number that corresponds to the option you choose. Do not include any additional text, punctuation or explanation.

My answer is
",1
fake_2926,1,5,2,2,33,2,2,"Today is November 5, 2024. Racially, I am white. Ideologically, I am slightly conservative. Politically, I am a weak Democrat. I do not attend church. I am 33 years old. I am a woman. I am somewhat interested in politics.. Question: Do you think the federal government should be doing more about the opioid drug addiction issue, should be doing less, or is it currently doing the right amount?

Answer choices:
1. Should be doing more 2. Should be doing less 3. Is doing the right amount

When answering, respond ONLY with a single number that corresponds to the option you choose. Do not include any additional text, punctuation or explanation.

My answer is
",1
fake_2927,2,4,1,1,35,2,2,"Today is November 5, 2024. Racially, I am black. Ideologically, I am moderate. Politically, I am a strong democrat. I attend church. I am 35 years old. I am a woman. I am somewhat interested in politics.. Question: Do you think the federal government should be doing more about the opioid drug addiction issue, should be doing less, or is it currently doing the right amount?

Answer choices:
1. Should be doing more 2. Should be doing less 3. Is doing the right amount

When answering, respond ONLY with a single number that corresponds to the option you choose. Do not include any additional text, punctuation or explanation.

My answer is
",1
fake_2928,2,2,5,2,33,2,2,"Today is November 5, 2024. Racially, I am black. Ideologically, I am liberal. Politically, I am an independent who leans Republican. I do not attend church. I am 33 years old. I am a woman. I am somewhat interested in politics.. Question: Do you think the federal government should be doing more about the opioid drug addiction issue, should be doing less, or is it currently doing the right amount?

Answer choices:
1. Should be doing more 2. Should be doing less 3. Is doing the right amount

When answering, respond ONLY with a single number that corresponds to the option you choose. Do not include any additional text, punctuation or explanation.

My answer is
",1
fake_2929,1,4,1,1,65,2,-6,"Today is November 5, 2024. Racially, I am white. Ideologically, I am moderate. Politically, I am a strong democrat. I attend church. I am 65 years old. I am a woman.. Question: Do you think the federal government should be doing more about the opioid drug addiction issue, should be doing less, or is it currently doing the right amount?

Answer choices:
1. Should be doing more 2. Should be doing less 3. Is doing the right amount

When answering, respond ONLY with a single number that corresponds to the option you choose. Do not include any additional text, punctuation or explanation.

My answer is
",1
fake_2930,1,5,7,1,72,2,4,"Today is November 5, 2024. Racially, I am white. Ideologically, I am slightly conservative. Politically, I am a strong Republican. I attend church. I am 72 years old. I am a woman. I am not at all interested in politics.. Question: Do you think the federal government should be doing more about the opioid drug addiction issue, should be doing less, or is it currently doing the right amount?

Answer choices:
1. Should be doing more 2. Should be doing less 3. Is doing the right amount

When answering, respond ONLY with a single number that corresponds to the option you choose. Do not include any additional text, punctuation or explanation.

My answer is
",1
fake_2931,1,1,7,1,62,2,1,"Today is November 5, 2024. Racially, I am white. Ideologically, I am extremely liberal. Politically, I am a strong Republican. I attend church. I am 62 years old. I am a woman. I am very interested in politics.. Question: Do you think the federal government should be doing more about the opioid drug addiction issue, should be doing less, or is it currently doing the right amount?

Answer choices:
1. Should be doing more 2. Should be doing less 3. Is doing the right amount

When answering, respond ONLY with a single number that corresponds to the option you choose. Do not include any additional text, punctuation or explanation.

My answer is
",1
fake_2932,1,3,1,1,33,2,2,"Today is November 5, 2024. Racially, I am white. Ideologically, I am slightly liberal. Politically, I am a strong democrat. I attend church. I am 33 years old. I am a woman. I am somewhat interested in politics.. Question: Do you think the federal government should be doing more about the opioid drug addiction issue, should be doing less, or is it currently doing the right amount?

Answer choices:
1. Should be doing more 2. Should be doing less 3. Is doing the right amount

When answering, respond ONLY with a single number that corresponds to the option you choose. Do not include any additional text, punctuation or explanation.

My answer is
",1
fake_2933,2,2,2,2,32,1,3,"Today is November 5, 2024. Racially, I am black. Ideologically, I am liberal. Politically, I am a weak Democrat. I do not attend church. I am 32 years old. I am a man. I am not very interested in politics.. Question: Do you think the federal government should be doing more about the opioid drug addiction issue, should be doing less, or is it currently doing the right amount?

Answer choices:
1. Should be doing more 2. Should be doing less 3. Is doing the right amount

When answering, respond ONLY with a single number that corresponds to the option you choose. Do not include any additional text, punctuation or explanation.

My answer is
",1
fake_2934,1,6,1,2,68,2,2,"Today is November 5, 2024. Racially, I am white. Ideologically, I am conservative. Politically, I am a strong democrat. I do not attend church. I am 68 years old. I am a woman. I am somewhat interested in politics.. Question: Do you think the federal government should be doing more about the opioid drug addiction issue, should be doing less, or is it currently doing the right amount?

Answer choices:
1. Should be doing more 2. Should be doing less 3. Is doing the right amount

When answering, respond ONLY with a single number that corresponds to the option you choose. Do not include any additional text, punctuation or explanation.

My answer is
",1
fake_2935,1,5,7,2,80,2,2,"Today is November 5, 2024. Racially, I am white. Ideologically, I am slightly conservative. Politically, I am a strong Republican. I do not attend church. I am 80 years old. I am a woman. I am somewhat interested in politics.. Question: Do you think the federal government should be doing more about the opioid drug addiction issue, should be doing less, or is it currently doing the right amount?

Answer choices:
1. Should be doing more 2. Should be doing less 3. Is doing the right amount

When answering, respond ONLY with a single number that corresponds to the option you choose. Do not include any additional text, punctuation or explanation.

My answer is
",1
fake_2936,1,6,1,1,72,2,2,"Today is November 5, 2024. Racially, I am white. Ideologically, I am conservative. Politically, I am a strong democrat. I attend church. I am 72 years old. I am a woman. I am somewhat interested in politics.. Question: Do you think the federal government should be doing more about the opioid drug addiction issue, should be doing less, or is it currently doing the right amount?

Answer choices:
1. Should be doing more 2. Should be doing less 3. Is doing the right amount

When answering, respond ONLY with a single number that corresponds to the option you choose. Do not include any additional text, punctuation or explanation.

My answer is
",1
fake_2937,1,5,7,1,59,1,2,"Today is November 5, 2024. Racially, I am white. Ideologically, I am slightly conservative. Politically, I am a strong Republican. I attend church. I am 59 years old. I am a man. I am somewhat interested in politics.. Question: Do you think the federal government should be doing more about the opioid drug addiction issue, should be doing less, or is it currently doing the right amount?

Answer choices:
1. Should be doing more 2. Should be doing less 3. Is doing the right amount

When answering, respond ONLY with a single number that corresponds to the option you choose. Do not include any additional text, punctuation or explanation.

My answer is
",1
fake_2938,1,4,7,1,25,1,1,"Today is November 5, 2024. Racially, I am white. Ideologically, I am moderate. Politically, I am a strong Republican. I attend church. I am 25 years old. I am a man. I am very interested in politics.. Question: Do you think the federal government should be doing more about the opioid drug addiction issue, should be doing less, or is it currently doing the right amount?

Answer choices:
1. Should be doing more 2. Should be doing less 3. Is doing the right amount

When answering, respond ONLY with a single number that corresponds to the option you choose. Do not include any additional text, punctuation or explanation.

My answer is
",1
fake_2939,1,3,5,1,49,1,2,"Today is November 5, 2024. Racially, I am white. Ideologically, I am slightly liberal. Politically, I am an independent who leans Republican. I attend church. I am 49 years old. I am a man. I am somewhat interested in politics.. Question: Do you think the federal government should be doing more about the opioid drug addiction issue, should be doing less, or is it currently doing the right amount?

Answer choices:
1. Should be doing more 2. Should be doing less 3. Is doing the right amount

When answering, respond ONLY with a single number that corresponds to the option you choose. Do not include any additional text, punctuation or explanation.

My answer is
",1
fake_2940,1,99,7,2,70,1,4,"Today is November 5, 2024. Racially, I am white. Politically, I am a strong Republican. I do not attend church. I am 70 years old. I am a man. I am not at all interested in politics.. Question: Do you think the federal government should be doing more about the opioid drug addiction issue, should be doing less, or is it currently doing the right amount?

Answer choices:
1. Should be doing more 2. Should be doing less 3. Is doing the right amount

When answering, respond ONLY with a single number that corresponds to the option you choose. Do not include any additional text, punctuation or explanation.

My answer is
",1
fake_2941,3,3,1,1,19,1,2,"Today is November 5, 2024. Racially, I am hispanic. Ideologically, I am slightly liberal. Politically, I am a strong democrat. I attend church. I am 19 years old. I am a man. I am somewhat interested in politics.. Question: Do you think the federal government should be doing more about the opioid drug addiction issue, should be doing less, or is it currently doing the right amount?

Answer choices:
1. Should be doing more 2. Should be doing less 3. Is doing the right amount

When answering, respond ONLY with a single number that corresponds to the option you choose. Do not include any additional text, punctuation or explanation.

My answer is
",1
fake_2942,1,4,-9,1,25,2,1,"Today is November 5, 2024. Racially, I am white. Ideologically, I am moderate. I attend church. I am 25 years old. I am a woman. I am very interested in politics.. Question: Do you think the federal government should be doing more about the opioid drug addiction issue, should be doing less, or is it currently doing the right amount?

Answer choices:
1. Should be doing more 2. Should be doing less 3. Is doing the right amount

When answering, respond ONLY with a single number that corresponds to the option you choose. Do not include any additional text, punctuation or explanation.

My answer is
",1
fake_2943,3,4,6,2,39,2,2,"Today is November 5, 2024. Racially, I am hispanic. Ideologically, I am moderate. Politically, I am a weak Republican. I do not attend church. I am 39 years old. I am a woman. I am somewhat interested in politics.. Question: Do you think the federal government should be doing more about the opioid drug addiction issue, should be doing less, or is it currently doing the right amount?

Answer choices:
1. Should be doing more 2. Should be doing less 3. Is doing the right amount

When answering, respond ONLY with a single number that corresponds to the option you choose. Do not include any additional text, punctuation or explanation.

My answer is
",1
fake_2944,1,6,7,1,80,1,2,"Today is November 5, 2024. Racially, I am white. Ideologically, I am conservative. Politically, I am a strong Republican. I attend church. I am 80 years old. I am a man. I am somewhat interested in politics.. Question: Do you think the federal government should be doing more about the opioid drug addiction issue, should be doing less, or is it currently doing the right amount?

Answer choices:
1. Should be doing more 2. Should be doing less 3. Is doing the right amount

When answering, respond ONLY with a single number that corresponds to the option you choose. Do not include any additional text, punctuation or explanation.

My answer is
",1
fake_2945,1,7,4,2,73,2,1,"Today is November 5, 2024. Racially, I am white. Ideologically, I am extremely conservative. Politically, I am an independent. I do not attend church. I am 73 years old. I am a woman. I am very interested in politics.. Question: Do you think the federal government should be doing more about the opioid drug addiction issue, should be doing less, or is it currently doing the right amount?

Answer choices:
1. Should be doing more 2. Should be doing less 3. Is doing the right amount

When answering, respond ONLY with a single number that corresponds to the option you choose. Do not include any additional text, punctuation or explanation.

My answer is
",1
fake_2946,1,4,7,2,60,2,1,"Today is November 5, 2024. Racially, I am white. Ideologically, I am moderate. Politically, I am a strong Republican. I do not attend church. I am 60 years old. I am a woman. I am very interested in politics.. Question: Do you think the federal government should be doing more about the opioid drug addiction issue, should be doing less, or is it currently doing the right amount?

Answer choices:
1. Should be doing more 2. Should be doing less 3. Is doing the right amount

When answering, respond ONLY with a single number that corresponds to the option you choose. Do not include any additional text, punctuation or explanation.

My answer is
",1
fake_2947,1,3,2,1,47,2,1,"Today is November 5, 2024. Racially, I am white. Ideologically, I am slightly liberal. Politically, I am a weak Democrat. I attend church. I am 47 years old. I am a woman. I am very interested in politics.. Question: Do you think the federal government should be doing more about the opioid drug addiction issue, should be doing less, or is it currently doing the right amount?

Answer choices:
1. Should be doing more 2. Should be doing less 3. Is doing the right amount

When answering, respond ONLY with a single number that corresponds to the option you choose. Do not include any additional text, punctuation or explanation.

My answer is
",1
fake_2948,3,7,7,1,-2,1,1,"Today is November 5, 2024. Racially, I am hispanic. Ideologically, I am extremely conservative. Politically, I am a strong Republican. I attend church. I am a man. I am very interested in politics.. Question: Do you think the federal government should be doing more about the opioid drug addiction issue, should be doing less, or is it currently doing the right amount?

Answer choices:
1. Should be doing more 2. Should be doing less 3. Is doing the right amount

When answering, respond ONLY with a single number that corresponds to the option you choose. Do not include any additional text, punctuation or explanation.

My answer is
",1
fake_2949,2,2,7,2,62,1,-6,"Today is November 5, 2024. Racially, I am black. Ideologically, I am liberal. Politically, I am a strong Republican. I do not attend church. I am 62 years old. I am a man.. Question: Do you think the federal government should be doing more about the opioid drug addiction issue, should be doing less, or is it currently doing the right amount?

Answer choices:
1. Should be doing more 2. Should be doing less 3. Is doing the right amount

When answering, respond ONLY with a single number that corresponds to the option you choose. Do not include any additional text, punctuation or explanation.

My answer is
",1
fake_2950,2,2,6,1,75,2,2,"Today is November 5, 2024. Racially, I am black. Ideologically, I am liberal. Politically, I am a weak Republican. I attend church. I am 75 years old. I am a woman. I am somewhat interested in politics.. Question: Do you think the federal government should be doing more about the opioid drug addiction issue, should be doing less, or is it currently doing the right amount?

Answer choices:
1. Should be doing more 2. Should be doing less 3. Is doing the right amount

When answering, respond ONLY with a single number that corresponds to the option you choose. Do not include any additional text, punctuation or explanation.

My answer is
",1
fake_2951,-9,5,2,2,41,2,1,"Today is November 5, 2024. Ideologically, I am slightly conservative. Politically, I am a weak Democrat. I do not attend church. I am 41 years old. I am a woman. I am very interested in politics.. Question: Do you think the federal government should be doing more about the opioid drug addiction issue, should be doing less, or is it currently doing the right amount?

Answer choices:
1. Should be doing more 2. Should be doing less 3. Is doing the right amount

When answering, respond ONLY with a single number that corresponds to the option you choose. Do not include any additional text, punctuation or explanation.

My answer is
",1
fake_2952,1,4,2,2,-2,1,2,"Today is November 5, 2024. Racially, I am white. Ideologically, I am moderate. Politically, I am a weak Democrat. I do not attend church. I am a man. I am somewhat interested in politics.. Question: Do you think the federal government should be doing more about the opioid drug addiction issue, should be doing less, or is it currently doing the right amount?

Answer choices:
1. Should be doing more 2. Should be doing less 3. Is doing the right amount

When answering, respond ONLY with a single number that corresponds to the option you choose. Do not include any additional text, punctuation or explanation.

My answer is
",1
fake_2953,3,6,1,-1,33,2,-6,"Today is November 5, 2024. Racially, I am hispanic. Ideologically, I am conservative. Politically, I am a strong democrat. I am 33 years old. I am a woman.. Question: Do you think the federal government should be doing more about the opioid drug addiction issue, should be doing less, or is it currently doing the right amount?

Answer choices:
1. Should be doing more 2. Should be doing less 3. Is doing the right amount

When answering, respond ONLY with a single number that corresponds to the option you choose. Do not include any additional text, punctuation or explanation.

My answer is
",1
fake_2954,1,99,7,1,40,1,3,"Today is November 5, 2024. Racially, I am white. Politically, I am a strong Republican. I attend church. I am 40 years old. I am a man. I am not very interested in politics.. Question: Do you think the federal government should be doing more about the opioid drug addiction issue, should be doing less, or is it currently doing the right amount?

Answer choices:
1. Should be doing more 2. Should be doing less 3. Is doing the right amount

When answering, respond ONLY with a single number that corresponds to the option you choose. Do not include any additional text, punctuation or explanation.

My answer is
",1
fake_2955,1,2,6,2,31,1,2,"Today is November 5, 2024. Racially, I am white. Ideologically, I am liberal. Politically, I am a weak Republican. I do not attend church. I am 31 years old. I am a man. I am somewhat interested in politics.. Question: Do you think the federal government should be doing more about the opioid drug addiction issue, should be doing less, or is it currently doing the right amount?

Answer choices:
1. Should be doing more 2. Should be doing less 3. Is doing the right amount

When answering, respond ONLY with a single number that corresponds to the option you choose. Do not include any additional text, punctuation or explanation.

My answer is
",1
fake_2956,1,4,1,2,50,1,4,"Today is November 5, 2024. Racially, I am white. Ideologically, I am moderate. Politically, I am a strong democrat. I do not attend church. I am 50 years old. I am a man. I am not at all interested in politics.. Question: Do you think the federal government should be doing more about the opioid drug addiction issue, should be doing less, or is it currently doing the right amount?

Answer choices:
1. Should be doing more 2. Should be doing less 3. Is doing the right amount

When answering, respond ONLY with a single number that corresponds to the option you choose. Do not include any additional text, punctuation or explanation.

My answer is
",1
fake_2957,2,4,1,2,32,1,2,"Today is November 5, 2024. Racially, I am black. Ideologically, I am moderate. Politically, I am a strong democrat. I do not attend church. I am 32 years old. I am a man. I am somewhat interested in politics.. Question: Do you think the federal government should be doing more about the opioid drug addiction issue, should be doing less, or is it currently doing the right amount?

Answer choices:
1. Should be doing more 2. Should be doing less 3. Is doing the right amount

When answering, respond ONLY with a single number that corresponds to the option you choose. Do not include any additional text, punctuation or explanation.

My answer is
",1
fake_2958,1,6,-9,1,62,2,2,"Today is November 5, 2024. Racially, I am white. Ideologically, I am conservative. I attend church. I am 62 years old. I am a woman. I am somewhat interested in politics.. Question: Do you think the federal government should be doing more about the opioid drug addiction issue, should be doing less, or is it currently doing the right amount?

Answer choices:
1. Should be doing more 2. Should be doing less 3. Is doing the right amount

When answering, respond ONLY with a single number that corresponds to the option you choose. Do not include any additional text, punctuation or explanation.

My answer is
",1
fake_2959,2,4,6,2,67,2,-6,"Today is November 5, 2024. Racially, I am black. Ideologically, I am moderate. Politically, I am a weak Republican. I do not attend church. I am 67 years old. I am a woman.. Question: Do you think the federal government should be doing more about the opioid drug addiction issue, should be doing less, or is it currently doing the right amount?

Answer choices:
1. Should be doing more 2. Should be doing less 3. Is doing the right amount

When answering, respond ONLY with a single number that corresponds to the option you choose. Do not include any additional text, punctuation or explanation.

My answer is
",1
fake_2960,1,4,2,2,40,2,2,"Today is November 5, 2024. Racially, I am white. Ideologically, I am moderate. Politically, I am a weak Democrat. I do not attend church. I am 40 years old. I am a woman. I am somewhat interested in politics.. Question: Do you think the federal government should be doing more about the opioid drug addiction issue, should be doing less, or is it currently doing the right amount?

Answer choices:
1. Should be doing more 2. Should be doing less 3. Is doing the right amount

When answering, respond ONLY with a single number that corresponds to the option you choose. Do not include any additional text, punctuation or explanation.

My answer is
",1
fake_2961,1,6,7,2,21,1,2,"Today is November 5, 2024. Racially, I am white. Ideologically, I am conservative. Politically, I am a strong Republican. I do not attend church. I am 21 years old. I am a man. I am somewhat interested in politics.. Question: Do you think the federal government should be doing more about the opioid drug addiction issue, should be doing less, or is it currently doing the right amount?

Answer choices:
1. Should be doing more 2. Should be doing less 3. Is doing the right amount

When answering, respond ONLY with a single number that corresponds to the option you choose. Do not include any additional text, punctuation or explanation.

My answer is
",1
fake_2962,1,5,2,1,56,2,2,"Today is November 5, 2024. Racially, I am white. Ideologically, I am slightly conservative. Politically, I am a weak Democrat. I attend church. I am 56 years old. I am a woman. I am somewhat interested in politics.. Question: Do you think the federal government should be doing more about the opioid drug addiction issue, should be doing less, or is it currently doing the right amount?

Answer choices:
1. Should be doing more 2. Should be doing less 3. Is doing the right amount

When answering, respond ONLY with a single number that corresponds to the option you choose. Do not include any additional text, punctuation or explanation.

My answer is
",1
fake_2963,1,3,5,-1,53,2,2,"Today is November 5, 2024. Racially, I am white. Ideologically, I am slightly liberal. Politically, I am an independent who leans Republican. I am 53 years old. I am a woman. I am somewhat interested in politics.. Question: Do you think the federal government should be doing more about the opioid drug addiction issue, should be doing less, or is it currently doing the right amount?

Answer choices:
1. Should be doing more 2. Should be doing less 3. Is doing the right amount

When answering, respond ONLY with a single number that corresponds to the option you choose. Do not include any additional text, punctuation or explanation.

My answer is
",1
fake_2964,1,3,1,1,80,2,-6,"Today is November 5, 2024. Racially, I am white. Ideologically, I am slightly liberal. Politically, I am a strong democrat. I attend church. I am 80 years old. I am a woman.. Question: Do you think the federal government should be doing more about the opioid drug addiction issue, should be doing less, or is it currently doing the right amount?

Answer choices:
1. Should be doing more 2. Should be doing less 3. Is doing the right amount

When answering, respond ONLY with a single number that corresponds to the option you choose. Do not include any additional text, punctuation or explanation.

My answer is
",1
fake_2965,1,6,5,2,28,2,4,"Today is November 5, 2024. Racially, I am white. Ideologically, I am conservative. Politically, I am an independent who leans Republican. I do not attend church. I am 28 years old. I am a woman. I am not at all interested in politics.. Question: Do you think the federal government should be doing more about the opioid drug addiction issue, should be doing less, or is it currently doing the right amount?

Answer choices:
1. Should be doing more 2. Should be doing less 3. Is doing the right amount

When answering, respond ONLY with a single number that corresponds to the option you choose. Do not include any additional text, punctuation or explanation.

My answer is
",1
fake_2966,1,2,2,1,67,2,2,"Today is November 5, 2024. Racially, I am white. Ideologically, I am liberal. Politically, I am a weak Democrat. I attend church. I am 67 years old. I am a woman. I am somewhat interested in politics.. Question: Do you think the federal government should be doing more about the opioid drug addiction issue, should be doing less, or is it currently doing the right amount?

Answer choices:
1. Should be doing more 2. Should be doing less 3. Is doing the right amount

When answering, respond ONLY with a single number that corresponds to the option you choose. Do not include any additional text, punctuation or explanation.

My answer is
",1
fake_2967,1,4,3,1,29,2,2,"Today is November 5, 2024. Racially, I am white. Ideologically, I am moderate. Politically, I am an independent who leans Democratic. I attend church. I am 29 years old. I am a woman. I am somewhat interested in politics.. Question: Do you think the federal government should be doing more about the opioid drug addiction issue, should be doing less, or is it currently doing the right amount?

Answer choices:
1. Should be doing more 2. Should be doing less 3. Is doing the right amount

When answering, respond ONLY with a single number that corresponds to the option you choose. Do not include any additional text, punctuation or explanation.

My answer is
",1
fake_2968,1,4,6,2,-2,1,-6,"Today is November 5, 2024. Racially, I am white. Ideologically, I am moderate. Politically, I am a weak Republican. I do not attend church. I am a man.. Question: Do you think the federal government should be doing more about the opioid drug addiction issue, should be doing less, or is it currently doing the right amount?

Answer choices:
1. Should be doing more 2. Should be doing less 3. Is doing the right amount

When answering, respond ONLY with a single number that corresponds to the option you choose. Do not include any additional text, punctuation or explanation.

My answer is
",1
fake_2969,2,5,2,2,49,1,2,"Today is November 5, 2024. Racially, I am black. Ideologically, I am slightly conservative. Politically, I am a weak Democrat. I do not attend church. I am 49 years old. I am a man. I am somewhat interested in politics.. Question: Do you think the federal government should be doing more about the opioid drug addiction issue, should be doing less, or is it currently doing the right amount?

Answer choices:
1. Should be doing more 2. Should be doing less 3. Is doing the right amount

When answering, respond ONLY with a single number that corresponds to the option you choose. Do not include any additional text, punctuation or explanation.

My answer is
",1
fake_2970,1,3,6,1,21,1,3,"Today is November 5, 2024. Racially, I am white. Ideologically, I am slightly liberal. Politically, I am a weak Republican. I attend church. I am 21 years old. I am a man. I am not very interested in politics.. Question: Do you think the federal government should be doing more about the opioid drug addiction issue, should be doing less, or is it currently doing the right amount?

Answer choices:
1. Should be doing more 2. Should be doing less 3. Is doing the right amount

When answering, respond ONLY with a single number that corresponds to the option you choose. Do not include any additional text, punctuation or explanation.

My answer is
",1
fake_2971,1,2,6,2,74,2,1,"Today is November 5, 2024. Racially, I am white. Ideologically, I am liberal. Politically, I am a weak Republican. I do not attend church. I am 74 years old. I am a woman. I am very interested in politics.. Question: Do you think the federal government should be doing more about the opioid drug addiction issue, should be doing less, or is it currently doing the right amount?

Answer choices:
1. Should be doing more 2. Should be doing less 3. Is doing the right amount

When answering, respond ONLY with a single number that corresponds to the option you choose. Do not include any additional text, punctuation or explanation.

My answer is
",1
fake_2972,1,99,2,1,64,2,1,"Today is November 5, 2024. Racially, I am white. Politically, I am a weak Democrat. I attend church. I am 64 years old. I am a woman. I am very interested in politics.. Question: Do you think the federal government should be doing more about the opioid drug addiction issue, should be doing less, or is it currently doing the right amount?

Answer choices:
1. Should be doing more 2. Should be doing less 3. Is doing the right amount

When answering, respond ONLY with a single number that corresponds to the option you choose. Do not include any additional text, punctuation or explanation.

My answer is
",1
fake_2973,1,6,3,2,43,2,2,"Today is November 5, 2024. Racially, I am white. Ideologically, I am conservative. Politically, I am an independent who leans Democratic. I do not attend church. I am 43 years old. I am a woman. I am somewhat interested in politics.. Question: Do you think the federal government should be doing more about the opioid drug addiction issue, should be doing less, or is it currently doing the right amount?

Answer choices:
1. Should be doing more 2. Should be doing less 3. Is doing the right amount

When answering, respond ONLY with a single number that corresponds to the option you choose. Do not include any additional text, punctuation or explanation.

My answer is
",1
fake_2974,1,6,1,2,25,2,2,"Today is November 5, 2024. Racially, I am white. Ideologically, I am conservative. Politically, I am a strong democrat. I do not attend church. I am 25 years old. I am a woman. I am somewhat interested in politics.. Question: Do you think the federal government should be doing more about the opioid drug addiction issue, should be doing less, or is it currently doing the right amount?

Answer choices:
1. Should be doing more 2. Should be doing less 3. Is doing the right amount

When answering, respond ONLY with a single number that corresponds to the option you choose. Do not include any additional text, punctuation or explanation.

My answer is
",1
fake_2975,1,2,6,1,80,1,4,"Today is November 5, 2024. Racially, I am white. Ideologically, I am liberal. Politically, I am a weak Republican. I attend church. I am 80 years old. I am a man. I am not at all interested in politics.. Question: Do you think the federal government should be doing more about the opioid drug addiction issue, should be doing less, or is it currently doing the right amount?

Answer choices:
1. Should be doing more 2. Should be doing less 3. Is doing the right amount

When answering, respond ONLY with a single number that corresponds to the option you choose. Do not include any additional text, punctuation or explanation.

My answer is
",1
fake_2976,1,5,1,2,28,1,4,"Today is November 5, 2024. Racially, I am white. Ideologically, I am slightly conservative. Politically, I am a strong democrat. I do not attend church. I am 28 years old. I am a man. I am not at all interested in politics.. Question: Do you think the federal government should be doing more about the opioid drug addiction issue, should be doing less, or is it currently doing the right amount?

Answer choices:
1. Should be doing more 2. Should be doing less 3. Is doing the right amount

When answering, respond ONLY with a single number that corresponds to the option you choose. Do not include any additional text, punctuation or explanation.

My answer is
",1
fake_2977,4,6,5,1,-2,2,3,"Today is November 5, 2024. Racially, I am asian. Ideologically, I am conservative. Politically, I am an independent who leans Republican. I attend church. I am a woman. I am not very interested in politics.. Question: Do you think the federal government should be doing more about the opioid drug addiction issue, should be doing less, or is it currently doing the right amount?

Answer choices:
1. Should be doing more 2. Should be doing less 3. Is doing the right amount

When answering, respond ONLY with a single number that corresponds to the option you choose. Do not include any additional text, punctuation or explanation.

My answer is
",1
fake_2978,1,3,1,2,41,2,-6,"Today is November 5, 2024. Racially, I am white. Ideologically, I am slightly liberal. Politically, I am a strong democrat. I do not attend church. I am 41 years old. I am a woman.. Question: Do you think the federal government should be doing more about the opioid drug addiction issue, should be doing less, or is it currently doing the right amount?

Answer choices:
1. Should be doing more 2. Should be doing less 3. Is doing the right amount

When answering, respond ONLY with a single number that corresponds to the option you choose. Do not include any additional text, punctuation or explanation.

My answer is
",1
fake_2979,3,3,6,2,35,2,2,"Today is November 5, 2024. Racially, I am hispanic. Ideologically, I am slightly liberal. Politically, I am a weak Republican. I do not attend church. I am 35 years old. I am a woman. I am somewhat interested in politics.. Question: Do you think the federal government should be doing more about the opioid drug addiction issue, should be doing less, or is it currently doing the right amount?

Answer choices:
1. Should be doing more 2. Should be doing less 3. Is doing the right amount

When answering, respond ONLY with a single number that corresponds to the option you choose. Do not include any additional text, punctuation or explanation.

My answer is
",1
fake_2980,1,1,3,1,80,2,2,"Today is November 5, 2024. Racially, I am white. Ideologically, I am extremely liberal. Politically, I am an independent who leans Democratic. I attend church. I am 80 years old. I am a woman. I am somewhat interested in politics.. Question: Do you think the federal government should be doing more about the opioid drug addiction issue, should be doing less, or is it currently doing the right amount?

Answer choices:
1. Should be doing more 2. Should be doing less 3. Is doing the right amount

When answering, respond ONLY with a single number that corresponds to the option you choose. Do not include any additional text, punctuation or explanation.

My answer is
",1
fake_2981,1,7,5,1,56,2,1,"Today is November 5, 2024. Racially, I am white. Ideologically, I am extremely conservative. Politically, I am an independent who leans Republican. I attend church. I am 56 years old. I am a woman. I am very interested in politics.. Question: Do you think the federal government should be doing more about the opioid drug addiction issue, should be doing less, or is it currently doing the right amount?

Answer choices:
1. Should be doing more 2. Should be doing less 3. Is doing the right amount

When answering, respond ONLY with a single number that corresponds to the option you choose. Do not include any additional text, punctuation or explanation.

My answer is
",1
fake_2982,2,4,4,2,43,1,4,"Today is November 5, 2024. Racially, I am black. Ideologically, I am moderate. Politically, I am an independent. I do not attend church. I am 43 years old. I am a man. I am not at all interested in politics.. Question: Do you think the federal government should be doing more about the opioid drug addiction issue, should be doing less, or is it currently doing the right amount?

Answer choices:
1. Should be doing more 2. Should be doing less 3. Is doing the right amount

When answering, respond ONLY with a single number that corresponds to the option you choose. Do not include any additional text, punctuation or explanation.

My answer is
",1
fake_2983,1,99,7,2,54,2,3,"Today is November 5, 2024. Racially, I am white. Politically, I am a strong Republican. I do not attend church. I am 54 years old. I am a woman. I am not very interested in politics.. Question: Do you think the federal government should be doing more about the opioid drug addiction issue, should be doing less, or is it currently doing the right amount?

Answer choices:
1. Should be doing more 2. Should be doing less 3. Is doing the right amount

When answering, respond ONLY with a single number that corresponds to the option you choose. Do not include any additional text, punctuation or explanation.

My answer is
",1
fake_2984,1,6,1,2,41,2,3,"Today is November 5, 2024. Racially, I am white. Ideologically, I am conservative. Politically, I am a strong democrat. I do not attend church. I am 41 years old. I am a woman. I am not very interested in politics.. Question: Do you think the federal government should be doing more about the opioid drug addiction issue, should be doing less, or is it currently doing the right amount?

Answer choices:
1. Should be doing more 2. Should be doing less 3. Is doing the right amount

When answering, respond ONLY with a single number that corresponds to the option you choose. Do not include any additional text, punctuation or explanation.

My answer is
",1
fake_2985,1,3,1,2,70,2,1,"Today is November 5, 2024. Racially, I am white. Ideologically, I am slightly liberal. Politically, I am a strong democrat. I do not attend church. I am 70 years old. I am a woman. I am very interested in politics.. Question: Do you think the federal government should be doing more about the opioid drug addiction issue, should be doing less, or is it currently doing the right amount?

Answer choices:
1. Should be doing more 2. Should be doing less 3. Is doing the right amount

When answering, respond ONLY with a single number that corresponds to the option you choose. Do not include any additional text, punctuation or explanation.

My answer is
",1
fake_2986,1,2,7,1,44,-9,2,"Today is November 5, 2024. Racially, I am white. Ideologically, I am liberal. Politically, I am a strong Republican. I attend church. I am 44 years old. I am somewhat interested in politics.. Question: Do you think the federal government should be doing more about the opioid drug addiction issue, should be doing less, or is it currently doing the right amount?

Answer choices:
1. Should be doing more 2. Should be doing less 3. Is doing the right amount

When answering, respond ONLY with a single number that corresponds to the option you choose. Do not include any additional text, punctuation or explanation.

My answer is
",1
fake_2987,1,4,3,1,51,-9,3,"Today is November 5, 2024. Racially, I am white. Ideologically, I am moderate. Politically, I am an independent who leans Democratic. I attend church. I am 51 years old. I am not very interested in politics.. Question: Do you think the federal government should be doing more about the opioid drug addiction issue, should be doing less, or is it currently doing the right amount?

Answer choices:
1. Should be doing more 2. Should be doing less 3. Is doing the right amount

When answering, respond ONLY with a single number that corresponds to the option you choose. Do not include any additional text, punctuation or explanation.

My answer is
",1
fake_2988,1,3,1,2,-2,1,-6,"Today is November 5, 2024. Racially, I am white. Ideologically, I am slightly liberal. Politically, I am a strong democrat. I do not attend church. I am a man.. Question: Do you think the federal government should be doing more about the opioid drug addiction issue, should be doing less, or is it currently doing the right amount?

Answer choices:
1. Should be doing more 2. Should be doing less 3. Is doing the right amount

When answering, respond ONLY with a single number that corresponds to the option you choose. Do not include any additional text, punctuation or explanation.

My answer is
",1
fake_2989,1,5,2,2,25,1,1,"Today is November 5, 2024. Racially, I am white. Ideologically, I am slightly conservative. Politically, I am a weak Democrat. I do not attend church. I am 25 years old. I am a man. I am very interested in politics.. Question: Do you think the federal government should be doing more about the opioid drug addiction issue, should be doing less, or is it currently doing the right amount?

Answer choices:
1. Should be doing more 2. Should be doing less 3. Is doing the right amount

When answering, respond ONLY with a single number that corresponds to the option you choose. Do not include any additional text, punctuation or explanation.

My answer is
",1
fake_2990,1,4,7,1,63,1,-6,"Today is November 5, 2024. Racially, I am white. Ideologically, I am moderate. Politically, I am a strong Republican. I attend church. I am 63 years old. I am a man.. Question: Do you think the federal government should be doing more about the opioid drug addiction issue, should be doing less, or is it currently doing the right amount?

Answer choices:
1. Should be doing more 2. Should be doing less 3. Is doing the right amount

When answering, respond ONLY with a single number that corresponds to the option you choose. Do not include any additional text, punctuation or explanation.

My answer is
",1
fake_2991,1,4,7,1,-2,2,2,"Today is November 5, 2024. Racially, I am white. Ideologically, I am moderate. Politically, I am a strong Republican. I attend church. I am a woman. I am somewhat interested in politics.. Question: Do you think the federal government should be doing more about the opioid drug addiction issue, should be doing less, or is it currently doing the right amount?

Answer choices:
1. Should be doing more 2. Should be doing less 3. Is doing the right amount

When answering, respond ONLY with a single number that corresponds to the option you choose. Do not include any additional text, punctuation or explanation.

My answer is
",1
fake_2992,-9,2,7,1,80,1,2,"Today is November 5, 2024. Ideologically, I am liberal. Politically, I am a strong Republican. I attend church. I am 80 years old. I am a man. I am somewhat interested in politics.. Question: Do you think the federal government should be doing more about the opioid drug addiction issue, should be doing less, or is it currently doing the right amount?

Answer choices:
1. Should be doing more 2. Should be doing less 3. Is doing the right amount

When answering, respond ONLY with a single number that corresponds to the option you choose. Do not include any additional text, punctuation or explanation.

My answer is
",1
fake_2993,1,2,7,1,67,1,1,"Today is November 5, 2024. Racially, I am white. Ideologically, I am liberal. Politically, I am a strong Republican. I attend church. I am 67 years old. I am a man. I am very interested in politics.. Question: Do you think the federal government should be doing more about the opioid drug addiction issue, should be doing less, or is it currently doing the right amount?

Answer choices:
1. Should be doing more 2. Should be doing less 3. Is doing the right amount

When answering, respond ONLY with a single number that corresponds to the option you choose. Do not include any additional text, punctuation or explanation.

My answer is
",1
fake_2994,6,4,6,2,58,2,1,"Today is November 5, 2024. Ideologically, I am moderate. Politically, I am a weak Republican. I do not attend church. I am 58 years old. I am a woman. I am very interested in politics.. Question: Do you think the federal government should be doing more about the opioid drug addiction issue, should be doing less, or is it currently doing the right amount?

Answer choices:
1. Should be doing more 2. Should be doing less 3. Is doing the right amount

When answering, respond ONLY with a single number that corresponds to the option you choose. Do not include any additional text, punctuation or explanation.

My answer is
",1
fake_2995,3,3,1,2,49,1,1,"Today is November 5, 2024. Racially, I am hispanic. Ideologically, I am slightly liberal. Politically, I am a strong democrat. I do not attend church. I am 49 years old. I am a man. I am very interested in politics.. Question: Do you think the federal government should be doing more about the opioid drug addiction issue, should be doing less, or is it currently doing the right amount?

Answer choices:
1. Should be doing more 2. Should be doing less 3. Is doing the right amount

When answering, respond ONLY with a single number that corresponds to the option you choose. Do not include any additional text, punctuation or explanation.

My answer is
",1
fake_2996,1,99,3,2,47,2,-6,"Today is November 5, 2024. Racially, I am white. Politically, I am an independent who leans Democratic. I do not attend church. I am 47 years old. I am a woman.. Question: Do you think the federal government should be doing more about the opioid drug addiction issue, should be doing less, or is it currently doing the right amount?

Answer choices:
1. Should be doing more 2. Should be doing less 3. Is doing the right amount

When answering, respond ONLY with a single number that corresponds to the option you choose. Do not include any additional text, punctuation or explanation.

My answer is
",1
fake_2997,1,4,3,1,48,2,3,"Today is November 5, 2024. Racially, I am white. Ideologically, I am moderate. Politically, I am an independent who leans Democratic. I attend church. I am 48 years old. I am a woman. I am not very interested in politics.. Question: Do you think the federal government should be doing more about the opioid drug addiction issue, should be doing less, or is it currently doing the right amount?

Answer choices:
1. Should be doing more 2. Should be doing less 3. Is doing the right amount

When answering, respond ONLY with a single number that corresponds to the option you choose. Do not include any additional text, punctuation or explanation.

My answer is
",1
fake_2998,3,6,5,2,24,2,-6,"Today is November 5, 2024. Racially, I am hispanic. Ideologically, I am conservative. Politically, I am an independent who leans Republican. I do not attend church. I am 24 years old. I am a woman.. Question: Do you think the federal government should be doing more about the opioid drug addiction issue, should be doing less, or is it currently doing the right amount?

Answer choices:
1. Should be doing more 2. Should be doing less 3. Is doing the right amount

When answering, respond ONLY with a single number that corresponds to the option you choose. Do not include any additional text, punctuation or explanation.

My answer is
",1
fake_2999,1,6,1,1,40,2,1,"Today is November 5, 2024. Racially, I am white. Ideologically, I am conservative. Politically, I am a strong democrat. I attend church. I am 40 years old. I am a woman. I am very interested in politics.. Question: Do you think the federal government should be doing more about the opioid drug addiction issue, should be doing less, or is it currently doing the right amount?

Answer choices:
1. Should be doing more 2. Should be doing less 3. Is doing the right amount

When answering, respond ONLY with a single number that corresponds to the option you choose. Do not include any additional text, punctuation or explanation.

My answer is
",1
fake_3000,3,99,7,1,67,1,2,"Today is November 5, 2024. Racially, I am hispanic. Politically, I am a strong Republican. I attend church. I am 67 years old. I am a man. I am somewhat interested in politics.. Question: Do you think the federal government should be doing more about the opioid drug addiction issue, should be doing less, or is it currently doing the right amount?

Answer choices:
1. Should be doing more 2. Should be doing less 3. Is doing the right amount

When answering, respond ONLY with a single number that corresponds to the option you choose. Do not include any additional text, punctuation or explanation.

My answer is
",1
fake_3001,1,1,2,2,64,2,2,"Today is November 5, 2024. Racially, I am white. Ideologically, I am extremely liberal. Politically, I am a weak Democrat. I do not attend church. I am 64 years old. I am a woman. I am somewhat interested in politics.. Question: Do you think the federal government should be doing more about the opioid drug addiction issue, should be doing less, or is it currently doing the right amount?

Answer choices:
1. Should be doing more 2. Should be doing less 3. Is doing the right amount

When answering, respond ONLY with a single number that corresponds to the option you choose. Do not include any additional text, punctuation or explanation.

My answer is
",1
fake_3002,2,4,5,2,63,1,4,"Today is November 5, 2024. Racially, I am black. Ideologically, I am moderate. Politically, I am an independent who leans Republican. I do not attend church. I am 63 years old. I am a man. I am not at all interested in politics.. Question: Do you think the federal government should be doing more about the opioid drug addiction issue, should be doing less, or is it currently doing the right amount?

Answer choices:
1. Should be doing more 2. Should be doing less 3. Is doing the right amount

When answering, respond ONLY with a single number that corresponds to the option you choose. Do not include any additional text, punctuation or explanation.

My answer is
",1
fake_3003,1,3,2,2,29,1,3,"Today is November 5, 2024. Racially, I am white. Ideologically, I am slightly liberal. Politically, I am a weak Democrat. I do not attend church. I am 29 years old. I am a man. I am not very interested in politics.. Question: Do you think the federal government should be doing more about the opioid drug addiction issue, should be doing less, or is it currently doing the right amount?

Answer choices:
1. Should be doing more 2. Should be doing less 3. Is doing the right amount

When answering, respond ONLY with a single number that corresponds to the option you choose. Do not include any additional text, punctuation or explanation.

My answer is
",1
fake_3004,1,3,1,2,65,2,2,"Today is November 5, 2024. Racially, I am white. Ideologically, I am slightly liberal. Politically, I am a strong democrat. I do not attend church. I am 65 years old. I am a woman. I am somewhat interested in politics.. Question: Do you think the federal government should be doing more about the opioid drug addiction issue, should be doing less, or is it currently doing the right amount?

Answer choices:
1. Should be doing more 2. Should be doing less 3. Is doing the right amount

When answering, respond ONLY with a single number that corresponds to the option you choose. Do not include any additional text, punctuation or explanation.

My answer is
",1
fake_3005,1,99,1,1,44,2,2,"Today is November 5, 2024. Racially, I am white. Politically, I am a strong democrat. I attend church. I am 44 years old. I am a woman. I am somewhat interested in politics.. Question: Do you think the federal government should be doing more about the opioid drug addiction issue, should be doing less, or is it currently doing the right amount?

Answer choices:
1. Should be doing more 2. Should be doing less 3. Is doing the right amount

When answering, respond ONLY with a single number that corresponds to the option you choose. Do not include any additional text, punctuation or explanation.

My answer is
",1
fake_3006,1,1,4,2,28,1,2,"Today is November 5, 2024. Racially, I am white. Ideologically, I am extremely liberal. Politically, I am an independent. I do not attend church. I am 28 years old. I am a man. I am somewhat interested in politics.. Question: Do you think the federal government should be doing more about the opioid drug addiction issue, should be doing less, or is it currently doing the right amount?

Answer choices:
1. Should be doing more 2. Should be doing less 3. Is doing the right amount

When answering, respond ONLY with a single number that corresponds to the option you choose. Do not include any additional text, punctuation or explanation.

My answer is
",1
fake_3007,1,4,4,1,66,2,4,"Today is November 5, 2024. Racially, I am white. Ideologically, I am moderate. Politically, I am an independent. I attend church. I am 66 years old. I am a woman. I am not at all interested in politics.. Question: Do you think the federal government should be doing more about the opioid drug addiction issue, should be doing less, or is it currently doing the right amount?

Answer choices:
1. Should be doing more 2. Should be doing less 3. Is doing the right amount

When answering, respond ONLY with a single number that corresponds to the option you choose. Do not include any additional text, punctuation or explanation.

My answer is
",1
fake_3008,3,99,1,-1,52,1,3,"Today is November 5, 2024. Racially, I am hispanic. Politically, I am a strong democrat. I am 52 years old. I am a man. I am not very interested in politics.. Question: Do you think the federal government should be doing more about the opioid drug addiction issue, should be doing less, or is it currently doing the right amount?

Answer choices:
1. Should be doing more 2. Should be doing less 3. Is doing the right amount

When answering, respond ONLY with a single number that corresponds to the option you choose. Do not include any additional text, punctuation or explanation.

My answer is
",1
fake_3009,4,6,3,2,24,2,4,"Today is November 5, 2024. Racially, I am asian. Ideologically, I am conservative. Politically, I am an independent who leans Democratic. I do not attend church. I am 24 years old. I am a woman. I am not at all interested in politics.. Question: Do you think the federal government should be doing more about the opioid drug addiction issue, should be doing less, or is it currently doing the right amount?

Answer choices:
1. Should be doing more 2. Should be doing less 3. Is doing the right amount

When answering, respond ONLY with a single number that corresponds to the option you choose. Do not include any additional text, punctuation or explanation.

My answer is
",1
fake_3010,1,2,-8,2,57,1,2,"Today is November 5, 2024. Racially, I am white. Ideologically, I am liberal. I do not attend church. I am 57 years old. I am a man. I am somewhat interested in politics.. Question: Do you think the federal government should be doing more about the opioid drug addiction issue, should be doing less, or is it currently doing the right amount?

Answer choices:
1. Should be doing more 2. Should be doing less 3. Is doing the right amount

When answering, respond ONLY with a single number that corresponds to the option you choose. Do not include any additional text, punctuation or explanation.

My answer is
",1
fake_3011,2,4,5,2,30,1,2,"Today is November 5, 2024. Racially, I am black. Ideologically, I am moderate. Politically, I am an independent who leans Republican. I do not attend church. I am 30 years old. I am a man. I am somewhat interested in politics.. Question: Do you think the federal government should be doing more about the opioid drug addiction issue, should be doing less, or is it currently doing the right amount?

Answer choices:
1. Should be doing more 2. Should be doing less 3. Is doing the right amount

When answering, respond ONLY with a single number that corresponds to the option you choose. Do not include any additional text, punctuation or explanation.

My answer is
",1
fake_3012,3,6,1,2,65,1,2,"Today is November 5, 2024. Racially, I am hispanic. Ideologically, I am conservative. Politically, I am a strong democrat. I do not attend church. I am 65 years old. I am a man. I am somewhat interested in politics.. Question: Do you think the federal government should be doing more about the opioid drug addiction issue, should be doing less, or is it currently doing the right amount?

Answer choices:
1. Should be doing more 2. Should be doing less 3. Is doing the right amount

When answering, respond ONLY with a single number that corresponds to the option you choose. Do not include any additional text, punctuation or explanation.

My answer is
",1
fake_3013,3,6,1,1,60,2,1,"Today is November 5, 2024. Racially, I am hispanic. Ideologically, I am conservative. Politically, I am a strong democrat. I attend church. I am 60 years old. I am a woman. I am very interested in politics.. Question: Do you think the federal government should be doing more about the opioid drug addiction issue, should be doing less, or is it currently doing the right amount?

Answer choices:
1. Should be doing more 2. Should be doing less 3. Is doing the right amount

When answering, respond ONLY with a single number that corresponds to the option you choose. Do not include any additional text, punctuation or explanation.

My answer is
",1
fake_3014,1,7,5,2,-2,2,3,"Today is November 5, 2024. Racially, I am white. Ideologically, I am extremely conservative. Politically, I am an independent who leans Republican. I do not attend church. I am a woman. I am not very interested in politics.. Question: Do you think the federal government should be doing more about the opioid drug addiction issue, should be doing less, or is it currently doing the right amount?

Answer choices:
1. Should be doing more 2. Should be doing less 3. Is doing the right amount

When answering, respond ONLY with a single number that corresponds to the option you choose. Do not include any additional text, punctuation or explanation.

My answer is
",1
fake_3015,1,2,2,1,64,2,-6,"Today is November 5, 2024. Racially, I am white. Ideologically, I am liberal. Politically, I am a weak Democrat. I attend church. I am 64 years old. I am a woman.. Question: Do you think the federal government should be doing more about the opioid drug addiction issue, should be doing less, or is it currently doing the right amount?

Answer choices:
1. Should be doing more 2. Should be doing less 3. Is doing the right amount

When answering, respond ONLY with a single number that corresponds to the option you choose. Do not include any additional text, punctuation or explanation.

My answer is
",1
fake_3016,1,4,3,2,33,2,3,"Today is November 5, 2024. Racially, I am white. Ideologically, I am moderate. Politically, I am an independent who leans Democratic. I do not attend church. I am 33 years old. I am a woman. I am not very interested in politics.. Question: Do you think the federal government should be doing more about the opioid drug addiction issue, should be doing less, or is it currently doing the right amount?

Answer choices:
1. Should be doing more 2. Should be doing less 3. Is doing the right amount

When answering, respond ONLY with a single number that corresponds to the option you choose. Do not include any additional text, punctuation or explanation.

My answer is
",1
fake_3017,1,99,7,1,39,1,3,"Today is November 5, 2024. Racially, I am white. Politically, I am a strong Republican. I attend church. I am 39 years old. I am a man. I am not very interested in politics.. Question: Do you think the federal government should be doing more about the opioid drug addiction issue, should be doing less, or is it currently doing the right amount?

Answer choices:
1. Should be doing more 2. Should be doing less 3. Is doing the right amount

When answering, respond ONLY with a single number that corresponds to the option you choose. Do not include any additional text, punctuation or explanation.

My answer is
",1
fake_3018,6,5,5,1,31,1,-6,"Today is November 5, 2024. Ideologically, I am slightly conservative. Politically, I am an independent who leans Republican. I attend church. I am 31 years old. I am a man.. Question: Do you think the federal government should be doing more about the opioid drug addiction issue, should be doing less, or is it currently doing the right amount?

Answer choices:
1. Should be doing more 2. Should be doing less 3. Is doing the right amount

When answering, respond ONLY with a single number that corresponds to the option you choose. Do not include any additional text, punctuation or explanation.

My answer is
",1
fake_3019,1,7,1,2,62,1,3,"Today is November 5, 2024. Racially, I am white. Ideologically, I am extremely conservative. Politically, I am a strong democrat. I do not attend church. I am 62 years old. I am a man. I am not very interested in politics.. Question: Do you think the federal government should be doing more about the opioid drug addiction issue, should be doing less, or is it currently doing the right amount?

Answer choices:
1. Should be doing more 2. Should be doing less 3. Is doing the right amount

When answering, respond ONLY with a single number that corresponds to the option you choose. Do not include any additional text, punctuation or explanation.

My answer is
",1
fake_3020,1,6,1,1,55,2,-6,"Today is November 5, 2024. Racially, I am white. Ideologically, I am conservative. Politically, I am a strong democrat. I attend church. I am 55 years old. I am a woman.. Question: Do you think the federal government should be doing more about the opioid drug addiction issue, should be doing less, or is it currently doing the right amount?

Answer choices:
1. Should be doing more 2. Should be doing less 3. Is doing the right amount

When answering, respond ONLY with a single number that corresponds to the option you choose. Do not include any additional text, punctuation or explanation.

My answer is
",1
fake_3021,1,7,7,1,76,2,2,"Today is November 5, 2024. Racially, I am white. Ideologically, I am extremely conservative. Politically, I am a strong Republican. I attend church. I am 76 years old. I am a woman. I am somewhat interested in politics.. Question: Do you think the federal government should be doing more about the opioid drug addiction issue, should be doing less, or is it currently doing the right amount?

Answer choices:
1. Should be doing more 2. Should be doing less 3. Is doing the right amount

When answering, respond ONLY with a single number that corresponds to the option you choose. Do not include any additional text, punctuation or explanation.

My answer is
",1
fake_3022,1,3,7,1,-2,1,3,"Today is November 5, 2024. Racially, I am white. Ideologically, I am slightly liberal. Politically, I am a strong Republican. I attend church. I am a man. I am not very interested in politics.. Question: Do you think the federal government should be doing more about the opioid drug addiction issue, should be doing less, or is it currently doing the right amount?

Answer choices:
1. Should be doing more 2. Should be doing less 3. Is doing the right amount

When answering, respond ONLY with a single number that corresponds to the option you choose. Do not include any additional text, punctuation or explanation.

My answer is
",1
fake_3023,3,6,7,1,24,1,2,"Today is November 5, 2024. Racially, I am hispanic. Ideologically, I am conservative. Politically, I am a strong Republican. I attend church. I am 24 years old. I am a man. I am somewhat interested in politics.. Question: Do you think the federal government should be doing more about the opioid drug addiction issue, should be doing less, or is it currently doing the right amount?

Answer choices:
1. Should be doing more 2. Should be doing less 3. Is doing the right amount

When answering, respond ONLY with a single number that corresponds to the option you choose. Do not include any additional text, punctuation or explanation.

My answer is
",1
fake_3024,3,5,4,1,62,1,-6,"Today is November 5, 2024. Racially, I am hispanic. Ideologically, I am slightly conservative. Politically, I am an independent. I attend church. I am 62 years old. I am a man.. Question: Do you think the federal government should be doing more about the opioid drug addiction issue, should be doing less, or is it currently doing the right amount?

Answer choices:
1. Should be doing more 2. Should be doing less 3. Is doing the right amount

When answering, respond ONLY with a single number that corresponds to the option you choose. Do not include any additional text, punctuation or explanation.

My answer is
",1
fake_3025,1,99,2,1,44,2,1,"Today is November 5, 2024. Racially, I am white. Politically, I am a weak Democrat. I attend church. I am 44 years old. I am a woman. I am very interested in politics.. Question: Do you think the federal government should be doing more about the opioid drug addiction issue, should be doing less, or is it currently doing the right amount?

Answer choices:
1. Should be doing more 2. Should be doing less 3. Is doing the right amount

When answering, respond ONLY with a single number that corresponds to the option you choose. Do not include any additional text, punctuation or explanation.

My answer is
",1
fake_3026,1,6,2,2,78,1,4,"Today is November 5, 2024. Racially, I am white. Ideologically, I am conservative. Politically, I am a weak Democrat. I do not attend church. I am 78 years old. I am a man. I am not at all interested in politics.. Question: Do you think the federal government should be doing more about the opioid drug addiction issue, should be doing less, or is it currently doing the right amount?

Answer choices:
1. Should be doing more 2. Should be doing less 3. Is doing the right amount

When answering, respond ONLY with a single number that corresponds to the option you choose. Do not include any additional text, punctuation or explanation.

My answer is
",1
fake_3027,4,2,7,1,67,2,2,"Today is November 5, 2024. Racially, I am asian. Ideologically, I am liberal. Politically, I am a strong Republican. I attend church. I am 67 years old. I am a woman. I am somewhat interested in politics.. Question: Do you think the federal government should be doing more about the opioid drug addiction issue, should be doing less, or is it currently doing the right amount?

Answer choices:
1. Should be doing more 2. Should be doing less 3. Is doing the right amount

When answering, respond ONLY with a single number that corresponds to the option you choose. Do not include any additional text, punctuation or explanation.

My answer is
",1
fake_3028,1,2,5,1,56,2,1,"Today is November 5, 2024. Racially, I am white. Ideologically, I am liberal. Politically, I am an independent who leans Republican. I attend church. I am 56 years old. I am a woman. I am very interested in politics.. Question: Do you think the federal government should be doing more about the opioid drug addiction issue, should be doing less, or is it currently doing the right amount?

Answer choices:
1. Should be doing more 2. Should be doing less 3. Is doing the right amount

When answering, respond ONLY with a single number that corresponds to the option you choose. Do not include any additional text, punctuation or explanation.

My answer is
",1
fake_3029,1,-9,7,1,21,2,2,"Today is November 5, 2024. Racially, I am white. Politically, I am a strong Republican. I attend church. I am 21 years old. I am a woman. I am somewhat interested in politics.. Question: Do you think the federal government should be doing more about the opioid drug addiction issue, should be doing less, or is it currently doing the right amount?

Answer choices:
1. Should be doing more 2. Should be doing less 3. Is doing the right amount

When answering, respond ONLY with a single number that corresponds to the option you choose. Do not include any additional text, punctuation or explanation.

My answer is
",1
fake_3030,5,1,5,1,65,2,2,"Today is November 5, 2024. Racially, I am native American. Ideologically, I am extremely liberal. Politically, I am an independent who leans Republican. I attend church. I am 65 years old. I am a woman. I am somewhat interested in politics.. Question: Do you think the federal government should be doing more about the opioid drug addiction issue, should be doing less, or is it currently doing the right amount?

Answer choices:
1. Should be doing more 2. Should be doing less 3. Is doing the right amount

When answering, respond ONLY with a single number that corresponds to the option you choose. Do not include any additional text, punctuation or explanation.

My answer is
",1
fake_3031,1,2,3,-1,65,2,2,"Today is November 5, 2024. Racially, I am white. Ideologically, I am liberal. Politically, I am an independent who leans Democratic. I am 65 years old. I am a woman. I am somewhat interested in politics.. Question: Do you think the federal government should be doing more about the opioid drug addiction issue, should be doing less, or is it currently doing the right amount?

Answer choices:
1. Should be doing more 2. Should be doing less 3. Is doing the right amount

When answering, respond ONLY with a single number that corresponds to the option you choose. Do not include any additional text, punctuation or explanation.

My answer is
",1
fake_3032,2,5,3,2,29,2,1,"Today is November 5, 2024. Racially, I am black. Ideologically, I am slightly conservative. Politically, I am an independent who leans Democratic. I do not attend church. I am 29 years old. I am a woman. I am very interested in politics.. Question: Do you think the federal government should be doing more about the opioid drug addiction issue, should be doing less, or is it currently doing the right amount?

Answer choices:
1. Should be doing more 2. Should be doing less 3. Is doing the right amount

When answering, respond ONLY with a single number that corresponds to the option you choose. Do not include any additional text, punctuation or explanation.

My answer is
",1
fake_3033,1,3,7,2,37,1,2,"Today is November 5, 2024. Racially, I am white. Ideologically, I am slightly liberal. Politically, I am a strong Republican. I do not attend church. I am 37 years old. I am a man. I am somewhat interested in politics.. Question: Do you think the federal government should be doing more about the opioid drug addiction issue, should be doing less, or is it currently doing the right amount?

Answer choices:
1. Should be doing more 2. Should be doing less 3. Is doing the right amount

When answering, respond ONLY with a single number that corresponds to the option you choose. Do not include any additional text, punctuation or explanation.

My answer is
",1
fake_3034,3,2,5,2,48,1,2,"Today is November 5, 2024. Racially, I am hispanic. Ideologically, I am liberal. Politically, I am an independent who leans Republican. I do not attend church. I am 48 years old. I am a man. I am somewhat interested in politics.. Question: Do you think the federal government should be doing more about the opioid drug addiction issue, should be doing less, or is it currently doing the right amount?

Answer choices:
1. Should be doing more 2. Should be doing less 3. Is doing the right amount

When answering, respond ONLY with a single number that corresponds to the option you choose. Do not include any additional text, punctuation or explanation.

My answer is
",1
fake_3035,6,5,1,1,43,2,2,"Today is November 5, 2024. Ideologically, I am slightly conservative. Politically, I am a strong democrat. I attend church. I am 43 years old. I am a woman. I am somewhat interested in politics.. Question: Do you think the federal government should be doing more about the opioid drug addiction issue, should be doing less, or is it currently doing the right amount?

Answer choices:
1. Should be doing more 2. Should be doing less 3. Is doing the right amount

When answering, respond ONLY with a single number that corresponds to the option you choose. Do not include any additional text, punctuation or explanation.

My answer is
",1
fake_3036,3,2,1,1,68,1,1,"Today is November 5, 2024. Racially, I am hispanic. Ideologically, I am liberal. Politically, I am a strong democrat. I attend church. I am 68 years old. I am a man. I am very interested in politics.. Question: Do you think the federal government should be doing more about the opioid drug addiction issue, should be doing less, or is it currently doing the right amount?

Answer choices:
1. Should be doing more 2. Should be doing less 3. Is doing the right amount

When answering, respond ONLY with a single number that corresponds to the option you choose. Do not include any additional text, punctuation or explanation.

My answer is
",1
fake_3037,4,3,1,1,-2,1,2,"Today is November 5, 2024. Racially, I am asian. Ideologically, I am slightly liberal. Politically, I am a strong democrat. I attend church. I am a man. I am somewhat interested in politics.. Question: Do you think the federal government should be doing more about the opioid drug addiction issue, should be doing less, or is it currently doing the right amount?

Answer choices:
1. Should be doing more 2. Should be doing less 3. Is doing the right amount

When answering, respond ONLY with a single number that corresponds to the option you choose. Do not include any additional text, punctuation or explanation.

My answer is
",1
fake_3038,3,7,1,2,57,2,2,"Today is November 5, 2024. Racially, I am hispanic. Ideologically, I am extremely conservative. Politically, I am a strong democrat. I do not attend church. I am 57 years old. I am a woman. I am somewhat interested in politics.. Question: Do you think the federal government should be doing more about the opioid drug addiction issue, should be doing less, or is it currently doing the right amount?

Answer choices:
1. Should be doing more 2. Should be doing less 3. Is doing the right amount

When answering, respond ONLY with a single number that corresponds to the option you choose. Do not include any additional text, punctuation or explanation.

My answer is
",1
fake_3039,3,4,7,2,73,1,1,"Today is November 5, 2024. Racially, I am hispanic. Ideologically, I am moderate. Politically, I am a strong Republican. I do not attend church. I am 73 years old. I am a man. I am very interested in politics.. Question: Do you think the federal government should be doing more about the opioid drug addiction issue, should be doing less, or is it currently doing the right amount?

Answer choices:
1. Should be doing more 2. Should be doing less 3. Is doing the right amount

When answering, respond ONLY with a single number that corresponds to the option you choose. Do not include any additional text, punctuation or explanation.

My answer is
",1
fake_3040,4,1,6,1,-2,1,2,"Today is November 5, 2024. Racially, I am asian. Ideologically, I am extremely liberal. Politically, I am a weak Republican. I attend church. I am a man. I am somewhat interested in politics.. Question: Do you think the federal government should be doing more about the opioid drug addiction issue, should be doing less, or is it currently doing the right amount?

Answer choices:
1. Should be doing more 2. Should be doing less 3. Is doing the right amount

When answering, respond ONLY with a single number that corresponds to the option you choose. Do not include any additional text, punctuation or explanation.

My answer is
",1
fake_3041,1,7,1,2,72,2,1,"Today is November 5, 2024. Racially, I am white. Ideologically, I am extremely conservative. Politically, I am a strong democrat. I do not attend church. I am 72 years old. I am a woman. I am very interested in politics.. Question: Do you think the federal government should be doing more about the opioid drug addiction issue, should be doing less, or is it currently doing the right amount?

Answer choices:
1. Should be doing more 2. Should be doing less 3. Is doing the right amount

When answering, respond ONLY with a single number that corresponds to the option you choose. Do not include any additional text, punctuation or explanation.

My answer is
",1
fake_3042,1,6,1,2,-2,2,2,"Today is November 5, 2024. Racially, I am white. Ideologically, I am conservative. Politically, I am a strong democrat. I do not attend church. I am a woman. I am somewhat interested in politics.. Question: Do you think the federal government should be doing more about the opioid drug addiction issue, should be doing less, or is it currently doing the right amount?

Answer choices:
1. Should be doing more 2. Should be doing less 3. Is doing the right amount

When answering, respond ONLY with a single number that corresponds to the option you choose. Do not include any additional text, punctuation or explanation.

My answer is
",1
fake_3043,1,3,7,1,54,2,3,"Today is November 5, 2024. Racially, I am white. Ideologically, I am slightly liberal. Politically, I am a strong Republican. I attend church. I am 54 years old. I am a woman. I am not very interested in politics.. Question: Do you think the federal government should be doing more about the opioid drug addiction issue, should be doing less, or is it currently doing the right amount?

Answer choices:
1. Should be doing more 2. Should be doing less 3. Is doing the right amount

When answering, respond ONLY with a single number that corresponds to the option you choose. Do not include any additional text, punctuation or explanation.

My answer is
",1
fake_3044,1,3,1,1,80,2,-6,"Today is November 5, 2024. Racially, I am white. Ideologically, I am slightly liberal. Politically, I am a strong democrat. I attend church. I am 80 years old. I am a woman.. Question: Do you think the federal government should be doing more about the opioid drug addiction issue, should be doing less, or is it currently doing the right amount?

Answer choices:
1. Should be doing more 2. Should be doing less 3. Is doing the right amount

When answering, respond ONLY with a single number that corresponds to the option you choose. Do not include any additional text, punctuation or explanation.

My answer is
",1
fake_3045,1,1,7,1,50,1,2,"Today is November 5, 2024. Racially, I am white. Ideologically, I am extremely liberal. Politically, I am a strong Republican. I attend church. I am 50 years old. I am a man. I am somewhat interested in politics.. Question: Do you think the federal government should be doing more about the opioid drug addiction issue, should be doing less, or is it currently doing the right amount?

Answer choices:
1. Should be doing more 2. Should be doing less 3. Is doing the right amount

When answering, respond ONLY with a single number that corresponds to the option you choose. Do not include any additional text, punctuation or explanation.

My answer is
",1
fake_3046,3,4,7,2,80,2,1,"Today is November 5, 2024. Racially, I am hispanic. Ideologically, I am moderate. Politically, I am a strong Republican. I do not attend church. I am 80 years old. I am a woman. I am very interested in politics.. Question: Do you think the federal government should be doing more about the opioid drug addiction issue, should be doing less, or is it currently doing the right amount?

Answer choices:
1. Should be doing more 2. Should be doing less 3. Is doing the right amount

When answering, respond ONLY with a single number that corresponds to the option you choose. Do not include any additional text, punctuation or explanation.

My answer is
",1
fake_3047,3,4,5,1,66,2,2,"Today is November 5, 2024. Racially, I am hispanic. Ideologically, I am moderate. Politically, I am an independent who leans Republican. I attend church. I am 66 years old. I am a woman. I am somewhat interested in politics.. Question: Do you think the federal government should be doing more about the opioid drug addiction issue, should be doing less, or is it currently doing the right amount?

Answer choices:
1. Should be doing more 2. Should be doing less 3. Is doing the right amount

When answering, respond ONLY with a single number that corresponds to the option you choose. Do not include any additional text, punctuation or explanation.

My answer is
",1
fake_3048,6,2,1,1,48,2,-6,"Today is November 5, 2024. Ideologically, I am liberal. Politically, I am a strong democrat. I attend church. I am 48 years old. I am a woman.. Question: Do you think the federal government should be doing more about the opioid drug addiction issue, should be doing less, or is it currently doing the right amount?

Answer choices:
1. Should be doing more 2. Should be doing less 3. Is doing the right amount

When answering, respond ONLY with a single number that corresponds to the option you choose. Do not include any additional text, punctuation or explanation.

My answer is
",1
fake_3049,1,6,5,-1,55,1,-6,"Today is November 5, 2024. Racially, I am white. Ideologically, I am conservative. Politically, I am an independent who leans Republican. I am 55 years old. I am a man.. Question: Do you think the federal government should be doing more about the opioid drug addiction issue, should be doing less, or is it currently doing the right amount?

Answer choices:
1. Should be doing more 2. Should be doing less 3. Is doing the right amount

When answering, respond ONLY with a single number that corresponds to the option you choose. Do not include any additional text, punctuation or explanation.

My answer is
",1
fake_3050,2,5,7,1,66,1,2,"Today is November 5, 2024. Racially, I am black. Ideologically, I am slightly conservative. Politically, I am a strong Republican. I attend church. I am 66 years old. I am a man. I am somewhat interested in politics.. Question: Do you think the federal government should be doing more about the opioid drug addiction issue, should be doing less, or is it currently doing the right amount?

Answer choices:
1. Should be doing more 2. Should be doing less 3. Is doing the right amount

When answering, respond ONLY with a single number that corresponds to the option you choose. Do not include any additional text, punctuation or explanation.

My answer is
",1
fake_3051,1,2,6,1,34,1,3,"Today is November 5, 2024. Racially, I am white. Ideologically, I am liberal. Politically, I am a weak Republican. I attend church. I am 34 years old. I am a man. I am not very interested in politics.. Question: Do you think the federal government should be doing more about the opioid drug addiction issue, should be doing less, or is it currently doing the right amount?

Answer choices:
1. Should be doing more 2. Should be doing less 3. Is doing the right amount

When answering, respond ONLY with a single number that corresponds to the option you choose. Do not include any additional text, punctuation or explanation.

My answer is
",1
fake_3052,1,5,7,2,48,2,2,"Today is November 5, 2024. Racially, I am white. Ideologically, I am slightly conservative. Politically, I am a strong Republican. I do not attend church. I am 48 years old. I am a woman. I am somewhat interested in politics.. Question: Do you think the federal government should be doing more about the opioid drug addiction issue, should be doing less, or is it currently doing the right amount?

Answer choices:
1. Should be doing more 2. Should be doing less 3. Is doing the right amount

When answering, respond ONLY with a single number that corresponds to the option you choose. Do not include any additional text, punctuation or explanation.

My answer is
",1
fake_3053,3,2,6,1,71,1,2,"Today is November 5, 2024. Racially, I am hispanic. Ideologically, I am liberal. Politically, I am a weak Republican. I attend church. I am 71 years old. I am a man. I am somewhat interested in politics.. Question: Do you think the federal government should be doing more about the opioid drug addiction issue, should be doing less, or is it currently doing the right amount?

Answer choices:
1. Should be doing more 2. Should be doing less 3. Is doing the right amount

When answering, respond ONLY with a single number that corresponds to the option you choose. Do not include any additional text, punctuation or explanation.

My answer is
",1
fake_3054,1,99,1,1,54,1,1,"Today is November 5, 2024. Racially, I am white. Politically, I am a strong democrat. I attend church. I am 54 years old. I am a man. I am very interested in politics.. Question: Do you think the federal government should be doing more about the opioid drug addiction issue, should be doing less, or is it currently doing the right amount?

Answer choices:
1. Should be doing more 2. Should be doing less 3. Is doing the right amount

When answering, respond ONLY with a single number that corresponds to the option you choose. Do not include any additional text, punctuation or explanation.

My answer is
",1
fake_3055,4,7,7,2,-2,1,3,"Today is November 5, 2024. Racially, I am asian. Ideologically, I am extremely conservative. Politically, I am a strong Republican. I do not attend church. I am a man. I am not very interested in politics.. Question: Do you think the federal government should be doing more about the opioid drug addiction issue, should be doing less, or is it currently doing the right amount?

Answer choices:
1. Should be doing more 2. Should be doing less 3. Is doing the right amount

When answering, respond ONLY with a single number that corresponds to the option you choose. Do not include any additional text, punctuation or explanation.

My answer is
",1
fake_3056,2,5,7,1,71,2,2,"Today is November 5, 2024. Racially, I am black. Ideologically, I am slightly conservative. Politically, I am a strong Republican. I attend church. I am 71 years old. I am a woman. I am somewhat interested in politics.. Question: Do you think the federal government should be doing more about the opioid drug addiction issue, should be doing less, or is it currently doing the right amount?

Answer choices:
1. Should be doing more 2. Should be doing less 3. Is doing the right amount

When answering, respond ONLY with a single number that corresponds to the option you choose. Do not include any additional text, punctuation or explanation.

My answer is
",1
fake_3057,2,5,2,2,40,2,2,"Today is November 5, 2024. Racially, I am black. Ideologically, I am slightly conservative. Politically, I am a weak Democrat. I do not attend church. I am 40 years old. I am a woman. I am somewhat interested in politics.. Question: Do you think the federal government should be doing more about the opioid drug addiction issue, should be doing less, or is it currently doing the right amount?

Answer choices:
1. Should be doing more 2. Should be doing less 3. Is doing the right amount

When answering, respond ONLY with a single number that corresponds to the option you choose. Do not include any additional text, punctuation or explanation.

My answer is
",1
fake_3058,1,4,7,1,68,2,1,"Today is November 5, 2024. Racially, I am white. Ideologically, I am moderate. Politically, I am a strong Republican. I attend church. I am 68 years old. I am a woman. I am very interested in politics.. Question: Do you think the federal government should be doing more about the opioid drug addiction issue, should be doing less, or is it currently doing the right amount?

Answer choices:
1. Should be doing more 2. Should be doing less 3. Is doing the right amount

When answering, respond ONLY with a single number that corresponds to the option you choose. Do not include any additional text, punctuation or explanation.

My answer is
",1
fake_3059,1,6,1,-1,69,2,2,"Today is November 5, 2024. Racially, I am white. Ideologically, I am conservative. Politically, I am a strong democrat. I am 69 years old. I am a woman. I am somewhat interested in politics.. Question: Do you think the federal government should be doing more about the opioid drug addiction issue, should be doing less, or is it currently doing the right amount?

Answer choices:
1. Should be doing more 2. Should be doing less 3. Is doing the right amount

When answering, respond ONLY with a single number that corresponds to the option you choose. Do not include any additional text, punctuation or explanation.

My answer is
",1
fake_3060,1,5,1,2,65,2,2,"Today is November 5, 2024. Racially, I am white. Ideologically, I am slightly conservative. Politically, I am a strong democrat. I do not attend church. I am 65 years old. I am a woman. I am somewhat interested in politics.. Question: Do you think the federal government should be doing more about the opioid drug addiction issue, should be doing less, or is it currently doing the right amount?

Answer choices:
1. Should be doing more 2. Should be doing less 3. Is doing the right amount

When answering, respond ONLY with a single number that corresponds to the option you choose. Do not include any additional text, punctuation or explanation.

My answer is
",1
fake_3061,1,4,1,1,23,1,2,"Today is November 5, 2024. Racially, I am white. Ideologically, I am moderate. Politically, I am a strong democrat. I attend church. I am 23 years old. I am a man. I am somewhat interested in politics.. Question: Do you think the federal government should be doing more about the opioid drug addiction issue, should be doing less, or is it currently doing the right amount?

Answer choices:
1. Should be doing more 2. Should be doing less 3. Is doing the right amount

When answering, respond ONLY with a single number that corresponds to the option you choose. Do not include any additional text, punctuation or explanation.

My answer is
",1
fake_3062,1,3,7,2,44,2,3,"Today is November 5, 2024. Racially, I am white. Ideologically, I am slightly liberal. Politically, I am a strong Republican. I do not attend church. I am 44 years old. I am a woman. I am not very interested in politics.. Question: Do you think the federal government should be doing more about the opioid drug addiction issue, should be doing less, or is it currently doing the right amount?

Answer choices:
1. Should be doing more 2. Should be doing less 3. Is doing the right amount

When answering, respond ONLY with a single number that corresponds to the option you choose. Do not include any additional text, punctuation or explanation.

My answer is
",1
fake_3063,1,6,7,2,58,1,2,"Today is November 5, 2024. Racially, I am white. Ideologically, I am conservative. Politically, I am a strong Republican. I do not attend church. I am 58 years old. I am a man. I am somewhat interested in politics.. Question: Do you think the federal government should be doing more about the opioid drug addiction issue, should be doing less, or is it currently doing the right amount?

Answer choices:
1. Should be doing more 2. Should be doing less 3. Is doing the right amount

When answering, respond ONLY with a single number that corresponds to the option you choose. Do not include any additional text, punctuation or explanation.

My answer is
",1
fake_3064,1,3,4,1,70,2,3,"Today is November 5, 2024. Racially, I am white. Ideologically, I am slightly liberal. Politically, I am an independent. I attend church. I am 70 years old. I am a woman. I am not very interested in politics.. Question: Do you think the federal government should be doing more about the opioid drug addiction issue, should be doing less, or is it currently doing the right amount?

Answer choices:
1. Should be doing more 2. Should be doing less 3. Is doing the right amount

When answering, respond ONLY with a single number that corresponds to the option you choose. Do not include any additional text, punctuation or explanation.

My answer is
",1
fake_3065,1,99,2,2,40,1,3,"Today is November 5, 2024. Racially, I am white. Politically, I am a weak Democrat. I do not attend church. I am 40 years old. I am a man. I am not very interested in politics.. Question: Do you think the federal government should be doing more about the opioid drug addiction issue, should be doing less, or is it currently doing the right amount?

Answer choices:
1. Should be doing more 2. Should be doing less 3. Is doing the right amount

When answering, respond ONLY with a single number that corresponds to the option you choose. Do not include any additional text, punctuation or explanation.

My answer is
",1
fake_3066,1,4,5,2,28,2,2,"Today is November 5, 2024. Racially, I am white. Ideologically, I am moderate. Politically, I am an independent who leans Republican. I do not attend church. I am 28 years old. I am a woman. I am somewhat interested in politics.. Question: Do you think the federal government should be doing more about the opioid drug addiction issue, should be doing less, or is it currently doing the right amount?

Answer choices:
1. Should be doing more 2. Should be doing less 3. Is doing the right amount

When answering, respond ONLY with a single number that corresponds to the option you choose. Do not include any additional text, punctuation or explanation.

My answer is
",1
fake_3067,1,6,7,2,80,1,1,"Today is November 5, 2024. Racially, I am white. Ideologically, I am conservative. Politically, I am a strong Republican. I do not attend church. I am 80 years old. I am a man. I am very interested in politics.. Question: Do you think the federal government should be doing more about the opioid drug addiction issue, should be doing less, or is it currently doing the right amount?

Answer choices:
1. Should be doing more 2. Should be doing less 3. Is doing the right amount

When answering, respond ONLY with a single number that corresponds to the option you choose. Do not include any additional text, punctuation or explanation.

My answer is
",1
fake_3068,3,4,2,2,69,1,2,"Today is November 5, 2024. Racially, I am hispanic. Ideologically, I am moderate. Politically, I am a weak Democrat. I do not attend church. I am 69 years old. I am a man. I am somewhat interested in politics.. Question: Do you think the federal government should be doing more about the opioid drug addiction issue, should be doing less, or is it currently doing the right amount?

Answer choices:
1. Should be doing more 2. Should be doing less 3. Is doing the right amount

When answering, respond ONLY with a single number that corresponds to the option you choose. Do not include any additional text, punctuation or explanation.

My answer is
",1
fake_3069,1,6,2,2,63,1,1,"Today is November 5, 2024. Racially, I am white. Ideologically, I am conservative. Politically, I am a weak Democrat. I do not attend church. I am 63 years old. I am a man. I am very interested in politics.. Question: Do you think the federal government should be doing more about the opioid drug addiction issue, should be doing less, or is it currently doing the right amount?

Answer choices:
1. Should be doing more 2. Should be doing less 3. Is doing the right amount

When answering, respond ONLY with a single number that corresponds to the option you choose. Do not include any additional text, punctuation or explanation.

My answer is
",1
fake_3070,1,99,2,1,52,2,-6,"Today is November 5, 2024. Racially, I am white. Politically, I am a weak Democrat. I attend church. I am 52 years old. I am a woman.. Question: Do you think the federal government should be doing more about the opioid drug addiction issue, should be doing less, or is it currently doing the right amount?

Answer choices:
1. Should be doing more 2. Should be doing less 3. Is doing the right amount

When answering, respond ONLY with a single number that corresponds to the option you choose. Do not include any additional text, punctuation or explanation.

My answer is
",1
fake_3071,6,2,2,1,61,1,-6,"Today is November 5, 2024. Ideologically, I am liberal. Politically, I am a weak Democrat. I attend church. I am 61 years old. I am a man.. Question: Do you think the federal government should be doing more about the opioid drug addiction issue, should be doing less, or is it currently doing the right amount?

Answer choices:
1. Should be doing more 2. Should be doing less 3. Is doing the right amount

When answering, respond ONLY with a single number that corresponds to the option you choose. Do not include any additional text, punctuation or explanation.

My answer is
",1
fake_3072,1,3,4,1,50,2,2,"Today is November 5, 2024. Racially, I am white. Ideologically, I am slightly liberal. Politically, I am an independent. I attend church. I am 50 years old. I am a woman. I am somewhat interested in politics.. Question: Do you think the federal government should be doing more about the opioid drug addiction issue, should be doing less, or is it currently doing the right amount?

Answer choices:
1. Should be doing more 2. Should be doing less 3. Is doing the right amount

When answering, respond ONLY with a single number that corresponds to the option you choose. Do not include any additional text, punctuation or explanation.

My answer is
",1
fake_3073,3,6,3,1,57,1,1,"Today is November 5, 2024. Racially, I am hispanic. Ideologically, I am conservative. Politically, I am an independent who leans Democratic. I attend church. I am 57 years old. I am a man. I am very interested in politics.. Question: Do you think the federal government should be doing more about the opioid drug addiction issue, should be doing less, or is it currently doing the right amount?

Answer choices:
1. Should be doing more 2. Should be doing less 3. Is doing the right amount

When answering, respond ONLY with a single number that corresponds to the option you choose. Do not include any additional text, punctuation or explanation.

My answer is
",1
fake_3074,1,6,5,1,66,1,3,"Today is November 5, 2024. Racially, I am white. Ideologically, I am conservative. Politically, I am an independent who leans Republican. I attend church. I am 66 years old. I am a man. I am not very interested in politics.. Question: Do you think the federal government should be doing more about the opioid drug addiction issue, should be doing less, or is it currently doing the right amount?

Answer choices:
1. Should be doing more 2. Should be doing less 3. Is doing the right amount

When answering, respond ONLY with a single number that corresponds to the option you choose. Do not include any additional text, punctuation or explanation.

My answer is
",1
fake_3075,1,2,3,2,23,2,3,"Today is November 5, 2024. Racially, I am white. Ideologically, I am liberal. Politically, I am an independent who leans Democratic. I do not attend church. I am 23 years old. I am a woman. I am not very interested in politics.. Question: Do you think the federal government should be doing more about the opioid drug addiction issue, should be doing less, or is it currently doing the right amount?

Answer choices:
1. Should be doing more 2. Should be doing less 3. Is doing the right amount

When answering, respond ONLY with a single number that corresponds to the option you choose. Do not include any additional text, punctuation or explanation.

My answer is
",1
fake_3076,1,6,2,1,41,2,2,"Today is November 5, 2024. Racially, I am white. Ideologically, I am conservative. Politically, I am a weak Democrat. I attend church. I am 41 years old. I am a woman. I am somewhat interested in politics.. Question: Do you think the federal government should be doing more about the opioid drug addiction issue, should be doing less, or is it currently doing the right amount?

Answer choices:
1. Should be doing more 2. Should be doing less 3. Is doing the right amount

When answering, respond ONLY with a single number that corresponds to the option you choose. Do not include any additional text, punctuation or explanation.

My answer is
",1
fake_3077,1,4,6,1,72,2,3,"Today is November 5, 2024. Racially, I am white. Ideologically, I am moderate. Politically, I am a weak Republican. I attend church. I am 72 years old. I am a woman. I am not very interested in politics.. Question: Do you think the federal government should be doing more about the opioid drug addiction issue, should be doing less, or is it currently doing the right amount?

Answer choices:
1. Should be doing more 2. Should be doing less 3. Is doing the right amount

When answering, respond ONLY with a single number that corresponds to the option you choose. Do not include any additional text, punctuation or explanation.

My answer is
",1
fake_3078,1,6,1,1,48,2,2,"Today is November 5, 2024. Racially, I am white. Ideologically, I am conservative. Politically, I am a strong democrat. I attend church. I am 48 years old. I am a woman. I am somewhat interested in politics.. Question: Do you think the federal government should be doing more about the opioid drug addiction issue, should be doing less, or is it currently doing the right amount?

Answer choices:
1. Should be doing more 2. Should be doing less 3. Is doing the right amount

When answering, respond ONLY with a single number that corresponds to the option you choose. Do not include any additional text, punctuation or explanation.

My answer is
",1
fake_3079,3,4,1,1,23,2,1,"Today is November 5, 2024. Racially, I am hispanic. Ideologically, I am moderate. Politically, I am a strong democrat. I attend church. I am 23 years old. I am a woman. I am very interested in politics.. Question: Do you think the federal government should be doing more about the opioid drug addiction issue, should be doing less, or is it currently doing the right amount?

Answer choices:
1. Should be doing more 2. Should be doing less 3. Is doing the right amount

When answering, respond ONLY with a single number that corresponds to the option you choose. Do not include any additional text, punctuation or explanation.

My answer is
",1
fake_3080,2,2,1,2,54,2,2,"Today is November 5, 2024. Racially, I am black. Ideologically, I am liberal. Politically, I am a strong democrat. I do not attend church. I am 54 years old. I am a woman. I am somewhat interested in politics.. Question: Do you think the federal government should be doing more about the opioid drug addiction issue, should be doing less, or is it currently doing the right amount?

Answer choices:
1. Should be doing more 2. Should be doing less 3. Is doing the right amount

When answering, respond ONLY with a single number that corresponds to the option you choose. Do not include any additional text, punctuation or explanation.

My answer is
",1
fake_3081,6,5,7,2,79,1,2,"Today is November 5, 2024. Ideologically, I am slightly conservative. Politically, I am a strong Republican. I do not attend church. I am 79 years old. I am a man. I am somewhat interested in politics.. Question: Do you think the federal government should be doing more about the opioid drug addiction issue, should be doing less, or is it currently doing the right amount?

Answer choices:
1. Should be doing more 2. Should be doing less 3. Is doing the right amount

When answering, respond ONLY with a single number that corresponds to the option you choose. Do not include any additional text, punctuation or explanation.

My answer is
",1
fake_3082,2,4,2,2,-2,2,3,"Today is November 5, 2024. Racially, I am black. Ideologically, I am moderate. Politically, I am a weak Democrat. I do not attend church. I am a woman. I am not very interested in politics.. Question: Do you think the federal government should be doing more about the opioid drug addiction issue, should be doing less, or is it currently doing the right amount?

Answer choices:
1. Should be doing more 2. Should be doing less 3. Is doing the right amount

When answering, respond ONLY with a single number that corresponds to the option you choose. Do not include any additional text, punctuation or explanation.

My answer is
",1
fake_3083,2,5,1,2,32,-9,2,"Today is November 5, 2024. Racially, I am black. Ideologically, I am slightly conservative. Politically, I am a strong democrat. I do not attend church. I am 32 years old. I am somewhat interested in politics.. Question: Do you think the federal government should be doing more about the opioid drug addiction issue, should be doing less, or is it currently doing the right amount?

Answer choices:
1. Should be doing more 2. Should be doing less 3. Is doing the right amount

When answering, respond ONLY with a single number that corresponds to the option you choose. Do not include any additional text, punctuation or explanation.

My answer is
",1
fake_3084,1,4,7,1,63,2,2,"Today is November 5, 2024. Racially, I am white. Ideologically, I am moderate. Politically, I am a strong Republican. I attend church. I am 63 years old. I am a woman. I am somewhat interested in politics.. Question: Do you think the federal government should be doing more about the opioid drug addiction issue, should be doing less, or is it currently doing the right amount?

Answer choices:
1. Should be doing more 2. Should be doing less 3. Is doing the right amount

When answering, respond ONLY with a single number that corresponds to the option you choose. Do not include any additional text, punctuation or explanation.

My answer is
",1
fake_3085,1,99,4,1,73,2,2,"Today is November 5, 2024. Racially, I am white. Politically, I am an independent. I attend church. I am 73 years old. I am a woman. I am somewhat interested in politics.. Question: Do you think the federal government should be doing more about the opioid drug addiction issue, should be doing less, or is it currently doing the right amount?

Answer choices:
1. Should be doing more 2. Should be doing less 3. Is doing the right amount

When answering, respond ONLY with a single number that corresponds to the option you choose. Do not include any additional text, punctuation or explanation.

My answer is
",1
fake_3086,1,99,7,1,57,1,1,"Today is November 5, 2024. Racially, I am white. Politically, I am a strong Republican. I attend church. I am 57 years old. I am a man. I am very interested in politics.. Question: Do you think the federal government should be doing more about the opioid drug addiction issue, should be doing less, or is it currently doing the right amount?

Answer choices:
1. Should be doing more 2. Should be doing less 3. Is doing the right amount

When answering, respond ONLY with a single number that corresponds to the option you choose. Do not include any additional text, punctuation or explanation.

My answer is
",1
fake_3087,1,6,7,2,80,2,4,"Today is November 5, 2024. Racially, I am white. Ideologically, I am conservative. Politically, I am a strong Republican. I do not attend church. I am 80 years old. I am a woman. I am not at all interested in politics.. Question: Do you think the federal government should be doing more about the opioid drug addiction issue, should be doing less, or is it currently doing the right amount?

Answer choices:
1. Should be doing more 2. Should be doing less 3. Is doing the right amount

When answering, respond ONLY with a single number that corresponds to the option you choose. Do not include any additional text, punctuation or explanation.

My answer is
",1
fake_3088,1,99,2,2,45,2,3,"Today is November 5, 2024. Racially, I am white. Politically, I am a weak Democrat. I do not attend church. I am 45 years old. I am a woman. I am not very interested in politics.. Question: Do you think the federal government should be doing more about the opioid drug addiction issue, should be doing less, or is it currently doing the right amount?

Answer choices:
1. Should be doing more 2. Should be doing less 3. Is doing the right amount

When answering, respond ONLY with a single number that corresponds to the option you choose. Do not include any additional text, punctuation or explanation.

My answer is
",1
fake_3089,1,7,6,1,32,2,1,"Today is November 5, 2024. Racially, I am white. Ideologically, I am extremely conservative. Politically, I am a weak Republican. I attend church. I am 32 years old. I am a woman. I am very interested in politics.. Question: Do you think the federal government should be doing more about the opioid drug addiction issue, should be doing less, or is it currently doing the right amount?

Answer choices:
1. Should be doing more 2. Should be doing less 3. Is doing the right amount

When answering, respond ONLY with a single number that corresponds to the option you choose. Do not include any additional text, punctuation or explanation.

My answer is
",1
fake_3090,1,6,3,2,28,2,1,"Today is November 5, 2024. Racially, I am white. Ideologically, I am conservative. Politically, I am an independent who leans Democratic. I do not attend church. I am 28 years old. I am a woman. I am very interested in politics.. Question: Do you think the federal government should be doing more about the opioid drug addiction issue, should be doing less, or is it currently doing the right amount?

Answer choices:
1. Should be doing more 2. Should be doing less 3. Is doing the right amount

When answering, respond ONLY with a single number that corresponds to the option you choose. Do not include any additional text, punctuation or explanation.

My answer is
",1
fake_3091,1,2,7,2,-2,2,-6,"Today is November 5, 2024. Racially, I am white. Ideologically, I am liberal. Politically, I am a strong Republican. I do not attend church. I am a woman.. Question: Do you think the federal government should be doing more about the opioid drug addiction issue, should be doing less, or is it currently doing the right amount?

Answer choices:
1. Should be doing more 2. Should be doing less 3. Is doing the right amount

When answering, respond ONLY with a single number that corresponds to the option you choose. Do not include any additional text, punctuation or explanation.

My answer is
",1
fake_3092,1,4,5,2,39,2,1,"Today is November 5, 2024. Racially, I am white. Ideologically, I am moderate. Politically, I am an independent who leans Republican. I do not attend church. I am 39 years old. I am a woman. I am very interested in politics.. Question: Do you think the federal government should be doing more about the opioid drug addiction issue, should be doing less, or is it currently doing the right amount?

Answer choices:
1. Should be doing more 2. Should be doing less 3. Is doing the right amount

When answering, respond ONLY with a single number that corresponds to the option you choose. Do not include any additional text, punctuation or explanation.

My answer is
",1
fake_3093,1,99,3,2,-2,1,-6,"Today is November 5, 2024. Racially, I am white. Politically, I am an independent who leans Democratic. I do not attend church. I am a man.. Question: Do you think the federal government should be doing more about the opioid drug addiction issue, should be doing less, or is it currently doing the right amount?

Answer choices:
1. Should be doing more 2. Should be doing less 3. Is doing the right amount

When answering, respond ONLY with a single number that corresponds to the option you choose. Do not include any additional text, punctuation or explanation.

My answer is
",1
fake_3094,1,7,6,1,59,2,2,"Today is November 5, 2024. Racially, I am white. Ideologically, I am extremely conservative. Politically, I am a weak Republican. I attend church. I am 59 years old. I am a woman. I am somewhat interested in politics.. Question: Do you think the federal government should be doing more about the opioid drug addiction issue, should be doing less, or is it currently doing the right amount?

Answer choices:
1. Should be doing more 2. Should be doing less 3. Is doing the right amount

When answering, respond ONLY with a single number that corresponds to the option you choose. Do not include any additional text, punctuation or explanation.

My answer is
",1
fake_3095,1,4,1,2,58,2,1,"Today is November 5, 2024. Racially, I am white. Ideologically, I am moderate. Politically, I am a strong democrat. I do not attend church. I am 58 years old. I am a woman. I am very interested in politics.. Question: Do you think the federal government should be doing more about the opioid drug addiction issue, should be doing less, or is it currently doing the right amount?

Answer choices:
1. Should be doing more 2. Should be doing less 3. Is doing the right amount

When answering, respond ONLY with a single number that corresponds to the option you choose. Do not include any additional text, punctuation or explanation.

My answer is
",1
fake_3096,1,3,2,2,20,1,1,"Today is November 5, 2024. Racially, I am white. Ideologically, I am slightly liberal. Politically, I am a weak Democrat. I do not attend church. I am 20 years old. I am a man. I am very interested in politics.. Question: Do you think the federal government should be doing more about the opioid drug addiction issue, should be doing less, or is it currently doing the right amount?

Answer choices:
1. Should be doing more 2. Should be doing less 3. Is doing the right amount

When answering, respond ONLY with a single number that corresponds to the option you choose. Do not include any additional text, punctuation or explanation.

My answer is
",1
fake_3097,3,6,6,1,28,2,2,"Today is November 5, 2024. Racially, I am hispanic. Ideologically, I am conservative. Politically, I am a weak Republican. I attend church. I am 28 years old. I am a woman. I am somewhat interested in politics.. Question: Do you think the federal government should be doing more about the opioid drug addiction issue, should be doing less, or is it currently doing the right amount?

Answer choices:
1. Should be doing more 2. Should be doing less 3. Is doing the right amount

When answering, respond ONLY with a single number that corresponds to the option you choose. Do not include any additional text, punctuation or explanation.

My answer is
",1
fake_3098,1,2,1,2,27,1,2,"Today is November 5, 2024. Racially, I am white. Ideologically, I am liberal. Politically, I am a strong democrat. I do not attend church. I am 27 years old. I am a man. I am somewhat interested in politics.. Question: Do you think the federal government should be doing more about the opioid drug addiction issue, should be doing less, or is it currently doing the right amount?

Answer choices:
1. Should be doing more 2. Should be doing less 3. Is doing the right amount

When answering, respond ONLY with a single number that corresponds to the option you choose. Do not include any additional text, punctuation or explanation.

My answer is
",1
fake_3099,1,6,1,1,31,2,-6,"Today is November 5, 2024. Racially, I am white. Ideologically, I am conservative. Politically, I am a strong democrat. I attend church. I am 31 years old. I am a woman.. Question: Do you think the federal government should be doing more about the opioid drug addiction issue, should be doing less, or is it currently doing the right amount?

Answer choices:
1. Should be doing more 2. Should be doing less 3. Is doing the right amount

When answering, respond ONLY with a single number that corresponds to the option you choose. Do not include any additional text, punctuation or explanation.

My answer is
",1
fake_3100,1,4,2,2,39,1,3,"Today is November 5, 2024. Racially, I am white. Ideologically, I am moderate. Politically, I am a weak Democrat. I do not attend church. I am 39 years old. I am a man. I am not very interested in politics.. Question: Do you think the federal government should be doing more about the opioid drug addiction issue, should be doing less, or is it currently doing the right amount?

Answer choices:
1. Should be doing more 2. Should be doing less 3. Is doing the right amount

When answering, respond ONLY with a single number that corresponds to the option you choose. Do not include any additional text, punctuation or explanation.

My answer is
",1
fake_3101,1,4,6,1,68,1,2,"Today is November 5, 2024. Racially, I am white. Ideologically, I am moderate. Politically, I am a weak Republican. I attend church. I am 68 years old. I am a man. I am somewhat interested in politics.. Question: Do you think the federal government should be doing more about the opioid drug addiction issue, should be doing less, or is it currently doing the right amount?

Answer choices:
1. Should be doing more 2. Should be doing less 3. Is doing the right amount

When answering, respond ONLY with a single number that corresponds to the option you choose. Do not include any additional text, punctuation or explanation.

My answer is
",1
fake_3102,1,99,3,2,74,2,2,"Today is November 5, 2024. Racially, I am white. Politically, I am an independent who leans Democratic. I do not attend church. I am 74 years old. I am a woman. I am somewhat interested in politics.. Question: Do you think the federal government should be doing more about the opioid drug addiction issue, should be doing less, or is it currently doing the right amount?

Answer choices:
1. Should be doing more 2. Should be doing less 3. Is doing the right amount

When answering, respond ONLY with a single number that corresponds to the option you choose. Do not include any additional text, punctuation or explanation.

My answer is
",1
fake_3103,1,6,5,1,37,2,-6,"Today is November 5, 2024. Racially, I am white. Ideologically, I am conservative. Politically, I am an independent who leans Republican. I attend church. I am 37 years old. I am a woman.. Question: Do you think the federal government should be doing more about the opioid drug addiction issue, should be doing less, or is it currently doing the right amount?

Answer choices:
1. Should be doing more 2. Should be doing less 3. Is doing the right amount

When answering, respond ONLY with a single number that corresponds to the option you choose. Do not include any additional text, punctuation or explanation.

My answer is
",1
fake_3104,1,5,7,2,79,1,3,"Today is November 5, 2024. Racially, I am white. Ideologically, I am slightly conservative. Politically, I am a strong Republican. I do not attend church. I am 79 years old. I am a man. I am not very interested in politics.. Question: Do you think the federal government should be doing more about the opioid drug addiction issue, should be doing less, or is it currently doing the right amount?

Answer choices:
1. Should be doing more 2. Should be doing less 3. Is doing the right amount

When answering, respond ONLY with a single number that corresponds to the option you choose. Do not include any additional text, punctuation or explanation.

My answer is
",1
fake_3105,1,4,4,1,40,1,3,"Today is November 5, 2024. Racially, I am white. Ideologically, I am moderate. Politically, I am an independent. I attend church. I am 40 years old. I am a man. I am not very interested in politics.. Question: Do you think the federal government should be doing more about the opioid drug addiction issue, should be doing less, or is it currently doing the right amount?

Answer choices:
1. Should be doing more 2. Should be doing less 3. Is doing the right amount

When answering, respond ONLY with a single number that corresponds to the option you choose. Do not include any additional text, punctuation or explanation.

My answer is
",1
fake_3106,1,2,1,2,48,1,2,"Today is November 5, 2024. Racially, I am white. Ideologically, I am liberal. Politically, I am a strong democrat. I do not attend church. I am 48 years old. I am a man. I am somewhat interested in politics.. Question: Do you think the federal government should be doing more about the opioid drug addiction issue, should be doing less, or is it currently doing the right amount?

Answer choices:
1. Should be doing more 2. Should be doing less 3. Is doing the right amount

When answering, respond ONLY with a single number that corresponds to the option you choose. Do not include any additional text, punctuation or explanation.

My answer is
",1
fake_3107,1,6,6,2,63,1,2,"Today is November 5, 2024. Racially, I am white. Ideologically, I am conservative. Politically, I am a weak Republican. I do not attend church. I am 63 years old. I am a man. I am somewhat interested in politics.. Question: Do you think the federal government should be doing more about the opioid drug addiction issue, should be doing less, or is it currently doing the right amount?

Answer choices:
1. Should be doing more 2. Should be doing less 3. Is doing the right amount

When answering, respond ONLY with a single number that corresponds to the option you choose. Do not include any additional text, punctuation or explanation.

My answer is
",1
fake_3108,1,3,2,2,49,2,2,"Today is November 5, 2024. Racially, I am white. Ideologically, I am slightly liberal. Politically, I am a weak Democrat. I do not attend church. I am 49 years old. I am a woman. I am somewhat interested in politics.. Question: Do you think the federal government should be doing more about the opioid drug addiction issue, should be doing less, or is it currently doing the right amount?

Answer choices:
1. Should be doing more 2. Should be doing less 3. Is doing the right amount

When answering, respond ONLY with a single number that corresponds to the option you choose. Do not include any additional text, punctuation or explanation.

My answer is
",1
fake_3109,3,3,4,1,-2,1,-5,"Today is November 5, 2024. Racially, I am hispanic. Ideologically, I am slightly liberal. Politically, I am an independent. I attend church. I am a man.. Question: Do you think the federal government should be doing more about the opioid drug addiction issue, should be doing less, or is it currently doing the right amount?

Answer choices:
1. Should be doing more 2. Should be doing less 3. Is doing the right amount

When answering, respond ONLY with a single number that corresponds to the option you choose. Do not include any additional text, punctuation or explanation.

My answer is
",1
fake_3110,3,6,1,2,48,1,1,"Today is November 5, 2024. Racially, I am hispanic. Ideologically, I am conservative. Politically, I am a strong democrat. I do not attend church. I am 48 years old. I am a man. I am very interested in politics.. Question: Do you think the federal government should be doing more about the opioid drug addiction issue, should be doing less, or is it currently doing the right amount?

Answer choices:
1. Should be doing more 2. Should be doing less 3. Is doing the right amount

When answering, respond ONLY with a single number that corresponds to the option you choose. Do not include any additional text, punctuation or explanation.

My answer is
",1
fake_3111,3,99,6,2,-2,1,2,"Today is November 5, 2024. Racially, I am hispanic. Politically, I am a weak Republican. I do not attend church. I am a man. I am somewhat interested in politics.. Question: Do you think the federal government should be doing more about the opioid drug addiction issue, should be doing less, or is it currently doing the right amount?

Answer choices:
1. Should be doing more 2. Should be doing less 3. Is doing the right amount

When answering, respond ONLY with a single number that corresponds to the option you choose. Do not include any additional text, punctuation or explanation.

My answer is
",1
fake_3112,1,99,7,1,67,1,3,"Today is November 5, 2024. Racially, I am white. Politically, I am a strong Republican. I attend church. I am 67 years old. I am a man. I am not very interested in politics.. Question: Do you think the federal government should be doing more about the opioid drug addiction issue, should be doing less, or is it currently doing the right amount?

Answer choices:
1. Should be doing more 2. Should be doing less 3. Is doing the right amount

When answering, respond ONLY with a single number that corresponds to the option you choose. Do not include any additional text, punctuation or explanation.

My answer is
",1
fake_3113,1,6,5,1,73,2,1,"Today is November 5, 2024. Racially, I am white. Ideologically, I am conservative. Politically, I am an independent who leans Republican. I attend church. I am 73 years old. I am a woman. I am very interested in politics.. Question: Do you think the federal government should be doing more about the opioid drug addiction issue, should be doing less, or is it currently doing the right amount?

Answer choices:
1. Should be doing more 2. Should be doing less 3. Is doing the right amount

When answering, respond ONLY with a single number that corresponds to the option you choose. Do not include any additional text, punctuation or explanation.

My answer is
",1
fake_3114,1,3,1,2,40,2,3,"Today is November 5, 2024. Racially, I am white. Ideologically, I am slightly liberal. Politically, I am a strong democrat. I do not attend church. I am 40 years old. I am a woman. I am not very interested in politics.. Question: Do you think the federal government should be doing more about the opioid drug addiction issue, should be doing less, or is it currently doing the right amount?

Answer choices:
1. Should be doing more 2. Should be doing less 3. Is doing the right amount

When answering, respond ONLY with a single number that corresponds to the option you choose. Do not include any additional text, punctuation or explanation.

My answer is
",1
fake_3115,1,2,3,2,59,2,2,"Today is November 5, 2024. Racially, I am white. Ideologically, I am liberal. Politically, I am an independent who leans Democratic. I do not attend church. I am 59 years old. I am a woman. I am somewhat interested in politics.. Question: Do you think the federal government should be doing more about the opioid drug addiction issue, should be doing less, or is it currently doing the right amount?

Answer choices:
1. Should be doing more 2. Should be doing less 3. Is doing the right amount

When answering, respond ONLY with a single number that corresponds to the option you choose. Do not include any additional text, punctuation or explanation.

My answer is
",1
fake_3116,3,5,3,1,51,1,2,"Today is November 5, 2024. Racially, I am hispanic. Ideologically, I am slightly conservative. Politically, I am an independent who leans Democratic. I attend church. I am 51 years old. I am a man. I am somewhat interested in politics.. Question: Do you think the federal government should be doing more about the opioid drug addiction issue, should be doing less, or is it currently doing the right amount?

Answer choices:
1. Should be doing more 2. Should be doing less 3. Is doing the right amount

When answering, respond ONLY with a single number that corresponds to the option you choose. Do not include any additional text, punctuation or explanation.

My answer is
",1
fake_3117,2,6,2,1,37,2,2,"Today is November 5, 2024. Racially, I am black. Ideologically, I am conservative. Politically, I am a weak Democrat. I attend church. I am 37 years old. I am a woman. I am somewhat interested in politics.. Question: Do you think the federal government should be doing more about the opioid drug addiction issue, should be doing less, or is it currently doing the right amount?

Answer choices:
1. Should be doing more 2. Should be doing less 3. Is doing the right amount

When answering, respond ONLY with a single number that corresponds to the option you choose. Do not include any additional text, punctuation or explanation.

My answer is
",1
fake_3118,1,2,1,1,72,2,-7,"Today is November 5, 2024. Racially, I am white. Ideologically, I am liberal. Politically, I am a strong democrat. I attend church. I am 72 years old. I am a woman.. Question: Do you think the federal government should be doing more about the opioid drug addiction issue, should be doing less, or is it currently doing the right amount?

Answer choices:
1. Should be doing more 2. Should be doing less 3. Is doing the right amount

When answering, respond ONLY with a single number that corresponds to the option you choose. Do not include any additional text, punctuation or explanation.

My answer is
",1
fake_3119,2,2,5,1,63,2,2,"Today is November 5, 2024. Racially, I am black. Ideologically, I am liberal. Politically, I am an independent who leans Republican. I attend church. I am 63 years old. I am a woman. I am somewhat interested in politics.. Question: Do you think the federal government should be doing more about the opioid drug addiction issue, should be doing less, or is it currently doing the right amount?

Answer choices:
1. Should be doing more 2. Should be doing less 3. Is doing the right amount

When answering, respond ONLY with a single number that corresponds to the option you choose. Do not include any additional text, punctuation or explanation.

My answer is
",1
fake_3120,1,4,7,1,80,2,3,"Today is November 5, 2024. Racially, I am white. Ideologically, I am moderate. Politically, I am a strong Republican. I attend church. I am 80 years old. I am a woman. I am not very interested in politics.. Question: Do you think the federal government should be doing more about the opioid drug addiction issue, should be doing less, or is it currently doing the right amount?

Answer choices:
1. Should be doing more 2. Should be doing less 3. Is doing the right amount

When answering, respond ONLY with a single number that corresponds to the option you choose. Do not include any additional text, punctuation or explanation.

My answer is
",1
fake_3121,1,5,6,2,-2,2,2,"Today is November 5, 2024. Racially, I am white. Ideologically, I am slightly conservative. Politically, I am a weak Republican. I do not attend church. I am a woman. I am somewhat interested in politics.. Question: Do you think the federal government should be doing more about the opioid drug addiction issue, should be doing less, or is it currently doing the right amount?

Answer choices:
1. Should be doing more 2. Should be doing less 3. Is doing the right amount

When answering, respond ONLY with a single number that corresponds to the option you choose. Do not include any additional text, punctuation or explanation.

My answer is
",1
fake_3122,1,4,1,1,51,1,1,"Today is November 5, 2024. Racially, I am white. Ideologically, I am moderate. Politically, I am a strong democrat. I attend church. I am 51 years old. I am a man. I am very interested in politics.. Question: Do you think the federal government should be doing more about the opioid drug addiction issue, should be doing less, or is it currently doing the right amount?

Answer choices:
1. Should be doing more 2. Should be doing less 3. Is doing the right amount

When answering, respond ONLY with a single number that corresponds to the option you choose. Do not include any additional text, punctuation or explanation.

My answer is
",1
fake_3123,1,1,7,1,42,2,4,"Today is November 5, 2024. Racially, I am white. Ideologically, I am extremely liberal. Politically, I am a strong Republican. I attend church. I am 42 years old. I am a woman. I am not at all interested in politics.. Question: Do you think the federal government should be doing more about the opioid drug addiction issue, should be doing less, or is it currently doing the right amount?

Answer choices:
1. Should be doing more 2. Should be doing less 3. Is doing the right amount

When answering, respond ONLY with a single number that corresponds to the option you choose. Do not include any additional text, punctuation or explanation.

My answer is
",1
fake_3124,1,5,3,2,31,1,3,"Today is November 5, 2024. Racially, I am white. Ideologically, I am slightly conservative. Politically, I am an independent who leans Democratic. I do not attend church. I am 31 years old. I am a man. I am not very interested in politics.. Question: Do you think the federal government should be doing more about the opioid drug addiction issue, should be doing less, or is it currently doing the right amount?

Answer choices:
1. Should be doing more 2. Should be doing less 3. Is doing the right amount

When answering, respond ONLY with a single number that corresponds to the option you choose. Do not include any additional text, punctuation or explanation.

My answer is
",1
fake_3125,1,2,4,1,55,1,4,"Today is November 5, 2024. Racially, I am white. Ideologically, I am liberal. Politically, I am an independent. I attend church. I am 55 years old. I am a man. I am not at all interested in politics.. Question: Do you think the federal government should be doing more about the opioid drug addiction issue, should be doing less, or is it currently doing the right amount?

Answer choices:
1. Should be doing more 2. Should be doing less 3. Is doing the right amount

When answering, respond ONLY with a single number that corresponds to the option you choose. Do not include any additional text, punctuation or explanation.

My answer is
",1
fake_3126,-9,6,7,2,67,2,3,"Today is November 5, 2024. Ideologically, I am conservative. Politically, I am a strong Republican. I do not attend church. I am 67 years old. I am a woman. I am not very interested in politics.. Question: Do you think the federal government should be doing more about the opioid drug addiction issue, should be doing less, or is it currently doing the right amount?

Answer choices:
1. Should be doing more 2. Should be doing less 3. Is doing the right amount

When answering, respond ONLY with a single number that corresponds to the option you choose. Do not include any additional text, punctuation or explanation.

My answer is
",1
fake_3127,1,99,5,-1,65,2,4,"Today is November 5, 2024. Racially, I am white. Politically, I am an independent who leans Republican. I am 65 years old. I am a woman. I am not at all interested in politics.. Question: Do you think the federal government should be doing more about the opioid drug addiction issue, should be doing less, or is it currently doing the right amount?

Answer choices:
1. Should be doing more 2. Should be doing less 3. Is doing the right amount

When answering, respond ONLY with a single number that corresponds to the option you choose. Do not include any additional text, punctuation or explanation.

My answer is
",1
fake_3128,1,4,7,2,50,1,2,"Today is November 5, 2024. Racially, I am white. Ideologically, I am moderate. Politically, I am a strong Republican. I do not attend church. I am 50 years old. I am a man. I am somewhat interested in politics.. Question: Do you think the federal government should be doing more about the opioid drug addiction issue, should be doing less, or is it currently doing the right amount?

Answer choices:
1. Should be doing more 2. Should be doing less 3. Is doing the right amount

When answering, respond ONLY with a single number that corresponds to the option you choose. Do not include any additional text, punctuation or explanation.

My answer is
",1
fake_3129,1,5,7,2,74,1,3,"Today is November 5, 2024. Racially, I am white. Ideologically, I am slightly conservative. Politically, I am a strong Republican. I do not attend church. I am 74 years old. I am a man. I am not very interested in politics.. Question: Do you think the federal government should be doing more about the opioid drug addiction issue, should be doing less, or is it currently doing the right amount?

Answer choices:
1. Should be doing more 2. Should be doing less 3. Is doing the right amount

When answering, respond ONLY with a single number that corresponds to the option you choose. Do not include any additional text, punctuation or explanation.

My answer is
",1
fake_3130,1,6,1,1,26,2,2,"Today is November 5, 2024. Racially, I am white. Ideologically, I am conservative. Politically, I am a strong democrat. I attend church. I am 26 years old. I am a woman. I am somewhat interested in politics.. Question: Do you think the federal government should be doing more about the opioid drug addiction issue, should be doing less, or is it currently doing the right amount?

Answer choices:
1. Should be doing more 2. Should be doing less 3. Is doing the right amount

When answering, respond ONLY with a single number that corresponds to the option you choose. Do not include any additional text, punctuation or explanation.

My answer is
",1
fake_3131,2,99,2,1,40,1,1,"Today is November 5, 2024. Racially, I am black. Politically, I am a weak Democrat. I attend church. I am 40 years old. I am a man. I am very interested in politics.. Question: Do you think the federal government should be doing more about the opioid drug addiction issue, should be doing less, or is it currently doing the right amount?

Answer choices:
1. Should be doing more 2. Should be doing less 3. Is doing the right amount

When answering, respond ONLY with a single number that corresponds to the option you choose. Do not include any additional text, punctuation or explanation.

My answer is
",1
fake_3132,1,6,1,2,40,2,-6,"Today is November 5, 2024. Racially, I am white. Ideologically, I am conservative. Politically, I am a strong democrat. I do not attend church. I am 40 years old. I am a woman.. Question: Do you think the federal government should be doing more about the opioid drug addiction issue, should be doing less, or is it currently doing the right amount?

Answer choices:
1. Should be doing more 2. Should be doing less 3. Is doing the right amount

When answering, respond ONLY with a single number that corresponds to the option you choose. Do not include any additional text, punctuation or explanation.

My answer is
",1
fake_3133,2,2,7,2,42,2,3,"Today is November 5, 2024. Racially, I am black. Ideologically, I am liberal. Politically, I am a strong Republican. I do not attend church. I am 42 years old. I am a woman. I am not very interested in politics.. Question: Do you think the federal government should be doing more about the opioid drug addiction issue, should be doing less, or is it currently doing the right amount?

Answer choices:
1. Should be doing more 2. Should be doing less 3. Is doing the right amount

When answering, respond ONLY with a single number that corresponds to the option you choose. Do not include any additional text, punctuation or explanation.

My answer is
",1
fake_3134,1,5,4,1,80,1,1,"Today is November 5, 2024. Racially, I am white. Ideologically, I am slightly conservative. Politically, I am an independent. I attend church. I am 80 years old. I am a man. I am very interested in politics.. Question: Do you think the federal government should be doing more about the opioid drug addiction issue, should be doing less, or is it currently doing the right amount?

Answer choices:
1. Should be doing more 2. Should be doing less 3. Is doing the right amount

When answering, respond ONLY with a single number that corresponds to the option you choose. Do not include any additional text, punctuation or explanation.

My answer is
",1
fake_3135,1,6,7,1,80,2,2,"Today is November 5, 2024. Racially, I am white. Ideologically, I am conservative. Politically, I am a strong Republican. I attend church. I am 80 years old. I am a woman. I am somewhat interested in politics.. Question: Do you think the federal government should be doing more about the opioid drug addiction issue, should be doing less, or is it currently doing the right amount?

Answer choices:
1. Should be doing more 2. Should be doing less 3. Is doing the right amount

When answering, respond ONLY with a single number that corresponds to the option you choose. Do not include any additional text, punctuation or explanation.

My answer is
",1
fake_3136,1,6,5,1,33,2,1,"Today is November 5, 2024. Racially, I am white. Ideologically, I am conservative. Politically, I am an independent who leans Republican. I attend church. I am 33 years old. I am a woman. I am very interested in politics.. Question: Do you think the federal government should be doing more about the opioid drug addiction issue, should be doing less, or is it currently doing the right amount?

Answer choices:
1. Should be doing more 2. Should be doing less 3. Is doing the right amount

When answering, respond ONLY with a single number that corresponds to the option you choose. Do not include any additional text, punctuation or explanation.

My answer is
",1
fake_3137,1,6,1,1,55,2,2,"Today is November 5, 2024. Racially, I am white. Ideologically, I am conservative. Politically, I am a strong democrat. I attend church. I am 55 years old. I am a woman. I am somewhat interested in politics.. Question: Do you think the federal government should be doing more about the opioid drug addiction issue, should be doing less, or is it currently doing the right amount?

Answer choices:
1. Should be doing more 2. Should be doing less 3. Is doing the right amount

When answering, respond ONLY with a single number that corresponds to the option you choose. Do not include any additional text, punctuation or explanation.

My answer is
",1
fake_3138,2,6,5,1,59,2,2,"Today is November 5, 2024. Racially, I am black. Ideologically, I am conservative. Politically, I am an independent who leans Republican. I attend church. I am 59 years old. I am a woman. I am somewhat interested in politics.. Question: Do you think the federal government should be doing more about the opioid drug addiction issue, should be doing less, or is it currently doing the right amount?

Answer choices:
1. Should be doing more 2. Should be doing less 3. Is doing the right amount

When answering, respond ONLY with a single number that corresponds to the option you choose. Do not include any additional text, punctuation or explanation.

My answer is
",1
fake_3139,1,4,1,1,60,2,4,"Today is November 5, 2024. Racially, I am white. Ideologically, I am moderate. Politically, I am a strong democrat. I attend church. I am 60 years old. I am a woman. I am not at all interested in politics.. Question: Do you think the federal government should be doing more about the opioid drug addiction issue, should be doing less, or is it currently doing the right amount?

Answer choices:
1. Should be doing more 2. Should be doing less 3. Is doing the right amount

When answering, respond ONLY with a single number that corresponds to the option you choose. Do not include any additional text, punctuation or explanation.

My answer is
",1
fake_3140,1,99,2,2,27,2,3,"Today is November 5, 2024. Racially, I am white. Politically, I am a weak Democrat. I do not attend church. I am 27 years old. I am a woman. I am not very interested in politics.. Question: Do you think the federal government should be doing more about the opioid drug addiction issue, should be doing less, or is it currently doing the right amount?

Answer choices:
1. Should be doing more 2. Should be doing less 3. Is doing the right amount

When answering, respond ONLY with a single number that corresponds to the option you choose. Do not include any additional text, punctuation or explanation.

My answer is
",1
fake_3141,1,1,2,2,39,1,1,"Today is November 5, 2024. Racially, I am white. Ideologically, I am extremely liberal. Politically, I am a weak Democrat. I do not attend church. I am 39 years old. I am a man. I am very interested in politics.. Question: Do you think the federal government should be doing more about the opioid drug addiction issue, should be doing less, or is it currently doing the right amount?

Answer choices:
1. Should be doing more 2. Should be doing less 3. Is doing the right amount

When answering, respond ONLY with a single number that corresponds to the option you choose. Do not include any additional text, punctuation or explanation.

My answer is
",1
fake_3142,1,99,7,2,63,2,2,"Today is November 5, 2024. Racially, I am white. Politically, I am a strong Republican. I do not attend church. I am 63 years old. I am a woman. I am somewhat interested in politics.. Question: Do you think the federal government should be doing more about the opioid drug addiction issue, should be doing less, or is it currently doing the right amount?

Answer choices:
1. Should be doing more 2. Should be doing less 3. Is doing the right amount

When answering, respond ONLY with a single number that corresponds to the option you choose. Do not include any additional text, punctuation or explanation.

My answer is
",1
fake_3143,3,3,6,2,-2,2,-6,"Today is November 5, 2024. Racially, I am hispanic. Ideologically, I am slightly liberal. Politically, I am a weak Republican. I do not attend church. I am a woman.. Question: Do you think the federal government should be doing more about the opioid drug addiction issue, should be doing less, or is it currently doing the right amount?

Answer choices:
1. Should be doing more 2. Should be doing less 3. Is doing the right amount

When answering, respond ONLY with a single number that corresponds to the option you choose. Do not include any additional text, punctuation or explanation.

My answer is
",1
fake_3144,1,6,6,1,-2,2,2,"Today is November 5, 2024. Racially, I am white. Ideologically, I am conservative. Politically, I am a weak Republican. I attend church. I am a woman. I am somewhat interested in politics.. Question: Do you think the federal government should be doing more about the opioid drug addiction issue, should be doing less, or is it currently doing the right amount?

Answer choices:
1. Should be doing more 2. Should be doing less 3. Is doing the right amount

When answering, respond ONLY with a single number that corresponds to the option you choose. Do not include any additional text, punctuation or explanation.

My answer is
",1
fake_3145,1,4,2,1,32,1,2,"Today is November 5, 2024. Racially, I am white. Ideologically, I am moderate. Politically, I am a weak Democrat. I attend church. I am 32 years old. I am a man. I am somewhat interested in politics.. Question: Do you think the federal government should be doing more about the opioid drug addiction issue, should be doing less, or is it currently doing the right amount?

Answer choices:
1. Should be doing more 2. Should be doing less 3. Is doing the right amount

When answering, respond ONLY with a single number that corresponds to the option you choose. Do not include any additional text, punctuation or explanation.

My answer is
",1
fake_3146,2,99,1,1,80,1,2,"Today is November 5, 2024. Racially, I am black. Politically, I am a strong democrat. I attend church. I am 80 years old. I am a man. I am somewhat interested in politics.. Question: Do you think the federal government should be doing more about the opioid drug addiction issue, should be doing less, or is it currently doing the right amount?

Answer choices:
1. Should be doing more 2. Should be doing less 3. Is doing the right amount

When answering, respond ONLY with a single number that corresponds to the option you choose. Do not include any additional text, punctuation or explanation.

My answer is
",1
fake_3147,1,6,7,1,66,2,2,"Today is November 5, 2024. Racially, I am white. Ideologically, I am conservative. Politically, I am a strong Republican. I attend church. I am 66 years old. I am a woman. I am somewhat interested in politics.. Question: Do you think the federal government should be doing more about the opioid drug addiction issue, should be doing less, or is it currently doing the right amount?

Answer choices:
1. Should be doing more 2. Should be doing less 3. Is doing the right amount

When answering, respond ONLY with a single number that corresponds to the option you choose. Do not include any additional text, punctuation or explanation.

My answer is
",1
fake_3148,1,4,1,1,70,2,2,"Today is November 5, 2024. Racially, I am white. Ideologically, I am moderate. Politically, I am a strong democrat. I attend church. I am 70 years old. I am a woman. I am somewhat interested in politics.. Question: Do you think the federal government should be doing more about the opioid drug addiction issue, should be doing less, or is it currently doing the right amount?

Answer choices:
1. Should be doing more 2. Should be doing less 3. Is doing the right amount

When answering, respond ONLY with a single number that corresponds to the option you choose. Do not include any additional text, punctuation or explanation.

My answer is
",1
fake_3149,2,2,7,2,80,2,-6,"Today is November 5, 2024. Racially, I am black. Ideologically, I am liberal. Politically, I am a strong Republican. I do not attend church. I am 80 years old. I am a woman.. Question: Do you think the federal government should be doing more about the opioid drug addiction issue, should be doing less, or is it currently doing the right amount?

Answer choices:
1. Should be doing more 2. Should be doing less 3. Is doing the right amount

When answering, respond ONLY with a single number that corresponds to the option you choose. Do not include any additional text, punctuation or explanation.

My answer is
",1
fake_3150,6,99,5,1,-2,-9,3,"Today is November 5, 2024. Politically, I am an independent who leans Republican. I attend church. I am not very interested in politics.. Question: Do you think the federal government should be doing more about the opioid drug addiction issue, should be doing less, or is it currently doing the right amount?

Answer choices:
1. Should be doing more 2. Should be doing less 3. Is doing the right amount

When answering, respond ONLY with a single number that corresponds to the option you choose. Do not include any additional text, punctuation or explanation.

My answer is
",1
fake_3151,3,6,6,2,30,1,3,"Today is November 5, 2024. Racially, I am hispanic. Ideologically, I am conservative. Politically, I am a weak Republican. I do not attend church. I am 30 years old. I am a man. I am not very interested in politics.. Question: Do you think the federal government should be doing more about the opioid drug addiction issue, should be doing less, or is it currently doing the right amount?

Answer choices:
1. Should be doing more 2. Should be doing less 3. Is doing the right amount

When answering, respond ONLY with a single number that corresponds to the option you choose. Do not include any additional text, punctuation or explanation.

My answer is
",1
fake_3152,1,99,4,1,73,1,2,"Today is November 5, 2024. Racially, I am white. Politically, I am an independent. I attend church. I am 73 years old. I am a man. I am somewhat interested in politics.. Question: Do you think the federal government should be doing more about the opioid drug addiction issue, should be doing less, or is it currently doing the right amount?

Answer choices:
1. Should be doing more 2. Should be doing less 3. Is doing the right amount

When answering, respond ONLY with a single number that corresponds to the option you choose. Do not include any additional text, punctuation or explanation.

My answer is
",1
fake_3153,1,99,7,2,-2,2,2,"Today is November 5, 2024. Racially, I am white. Politically, I am a strong Republican. I do not attend church. I am a woman. I am somewhat interested in politics.. Question: Do you think the federal government should be doing more about the opioid drug addiction issue, should be doing less, or is it currently doing the right amount?

Answer choices:
1. Should be doing more 2. Should be doing less 3. Is doing the right amount

When answering, respond ONLY with a single number that corresponds to the option you choose. Do not include any additional text, punctuation or explanation.

My answer is
",1
fake_3154,1,2,2,2,72,1,2,"Today is November 5, 2024. Racially, I am white. Ideologically, I am liberal. Politically, I am a weak Democrat. I do not attend church. I am 72 years old. I am a man. I am somewhat interested in politics.. Question: Do you think the federal government should be doing more about the opioid drug addiction issue, should be doing less, or is it currently doing the right amount?

Answer choices:
1. Should be doing more 2. Should be doing less 3. Is doing the right amount

When answering, respond ONLY with a single number that corresponds to the option you choose. Do not include any additional text, punctuation or explanation.

My answer is
",1
fake_3155,1,5,1,1,18,2,3,"Today is November 5, 2024. Racially, I am white. Ideologically, I am slightly conservative. Politically, I am a strong democrat. I attend church. I am 18 years old. I am a woman. I am not very interested in politics.. Question: Do you think the federal government should be doing more about the opioid drug addiction issue, should be doing less, or is it currently doing the right amount?

Answer choices:
1. Should be doing more 2. Should be doing less 3. Is doing the right amount

When answering, respond ONLY with a single number that corresponds to the option you choose. Do not include any additional text, punctuation or explanation.

My answer is
",1
fake_3156,1,4,6,1,52,2,2,"Today is November 5, 2024. Racially, I am white. Ideologically, I am moderate. Politically, I am a weak Republican. I attend church. I am 52 years old. I am a woman. I am somewhat interested in politics.. Question: Do you think the federal government should be doing more about the opioid drug addiction issue, should be doing less, or is it currently doing the right amount?

Answer choices:
1. Should be doing more 2. Should be doing less 3. Is doing the right amount

When answering, respond ONLY with a single number that corresponds to the option you choose. Do not include any additional text, punctuation or explanation.

My answer is
",1
fake_3157,3,5,7,2,70,2,2,"Today is November 5, 2024. Racially, I am hispanic. Ideologically, I am slightly conservative. Politically, I am a strong Republican. I do not attend church. I am 70 years old. I am a woman. I am somewhat interested in politics.. Question: Do you think the federal government should be doing more about the opioid drug addiction issue, should be doing less, or is it currently doing the right amount?

Answer choices:
1. Should be doing more 2. Should be doing less 3. Is doing the right amount

When answering, respond ONLY with a single number that corresponds to the option you choose. Do not include any additional text, punctuation or explanation.

My answer is
",1
fake_3158,1,6,5,2,46,2,2,"Today is November 5, 2024. Racially, I am white. Ideologically, I am conservative. Politically, I am an independent who leans Republican. I do not attend church. I am 46 years old. I am a woman. I am somewhat interested in politics.. Question: Do you think the federal government should be doing more about the opioid drug addiction issue, should be doing less, or is it currently doing the right amount?

Answer choices:
1. Should be doing more 2. Should be doing less 3. Is doing the right amount

When answering, respond ONLY with a single number that corresponds to the option you choose. Do not include any additional text, punctuation or explanation.

My answer is
",1
fake_3159,1,4,1,2,29,1,2,"Today is November 5, 2024. Racially, I am white. Ideologically, I am moderate. Politically, I am a strong democrat. I do not attend church. I am 29 years old. I am a man. I am somewhat interested in politics.. Question: Do you think the federal government should be doing more about the opioid drug addiction issue, should be doing less, or is it currently doing the right amount?

Answer choices:
1. Should be doing more 2. Should be doing less 3. Is doing the right amount

When answering, respond ONLY with a single number that corresponds to the option you choose. Do not include any additional text, punctuation or explanation.

My answer is
",1
fake_3160,3,2,7,2,52,1,1,"Today is November 5, 2024. Racially, I am hispanic. Ideologically, I am liberal. Politically, I am a strong Republican. I do not attend church. I am 52 years old. I am a man. I am very interested in politics.. Question: Do you think the federal government should be doing more about the opioid drug addiction issue, should be doing less, or is it currently doing the right amount?

Answer choices:
1. Should be doing more 2. Should be doing less 3. Is doing the right amount

When answering, respond ONLY with a single number that corresponds to the option you choose. Do not include any additional text, punctuation or explanation.

My answer is
",1
fake_3161,1,2,3,2,45,2,1,"Today is November 5, 2024. Racially, I am white. Ideologically, I am liberal. Politically, I am an independent who leans Democratic. I do not attend church. I am 45 years old. I am a woman. I am very interested in politics.. Question: Do you think the federal government should be doing more about the opioid drug addiction issue, should be doing less, or is it currently doing the right amount?

Answer choices:
1. Should be doing more 2. Should be doing less 3. Is doing the right amount

When answering, respond ONLY with a single number that corresponds to the option you choose. Do not include any additional text, punctuation or explanation.

My answer is
",1
fake_3162,1,99,6,1,40,2,-6,"Today is November 5, 2024. Racially, I am white. Politically, I am a weak Republican. I attend church. I am 40 years old. I am a woman.. Question: Do you think the federal government should be doing more about the opioid drug addiction issue, should be doing less, or is it currently doing the right amount?

Answer choices:
1. Should be doing more 2. Should be doing less 3. Is doing the right amount

When answering, respond ONLY with a single number that corresponds to the option you choose. Do not include any additional text, punctuation or explanation.

My answer is
",1
fake_3163,3,2,5,2,50,2,3,"Today is November 5, 2024. Racially, I am hispanic. Ideologically, I am liberal. Politically, I am an independent who leans Republican. I do not attend church. I am 50 years old. I am a woman. I am not very interested in politics.. Question: Do you think the federal government should be doing more about the opioid drug addiction issue, should be doing less, or is it currently doing the right amount?

Answer choices:
1. Should be doing more 2. Should be doing less 3. Is doing the right amount

When answering, respond ONLY with a single number that corresponds to the option you choose. Do not include any additional text, punctuation or explanation.

My answer is
",1
fake_3164,1,99,2,1,40,2,-6,"Today is November 5, 2024. Racially, I am white. Politically, I am a weak Democrat. I attend church. I am 40 years old. I am a woman.. Question: Do you think the federal government should be doing more about the opioid drug addiction issue, should be doing less, or is it currently doing the right amount?

Answer choices:
1. Should be doing more 2. Should be doing less 3. Is doing the right amount

When answering, respond ONLY with a single number that corresponds to the option you choose. Do not include any additional text, punctuation or explanation.

My answer is
",1
fake_3165,1,6,5,2,45,1,1,"Today is November 5, 2024. Racially, I am white. Ideologically, I am conservative. Politically, I am an independent who leans Republican. I do not attend church. I am 45 years old. I am a man. I am very interested in politics.. Question: Do you think the federal government should be doing more about the opioid drug addiction issue, should be doing less, or is it currently doing the right amount?

Answer choices:
1. Should be doing more 2. Should be doing less 3. Is doing the right amount

When answering, respond ONLY with a single number that corresponds to the option you choose. Do not include any additional text, punctuation or explanation.

My answer is
",1
fake_3166,1,99,7,2,64,1,2,"Today is November 5, 2024. Racially, I am white. Politically, I am a strong Republican. I do not attend church. I am 64 years old. I am a man. I am somewhat interested in politics.. Question: Do you think the federal government should be doing more about the opioid drug addiction issue, should be doing less, or is it currently doing the right amount?

Answer choices:
1. Should be doing more 2. Should be doing less 3. Is doing the right amount

When answering, respond ONLY with a single number that corresponds to the option you choose. Do not include any additional text, punctuation or explanation.

My answer is
",2
fake_3167,1,4,7,2,26,1,4,"Today is November 5, 2024. Racially, I am white. Ideologically, I am moderate. Politically, I am a strong Republican. I do not attend church. I am 26 years old. I am a man. I am not at all interested in politics.. Question: Do you think the federal government should be doing more about the opioid drug addiction issue, should be doing less, or is it currently doing the right amount?

Answer choices:
1. Should be doing more 2. Should be doing less 3. Is doing the right amount

When answering, respond ONLY with a single number that corresponds to the option you choose. Do not include any additional text, punctuation or explanation.

My answer is
",1
fake_3168,1,99,1,2,26,2,2,"Today is November 5, 2024. Racially, I am white. Politically, I am a strong democrat. I do not attend church. I am 26 years old. I am a woman. I am somewhat interested in politics.. Question: Do you think the federal government should be doing more about the opioid drug addiction issue, should be doing less, or is it currently doing the right amount?

Answer choices:
1. Should be doing more 2. Should be doing less 3. Is doing the right amount

When answering, respond ONLY with a single number that corresponds to the option you choose. Do not include any additional text, punctuation or explanation.

My answer is
",1
fake_3169,1,6,7,2,62,2,2,"Today is November 5, 2024. Racially, I am white. Ideologically, I am conservative. Politically, I am a strong Republican. I do not attend church. I am 62 years old. I am a woman. I am somewhat interested in politics.. Question: Do you think the federal government should be doing more about the opioid drug addiction issue, should be doing less, or is it currently doing the right amount?

Answer choices:
1. Should be doing more 2. Should be doing less 3. Is doing the right amount

When answering, respond ONLY with a single number that corresponds to the option you choose. Do not include any additional text, punctuation or explanation.

My answer is
",2
fake_3170,3,6,5,2,77,1,2,"Today is November 5, 2024. Racially, I am hispanic. Ideologically, I am conservative. Politically, I am an independent who leans Republican. I do not attend church. I am 77 years old. I am a man. I am somewhat interested in politics.. Question: Do you think the federal government should be doing more about the opioid drug addiction issue, should be doing less, or is it currently doing the right amount?

Answer choices:
1. Should be doing more 2. Should be doing less 3. Is doing the right amount

When answering, respond ONLY with a single number that corresponds to the option you choose. Do not include any additional text, punctuation or explanation.

My answer is
",1
fake_3171,1,99,2,2,59,2,3,"Today is November 5, 2024. Racially, I am white. Politically, I am a weak Democrat. I do not attend church. I am 59 years old. I am a woman. I am not very interested in politics.. Question: Do you think the federal government should be doing more about the opioid drug addiction issue, should be doing less, or is it currently doing the right amount?

Answer choices:
1. Should be doing more 2. Should be doing less 3. Is doing the right amount

When answering, respond ONLY with a single number that corresponds to the option you choose. Do not include any additional text, punctuation or explanation.

My answer is
",1
fake_3172,1,6,2,1,35,2,1,"Today is November 5, 2024. Racially, I am white. Ideologically, I am conservative. Politically, I am a weak Democrat. I attend church. I am 35 years old. I am a woman. I am very interested in politics.. Question: Do you think the federal government should be doing more about the opioid drug addiction issue, should be doing less, or is it currently doing the right amount?

Answer choices:
1. Should be doing more 2. Should be doing less 3. Is doing the right amount

When answering, respond ONLY with a single number that corresponds to the option you choose. Do not include any additional text, punctuation or explanation.

My answer is
",1
fake_3173,3,3,1,2,70,1,2,"Today is November 5, 2024. Racially, I am hispanic. Ideologically, I am slightly liberal. Politically, I am a strong democrat. I do not attend church. I am 70 years old. I am a man. I am somewhat interested in politics.. Question: Do you think the federal government should be doing more about the opioid drug addiction issue, should be doing less, or is it currently doing the right amount?

Answer choices:
1. Should be doing more 2. Should be doing less 3. Is doing the right amount

When answering, respond ONLY with a single number that corresponds to the option you choose. Do not include any additional text, punctuation or explanation.

My answer is
",1
fake_3174,1,4,3,1,31,2,2,"Today is November 5, 2024. Racially, I am white. Ideologically, I am moderate. Politically, I am an independent who leans Democratic. I attend church. I am 31 years old. I am a woman. I am somewhat interested in politics.. Question: Do you think the federal government should be doing more about the opioid drug addiction issue, should be doing less, or is it currently doing the right amount?

Answer choices:
1. Should be doing more 2. Should be doing less 3. Is doing the right amount

When answering, respond ONLY with a single number that corresponds to the option you choose. Do not include any additional text, punctuation or explanation.

My answer is
",1
fake_3175,1,6,1,2,41,2,4,"Today is November 5, 2024. Racially, I am white. Ideologically, I am conservative. Politically, I am a strong democrat. I do not attend church. I am 41 years old. I am a woman. I am not at all interested in politics.. Question: Do you think the federal government should be doing more about the opioid drug addiction issue, should be doing less, or is it currently doing the right amount?

Answer choices:
1. Should be doing more 2. Should be doing less 3. Is doing the right amount

When answering, respond ONLY with a single number that corresponds to the option you choose. Do not include any additional text, punctuation or explanation.

My answer is
",1
fake_3176,1,5,3,2,26,2,4,"Today is November 5, 2024. Racially, I am white. Ideologically, I am slightly conservative. Politically, I am an independent who leans Democratic. I do not attend church. I am 26 years old. I am a woman. I am not at all interested in politics.. Question: Do you think the federal government should be doing more about the opioid drug addiction issue, should be doing less, or is it currently doing the right amount?

Answer choices:
1. Should be doing more 2. Should be doing less 3. Is doing the right amount

When answering, respond ONLY with a single number that corresponds to the option you choose. Do not include any additional text, punctuation or explanation.

My answer is
",1
fake_3177,1,6,3,1,68,2,-6,"Today is November 5, 2024. Racially, I am white. Ideologically, I am conservative. Politically, I am an independent who leans Democratic. I attend church. I am 68 years old. I am a woman.. Question: Do you think the federal government should be doing more about the opioid drug addiction issue, should be doing less, or is it currently doing the right amount?

Answer choices:
1. Should be doing more 2. Should be doing less 3. Is doing the right amount

When answering, respond ONLY with a single number that corresponds to the option you choose. Do not include any additional text, punctuation or explanation.

My answer is
",1
fake_3178,1,99,7,2,71,1,-6,"Today is November 5, 2024. Racially, I am white. Politically, I am a strong Republican. I do not attend church. I am 71 years old. I am a man.. Question: Do you think the federal government should be doing more about the opioid drug addiction issue, should be doing less, or is it currently doing the right amount?

Answer choices:
1. Should be doing more 2. Should be doing less 3. Is doing the right amount

When answering, respond ONLY with a single number that corresponds to the option you choose. Do not include any additional text, punctuation or explanation.

My answer is
",1
fake_3179,3,7,1,2,67,2,2,"Today is November 5, 2024. Racially, I am hispanic. Ideologically, I am extremely conservative. Politically, I am a strong democrat. I do not attend church. I am 67 years old. I am a woman. I am somewhat interested in politics.. Question: Do you think the federal government should be doing more about the opioid drug addiction issue, should be doing less, or is it currently doing the right amount?

Answer choices:
1. Should be doing more 2. Should be doing less 3. Is doing the right amount

When answering, respond ONLY with a single number that corresponds to the option you choose. Do not include any additional text, punctuation or explanation.

My answer is
",1
fake_3180,4,1,3,1,63,1,-6,"Today is November 5, 2024. Racially, I am asian. Ideologically, I am extremely liberal. Politically, I am an independent who leans Democratic. I attend church. I am 63 years old. I am a man.. Question: Do you think the federal government should be doing more about the opioid drug addiction issue, should be doing less, or is it currently doing the right amount?

Answer choices:
1. Should be doing more 2. Should be doing less 3. Is doing the right amount

When answering, respond ONLY with a single number that corresponds to the option you choose. Do not include any additional text, punctuation or explanation.

My answer is
",1
fake_3181,1,3,3,1,51,2,1,"Today is November 5, 2024. Racially, I am white. Ideologically, I am slightly liberal. Politically, I am an independent who leans Democratic. I attend church. I am 51 years old. I am a woman. I am very interested in politics.. Question: Do you think the federal government should be doing more about the opioid drug addiction issue, should be doing less, or is it currently doing the right amount?

Answer choices:
1. Should be doing more 2. Should be doing less 3. Is doing the right amount

When answering, respond ONLY with a single number that corresponds to the option you choose. Do not include any additional text, punctuation or explanation.

My answer is
",1
fake_3182,3,3,7,1,59,1,1,"Today is November 5, 2024. Racially, I am hispanic. Ideologically, I am slightly liberal. Politically, I am a strong Republican. I attend church. I am 59 years old. I am a man. I am very interested in politics.. Question: Do you think the federal government should be doing more about the opioid drug addiction issue, should be doing less, or is it currently doing the right amount?

Answer choices:
1. Should be doing more 2. Should be doing less 3. Is doing the right amount

When answering, respond ONLY with a single number that corresponds to the option you choose. Do not include any additional text, punctuation or explanation.

My answer is
",1
fake_3183,1,3,3,1,41,2,2,"Today is November 5, 2024. Racially, I am white. Ideologically, I am slightly liberal. Politically, I am an independent who leans Democratic. I attend church. I am 41 years old. I am a woman. I am somewhat interested in politics.. Question: Do you think the federal government should be doing more about the opioid drug addiction issue, should be doing less, or is it currently doing the right amount?

Answer choices:
1. Should be doing more 2. Should be doing less 3. Is doing the right amount

When answering, respond ONLY with a single number that corresponds to the option you choose. Do not include any additional text, punctuation or explanation.

My answer is
",1
fake_3184,1,2,5,2,22,2,3,"Today is November 5, 2024. Racially, I am white. Ideologically, I am liberal. Politically, I am an independent who leans Republican. I do not attend church. I am 22 years old. I am a woman. I am not very interested in politics.. Question: Do you think the federal government should be doing more about the opioid drug addiction issue, should be doing less, or is it currently doing the right amount?

Answer choices:
1. Should be doing more 2. Should be doing less 3. Is doing the right amount

When answering, respond ONLY with a single number that corresponds to the option you choose. Do not include any additional text, punctuation or explanation.

My answer is
",1
fake_3185,1,5,2,2,51,1,3,"Today is November 5, 2024. Racially, I am white. Ideologically, I am slightly conservative. Politically, I am a weak Democrat. I do not attend church. I am 51 years old. I am a man. I am not very interested in politics.. Question: Do you think the federal government should be doing more about the opioid drug addiction issue, should be doing less, or is it currently doing the right amount?

Answer choices:
1. Should be doing more 2. Should be doing less 3. Is doing the right amount

When answering, respond ONLY with a single number that corresponds to the option you choose. Do not include any additional text, punctuation or explanation.

My answer is
",1
fake_3186,6,2,6,1,80,1,2,"Today is November 5, 2024. Ideologically, I am liberal. Politically, I am a weak Republican. I attend church. I am 80 years old. I am a man. I am somewhat interested in politics.. Question: Do you think the federal government should be doing more about the opioid drug addiction issue, should be doing less, or is it currently doing the right amount?

Answer choices:
1. Should be doing more 2. Should be doing less 3. Is doing the right amount

When answering, respond ONLY with a single number that corresponds to the option you choose. Do not include any additional text, punctuation or explanation.

My answer is
",1
fake_3187,1,3,3,2,34,1,1,"Today is November 5, 2024. Racially, I am white. Ideologically, I am slightly liberal. Politically, I am an independent who leans Democratic. I do not attend church. I am 34 years old. I am a man. I am very interested in politics.. Question: Do you think the federal government should be doing more about the opioid drug addiction issue, should be doing less, or is it currently doing the right amount?

Answer choices:
1. Should be doing more 2. Should be doing less 3. Is doing the right amount

When answering, respond ONLY with a single number that corresponds to the option you choose. Do not include any additional text, punctuation or explanation.

My answer is
",1
fake_3188,1,4,6,2,25,2,-6,"Today is November 5, 2024. Racially, I am white. Ideologically, I am moderate. Politically, I am a weak Republican. I do not attend church. I am 25 years old. I am a woman.. Question: Do you think the federal government should be doing more about the opioid drug addiction issue, should be doing less, or is it currently doing the right amount?

Answer choices:
1. Should be doing more 2. Should be doing less 3. Is doing the right amount

When answering, respond ONLY with a single number that corresponds to the option you choose. Do not include any additional text, punctuation or explanation.

My answer is
",1
fake_3189,1,4,6,2,80,2,1,"Today is November 5, 2024. Racially, I am white. Ideologically, I am moderate. Politically, I am a weak Republican. I do not attend church. I am 80 years old. I am a woman. I am very interested in politics.. Question: Do you think the federal government should be doing more about the opioid drug addiction issue, should be doing less, or is it currently doing the right amount?

Answer choices:
1. Should be doing more 2. Should be doing less 3. Is doing the right amount

When answering, respond ONLY with a single number that corresponds to the option you choose. Do not include any additional text, punctuation or explanation.

My answer is
",1
fake_3190,1,99,3,1,33,2,3,"Today is November 5, 2024. Racially, I am white. Politically, I am an independent who leans Democratic. I attend church. I am 33 years old. I am a woman. I am not very interested in politics.. Question: Do you think the federal government should be doing more about the opioid drug addiction issue, should be doing less, or is it currently doing the right amount?

Answer choices:
1. Should be doing more 2. Should be doing less 3. Is doing the right amount

When answering, respond ONLY with a single number that corresponds to the option you choose. Do not include any additional text, punctuation or explanation.

My answer is
",1
fake_3191,4,99,1,1,36,2,-7,"Today is November 5, 2024. Racially, I am asian. Politically, I am a strong democrat. I attend church. I am 36 years old. I am a woman.. Question: Do you think the federal government should be doing more about the opioid drug addiction issue, should be doing less, or is it currently doing the right amount?

Answer choices:
1. Should be doing more 2. Should be doing less 3. Is doing the right amount

When answering, respond ONLY with a single number that corresponds to the option you choose. Do not include any additional text, punctuation or explanation.

My answer is
",1
fake_3192,4,3,5,1,-2,2,3,"Today is November 5, 2024. Racially, I am asian. Ideologically, I am slightly liberal. Politically, I am an independent who leans Republican. I attend church. I am a woman. I am not very interested in politics.. Question: Do you think the federal government should be doing more about the opioid drug addiction issue, should be doing less, or is it currently doing the right amount?

Answer choices:
1. Should be doing more 2. Should be doing less 3. Is doing the right amount

When answering, respond ONLY with a single number that corresponds to the option you choose. Do not include any additional text, punctuation or explanation.

My answer is
",1
fake_3193,1,6,5,2,37,2,2,"Today is November 5, 2024. Racially, I am white. Ideologically, I am conservative. Politically, I am an independent who leans Republican. I do not attend church. I am 37 years old. I am a woman. I am somewhat interested in politics.. Question: Do you think the federal government should be doing more about the opioid drug addiction issue, should be doing less, or is it currently doing the right amount?

Answer choices:
1. Should be doing more 2. Should be doing less 3. Is doing the right amount

When answering, respond ONLY with a single number that corresponds to the option you choose. Do not include any additional text, punctuation or explanation.

My answer is
",1
fake_3194,1,5,2,1,18,2,2,"Today is November 5, 2024. Racially, I am white. Ideologically, I am slightly conservative. Politically, I am a weak Democrat. I attend church. I am 18 years old. I am a woman. I am somewhat interested in politics.. Question: Do you think the federal government should be doing more about the opioid drug addiction issue, should be doing less, or is it currently doing the right amount?

Answer choices:
1. Should be doing more 2. Should be doing less 3. Is doing the right amount

When answering, respond ONLY with a single number that corresponds to the option you choose. Do not include any additional text, punctuation or explanation.

My answer is
",1
fake_3195,1,99,2,-1,53,1,-6,"Today is November 5, 2024. Racially, I am white. Politically, I am a weak Democrat. I am 53 years old. I am a man.. Question: Do you think the federal government should be doing more about the opioid drug addiction issue, should be doing less, or is it currently doing the right amount?

Answer choices:
1. Should be doing more 2. Should be doing less 3. Is doing the right amount

When answering, respond ONLY with a single number that corresponds to the option you choose. Do not include any additional text, punctuation or explanation.

My answer is
",1
fake_3196,1,6,1,1,70,2,2,"Today is November 5, 2024. Racially, I am white. Ideologically, I am conservative. Politically, I am a strong democrat. I attend church. I am 70 years old. I am a woman. I am somewhat interested in politics.. Question: Do you think the federal government should be doing more about the opioid drug addiction issue, should be doing less, or is it currently doing the right amount?

Answer choices:
1. Should be doing more 2. Should be doing less 3. Is doing the right amount

When answering, respond ONLY with a single number that corresponds to the option you choose. Do not include any additional text, punctuation or explanation.

My answer is
",1
fake_3197,1,5,5,2,30,2,2,"Today is November 5, 2024. Racially, I am white. Ideologically, I am slightly conservative. Politically, I am an independent who leans Republican. I do not attend church. I am 30 years old. I am a woman. I am somewhat interested in politics.. Question: Do you think the federal government should be doing more about the opioid drug addiction issue, should be doing less, or is it currently doing the right amount?

Answer choices:
1. Should be doing more 2. Should be doing less 3. Is doing the right amount

When answering, respond ONLY with a single number that corresponds to the option you choose. Do not include any additional text, punctuation or explanation.

My answer is
",1
fake_3198,3,1,1,1,25,1,-7,"Today is November 5, 2024. Racially, I am hispanic. Ideologically, I am extremely liberal. Politically, I am a strong democrat. I attend church. I am 25 years old. I am a man.. Question: Do you think the federal government should be doing more about the opioid drug addiction issue, should be doing less, or is it currently doing the right amount?

Answer choices:
1. Should be doing more 2. Should be doing less 3. Is doing the right amount

When answering, respond ONLY with a single number that corresponds to the option you choose. Do not include any additional text, punctuation or explanation.

My answer is
",1
fake_3199,1,4,5,1,45,2,2,"Today is November 5, 2024. Racially, I am white. Ideologically, I am moderate. Politically, I am an independent who leans Republican. I attend church. I am 45 years old. I am a woman. I am somewhat interested in politics.. Question: Do you think the federal government should be doing more about the opioid drug addiction issue, should be doing less, or is it currently doing the right amount?

Answer choices:
1. Should be doing more 2. Should be doing less 3. Is doing the right amount

When answering, respond ONLY with a single number that corresponds to the option you choose. Do not include any additional text, punctuation or explanation.

My answer is
",1
fake_3200,1,3,5,2,53,2,1,"Today is November 5, 2024. Racially, I am white. Ideologically, I am slightly liberal. Politically, I am an independent who leans Republican. I do not attend church. I am 53 years old. I am a woman. I am very interested in politics.. Question: Do you think the federal government should be doing more about the opioid drug addiction issue, should be doing less, or is it currently doing the right amount?

Answer choices:
1. Should be doing more 2. Should be doing less 3. Is doing the right amount

When answering, respond ONLY with a single number that corresponds to the option you choose. Do not include any additional text, punctuation or explanation.

My answer is
",1
fake_3201,1,3,3,2,36,2,2,"Today is November 5, 2024. Racially, I am white. Ideologically, I am slightly liberal. Politically, I am an independent who leans Democratic. I do not attend church. I am 36 years old. I am a woman. I am somewhat interested in politics.. Question: Do you think the federal government should be doing more about the opioid drug addiction issue, should be doing less, or is it currently doing the right amount?

Answer choices:
1. Should be doing more 2. Should be doing less 3. Is doing the right amount

When answering, respond ONLY with a single number that corresponds to the option you choose. Do not include any additional text, punctuation or explanation.

My answer is
",1
fake_3202,1,4,1,2,27,2,-7,"Today is November 5, 2024. Racially, I am white. Ideologically, I am moderate. Politically, I am a strong democrat. I do not attend church. I am 27 years old. I am a woman.. Question: Do you think the federal government should be doing more about the opioid drug addiction issue, should be doing less, or is it currently doing the right amount?

Answer choices:
1. Should be doing more 2. Should be doing less 3. Is doing the right amount

When answering, respond ONLY with a single number that corresponds to the option you choose. Do not include any additional text, punctuation or explanation.

My answer is
",1
fake_3203,1,1,3,2,28,2,3,"Today is November 5, 2024. Racially, I am white. Ideologically, I am extremely liberal. Politically, I am an independent who leans Democratic. I do not attend church. I am 28 years old. I am a woman. I am not very interested in politics.. Question: Do you think the federal government should be doing more about the opioid drug addiction issue, should be doing less, or is it currently doing the right amount?

Answer choices:
1. Should be doing more 2. Should be doing less 3. Is doing the right amount

When answering, respond ONLY with a single number that corresponds to the option you choose. Do not include any additional text, punctuation or explanation.

My answer is
",1
fake_3204,1,2,7,1,52,1,2,"Today is November 5, 2024. Racially, I am white. Ideologically, I am liberal. Politically, I am a strong Republican. I attend church. I am 52 years old. I am a man. I am somewhat interested in politics.. Question: Do you think the federal government should be doing more about the opioid drug addiction issue, should be doing less, or is it currently doing the right amount?

Answer choices:
1. Should be doing more 2. Should be doing less 3. Is doing the right amount

When answering, respond ONLY with a single number that corresponds to the option you choose. Do not include any additional text, punctuation or explanation.

My answer is
",1
fake_3205,1,99,5,-9,22,2,2,"Today is November 5, 2024. Racially, I am white. Politically, I am an independent who leans Republican. I am 22 years old. I am a woman. I am somewhat interested in politics.. Question: Do you think the federal government should be doing more about the opioid drug addiction issue, should be doing less, or is it currently doing the right amount?

Answer choices:
1. Should be doing more 2. Should be doing less 3. Is doing the right amount

When answering, respond ONLY with a single number that corresponds to the option you choose. Do not include any additional text, punctuation or explanation.

My answer is
",1
fake_3206,1,5,5,1,54,2,2,"Today is November 5, 2024. Racially, I am white. Ideologically, I am slightly conservative. Politically, I am an independent who leans Republican. I attend church. I am 54 years old. I am a woman. I am somewhat interested in politics.. Question: Do you think the federal government should be doing more about the opioid drug addiction issue, should be doing less, or is it currently doing the right amount?

Answer choices:
1. Should be doing more 2. Should be doing less 3. Is doing the right amount

When answering, respond ONLY with a single number that corresponds to the option you choose. Do not include any additional text, punctuation or explanation.

My answer is
",1
fake_3207,1,99,1,1,35,2,4,"Today is November 5, 2024. Racially, I am white. Politically, I am a strong democrat. I attend church. I am 35 years old. I am a woman. I am not at all interested in politics.. Question: Do you think the federal government should be doing more about the opioid drug addiction issue, should be doing less, or is it currently doing the right amount?

Answer choices:
1. Should be doing more 2. Should be doing less 3. Is doing the right amount

When answering, respond ONLY with a single number that corresponds to the option you choose. Do not include any additional text, punctuation or explanation.

My answer is
",1
fake_3208,1,5,1,1,72,2,-6,"Today is November 5, 2024. Racially, I am white. Ideologically, I am slightly conservative. Politically, I am a strong democrat. I attend church. I am 72 years old. I am a woman.. Question: Do you think the federal government should be doing more about the opioid drug addiction issue, should be doing less, or is it currently doing the right amount?

Answer choices:
1. Should be doing more 2. Should be doing less 3. Is doing the right amount

When answering, respond ONLY with a single number that corresponds to the option you choose. Do not include any additional text, punctuation or explanation.

My answer is
",1
fake_3209,1,6,2,2,61,2,3,"Today is November 5, 2024. Racially, I am white. Ideologically, I am conservative. Politically, I am a weak Democrat. I do not attend church. I am 61 years old. I am a woman. I am not very interested in politics.. Question: Do you think the federal government should be doing more about the opioid drug addiction issue, should be doing less, or is it currently doing the right amount?

Answer choices:
1. Should be doing more 2. Should be doing less 3. Is doing the right amount

When answering, respond ONLY with a single number that corresponds to the option you choose. Do not include any additional text, punctuation or explanation.

My answer is
",1
fake_3210,3,5,7,1,52,2,3,"Today is November 5, 2024. Racially, I am hispanic. Ideologically, I am slightly conservative. Politically, I am a strong Republican. I attend church. I am 52 years old. I am a woman. I am not very interested in politics.. Question: Do you think the federal government should be doing more about the opioid drug addiction issue, should be doing less, or is it currently doing the right amount?

Answer choices:
1. Should be doing more 2. Should be doing less 3. Is doing the right amount

When answering, respond ONLY with a single number that corresponds to the option you choose. Do not include any additional text, punctuation or explanation.

My answer is
",1
fake_3211,1,6,7,2,58,2,3,"Today is November 5, 2024. Racially, I am white. Ideologically, I am conservative. Politically, I am a strong Republican. I do not attend church. I am 58 years old. I am a woman. I am not very interested in politics.. Question: Do you think the federal government should be doing more about the opioid drug addiction issue, should be doing less, or is it currently doing the right amount?

Answer choices:
1. Should be doing more 2. Should be doing less 3. Is doing the right amount

When answering, respond ONLY with a single number that corresponds to the option you choose. Do not include any additional text, punctuation or explanation.

My answer is
",1
fake_3212,1,6,3,2,69,1,3,"Today is November 5, 2024. Racially, I am white. Ideologically, I am conservative. Politically, I am an independent who leans Democratic. I do not attend church. I am 69 years old. I am a man. I am not very interested in politics.. Question: Do you think the federal government should be doing more about the opioid drug addiction issue, should be doing less, or is it currently doing the right amount?

Answer choices:
1. Should be doing more 2. Should be doing less 3. Is doing the right amount

When answering, respond ONLY with a single number that corresponds to the option you choose. Do not include any additional text, punctuation or explanation.

My answer is
",1
fake_3213,4,4,1,1,72,2,4,"Today is November 5, 2024. Racially, I am asian. Ideologically, I am moderate. Politically, I am a strong democrat. I attend church. I am 72 years old. I am a woman. I am not at all interested in politics.. Question: Do you think the federal government should be doing more about the opioid drug addiction issue, should be doing less, or is it currently doing the right amount?

Answer choices:
1. Should be doing more 2. Should be doing less 3. Is doing the right amount

When answering, respond ONLY with a single number that corresponds to the option you choose. Do not include any additional text, punctuation or explanation.

My answer is
",1
fake_3214,1,4,7,2,35,1,2,"Today is November 5, 2024. Racially, I am white. Ideologically, I am moderate. Politically, I am a strong Republican. I do not attend church. I am 35 years old. I am a man. I am somewhat interested in politics.. Question: Do you think the federal government should be doing more about the opioid drug addiction issue, should be doing less, or is it currently doing the right amount?

Answer choices:
1. Should be doing more 2. Should be doing less 3. Is doing the right amount

When answering, respond ONLY with a single number that corresponds to the option you choose. Do not include any additional text, punctuation or explanation.

My answer is
",1
fake_3215,6,-9,7,2,21,2,1,"Today is November 5, 2024. Politically, I am a strong Republican. I do not attend church. I am 21 years old. I am a woman. I am very interested in politics.. Question: Do you think the federal government should be doing more about the opioid drug addiction issue, should be doing less, or is it currently doing the right amount?

Answer choices:
1. Should be doing more 2. Should be doing less 3. Is doing the right amount

When answering, respond ONLY with a single number that corresponds to the option you choose. Do not include any additional text, punctuation or explanation.

My answer is
",1
fake_3216,3,3,7,2,58,2,1,"Today is November 5, 2024. Racially, I am hispanic. Ideologically, I am slightly liberal. Politically, I am a strong Republican. I do not attend church. I am 58 years old. I am a woman. I am very interested in politics.. Question: Do you think the federal government should be doing more about the opioid drug addiction issue, should be doing less, or is it currently doing the right amount?

Answer choices:
1. Should be doing more 2. Should be doing less 3. Is doing the right amount

When answering, respond ONLY with a single number that corresponds to the option you choose. Do not include any additional text, punctuation or explanation.

My answer is
",1
fake_3217,1,3,6,2,46,2,2,"Today is November 5, 2024. Racially, I am white. Ideologically, I am slightly liberal. Politically, I am a weak Republican. I do not attend church. I am 46 years old. I am a woman. I am somewhat interested in politics.. Question: Do you think the federal government should be doing more about the opioid drug addiction issue, should be doing less, or is it currently doing the right amount?

Answer choices:
1. Should be doing more 2. Should be doing less 3. Is doing the right amount

When answering, respond ONLY with a single number that corresponds to the option you choose. Do not include any additional text, punctuation or explanation.

My answer is
",1
fake_3218,1,2,2,2,56,2,2,"Today is November 5, 2024. Racially, I am white. Ideologically, I am liberal. Politically, I am a weak Democrat. I do not attend church. I am 56 years old. I am a woman. I am somewhat interested in politics.. Question: Do you think the federal government should be doing more about the opioid drug addiction issue, should be doing less, or is it currently doing the right amount?

Answer choices:
1. Should be doing more 2. Should be doing less 3. Is doing the right amount

When answering, respond ONLY with a single number that corresponds to the option you choose. Do not include any additional text, punctuation or explanation.

My answer is
",1
fake_3219,1,6,6,-1,66,1,1,"Today is November 5, 2024. Racially, I am white. Ideologically, I am conservative. Politically, I am a weak Republican. I am 66 years old. I am a man. I am very interested in politics.. Question: Do you think the federal government should be doing more about the opioid drug addiction issue, should be doing less, or is it currently doing the right amount?

Answer choices:
1. Should be doing more 2. Should be doing less 3. Is doing the right amount

When answering, respond ONLY with a single number that corresponds to the option you choose. Do not include any additional text, punctuation or explanation.

My answer is
",1
fake_3220,1,6,2,1,43,1,1,"Today is November 5, 2024. Racially, I am white. Ideologically, I am conservative. Politically, I am a weak Democrat. I attend church. I am 43 years old. I am a man. I am very interested in politics.. Question: Do you think the federal government should be doing more about the opioid drug addiction issue, should be doing less, or is it currently doing the right amount?

Answer choices:
1. Should be doing more 2. Should be doing less 3. Is doing the right amount

When answering, respond ONLY with a single number that corresponds to the option you choose. Do not include any additional text, punctuation or explanation.

My answer is
",1
fake_3221,1,-9,1,1,73,1,2,"Today is November 5, 2024. Racially, I am white. Politically, I am a strong democrat. I attend church. I am 73 years old. I am a man. I am somewhat interested in politics.. Question: Do you think the federal government should be doing more about the opioid drug addiction issue, should be doing less, or is it currently doing the right amount?

Answer choices:
1. Should be doing more 2. Should be doing less 3. Is doing the right amount

When answering, respond ONLY with a single number that corresponds to the option you choose. Do not include any additional text, punctuation or explanation.

My answer is
",1
fake_3222,1,4,2,1,80,1,2,"Today is November 5, 2024. Racially, I am white. Ideologically, I am moderate. Politically, I am a weak Democrat. I attend church. I am 80 years old. I am a man. I am somewhat interested in politics.. Question: Do you think the federal government should be doing more about the opioid drug addiction issue, should be doing less, or is it currently doing the right amount?

Answer choices:
1. Should be doing more 2. Should be doing less 3. Is doing the right amount

When answering, respond ONLY with a single number that corresponds to the option you choose. Do not include any additional text, punctuation or explanation.

My answer is
",1
fake_3223,2,3,5,1,63,2,2,"Today is November 5, 2024. Racially, I am black. Ideologically, I am slightly liberal. Politically, I am an independent who leans Republican. I attend church. I am 63 years old. I am a woman. I am somewhat interested in politics.. Question: Do you think the federal government should be doing more about the opioid drug addiction issue, should be doing less, or is it currently doing the right amount?

Answer choices:
1. Should be doing more 2. Should be doing less 3. Is doing the right amount

When answering, respond ONLY with a single number that corresponds to the option you choose. Do not include any additional text, punctuation or explanation.

My answer is
",1
fake_3224,1,6,4,1,50,1,2,"Today is November 5, 2024. Racially, I am white. Ideologically, I am conservative. Politically, I am an independent. I attend church. I am 50 years old. I am a man. I am somewhat interested in politics.. Question: Do you think the federal government should be doing more about the opioid drug addiction issue, should be doing less, or is it currently doing the right amount?

Answer choices:
1. Should be doing more 2. Should be doing less 3. Is doing the right amount

When answering, respond ONLY with a single number that corresponds to the option you choose. Do not include any additional text, punctuation or explanation.

My answer is
",1
fake_3225,1,3,3,2,25,1,2,"Today is November 5, 2024. Racially, I am white. Ideologically, I am slightly liberal. Politically, I am an independent who leans Democratic. I do not attend church. I am 25 years old. I am a man. I am somewhat interested in politics.. Question: Do you think the federal government should be doing more about the opioid drug addiction issue, should be doing less, or is it currently doing the right amount?

Answer choices:
1. Should be doing more 2. Should be doing less 3. Is doing the right amount

When answering, respond ONLY with a single number that corresponds to the option you choose. Do not include any additional text, punctuation or explanation.

My answer is
",1
fake_3226,1,6,7,2,61,1,-6,"Today is November 5, 2024. Racially, I am white. Ideologically, I am conservative. Politically, I am a strong Republican. I do not attend church. I am 61 years old. I am a man.. Question: Do you think the federal government should be doing more about the opioid drug addiction issue, should be doing less, or is it currently doing the right amount?

Answer choices:
1. Should be doing more 2. Should be doing less 3. Is doing the right amount

When answering, respond ONLY with a single number that corresponds to the option you choose. Do not include any additional text, punctuation or explanation.

My answer is
",1
fake_3227,1,6,7,1,39,1,-6,"Today is November 5, 2024. Racially, I am white. Ideologically, I am conservative. Politically, I am a strong Republican. I attend church. I am 39 years old. I am a man.. Question: Do you think the federal government should be doing more about the opioid drug addiction issue, should be doing less, or is it currently doing the right amount?

Answer choices:
1. Should be doing more 2. Should be doing less 3. Is doing the right amount

When answering, respond ONLY with a single number that corresponds to the option you choose. Do not include any additional text, punctuation or explanation.

My answer is
",1
fake_3228,1,6,6,1,-2,1,3,"Today is November 5, 2024. Racially, I am white. Ideologically, I am conservative. Politically, I am a weak Republican. I attend church. I am a man. I am not very interested in politics.. Question: Do you think the federal government should be doing more about the opioid drug addiction issue, should be doing less, or is it currently doing the right amount?

Answer choices:
1. Should be doing more 2. Should be doing less 3. Is doing the right amount

When answering, respond ONLY with a single number that corresponds to the option you choose. Do not include any additional text, punctuation or explanation.

My answer is
",1
fake_3229,1,4,1,1,68,2,2,"Today is November 5, 2024. Racially, I am white. Ideologically, I am moderate. Politically, I am a strong democrat. I attend church. I am 68 years old. I am a woman. I am somewhat interested in politics.. Question: Do you think the federal government should be doing more about the opioid drug addiction issue, should be doing less, or is it currently doing the right amount?

Answer choices:
1. Should be doing more 2. Should be doing less 3. Is doing the right amount

When answering, respond ONLY with a single number that corresponds to the option you choose. Do not include any additional text, punctuation or explanation.

My answer is
",1
fake_3230,1,3,7,1,65,2,1,"Today is November 5, 2024. Racially, I am white. Ideologically, I am slightly liberal. Politically, I am a strong Republican. I attend church. I am 65 years old. I am a woman. I am very interested in politics.. Question: Do you think the federal government should be doing more about the opioid drug addiction issue, should be doing less, or is it currently doing the right amount?

Answer choices:
1. Should be doing more 2. Should be doing less 3. Is doing the right amount

When answering, respond ONLY with a single number that corresponds to the option you choose. Do not include any additional text, punctuation or explanation.

My answer is
",1
fake_3231,1,2,1,2,36,1,2,"Today is November 5, 2024. Racially, I am white. Ideologically, I am liberal. Politically, I am a strong democrat. I do not attend church. I am 36 years old. I am a man. I am somewhat interested in politics.. Question: Do you think the federal government should be doing more about the opioid drug addiction issue, should be doing less, or is it currently doing the right amount?

Answer choices:
1. Should be doing more 2. Should be doing less 3. Is doing the right amount

When answering, respond ONLY with a single number that corresponds to the option you choose. Do not include any additional text, punctuation or explanation.

My answer is
",1
fake_3232,1,6,1,2,58,2,3,"Today is November 5, 2024. Racially, I am white. Ideologically, I am conservative. Politically, I am a strong democrat. I do not attend church. I am 58 years old. I am a woman. I am not very interested in politics.. Question: Do you think the federal government should be doing more about the opioid drug addiction issue, should be doing less, or is it currently doing the right amount?

Answer choices:
1. Should be doing more 2. Should be doing less 3. Is doing the right amount

When answering, respond ONLY with a single number that corresponds to the option you choose. Do not include any additional text, punctuation or explanation.

My answer is
",1
fake_3233,1,5,5,1,77,1,2,"Today is November 5, 2024. Racially, I am white. Ideologically, I am slightly conservative. Politically, I am an independent who leans Republican. I attend church. I am 77 years old. I am a man. I am somewhat interested in politics.. Question: Do you think the federal government should be doing more about the opioid drug addiction issue, should be doing less, or is it currently doing the right amount?

Answer choices:
1. Should be doing more 2. Should be doing less 3. Is doing the right amount

When answering, respond ONLY with a single number that corresponds to the option you choose. Do not include any additional text, punctuation or explanation.

My answer is
",1
fake_3234,3,2,7,1,35,2,3,"Today is November 5, 2024. Racially, I am hispanic. Ideologically, I am liberal. Politically, I am a strong Republican. I attend church. I am 35 years old. I am a woman. I am not very interested in politics.. Question: Do you think the federal government should be doing more about the opioid drug addiction issue, should be doing less, or is it currently doing the right amount?

Answer choices:
1. Should be doing more 2. Should be doing less 3. Is doing the right amount

When answering, respond ONLY with a single number that corresponds to the option you choose. Do not include any additional text, punctuation or explanation.

My answer is
",1
fake_3235,3,3,1,2,72,1,-6,"Today is November 5, 2024. Racially, I am hispanic. Ideologically, I am slightly liberal. Politically, I am a strong democrat. I do not attend church. I am 72 years old. I am a man.. Question: Do you think the federal government should be doing more about the opioid drug addiction issue, should be doing less, or is it currently doing the right amount?

Answer choices:
1. Should be doing more 2. Should be doing less 3. Is doing the right amount

When answering, respond ONLY with a single number that corresponds to the option you choose. Do not include any additional text, punctuation or explanation.

My answer is
",1
fake_3236,1,6,5,2,49,2,2,"Today is November 5, 2024. Racially, I am white. Ideologically, I am conservative. Politically, I am an independent who leans Republican. I do not attend church. I am 49 years old. I am a woman. I am somewhat interested in politics.. Question: Do you think the federal government should be doing more about the opioid drug addiction issue, should be doing less, or is it currently doing the right amount?

Answer choices:
1. Should be doing more 2. Should be doing less 3. Is doing the right amount

When answering, respond ONLY with a single number that corresponds to the option you choose. Do not include any additional text, punctuation or explanation.

My answer is
",1
fake_3237,3,4,1,-1,64,1,1,"Today is November 5, 2024. Racially, I am hispanic. Ideologically, I am moderate. Politically, I am a strong democrat. I am 64 years old. I am a man. I am very interested in politics.. Question: Do you think the federal government should be doing more about the opioid drug addiction issue, should be doing less, or is it currently doing the right amount?

Answer choices:
1. Should be doing more 2. Should be doing less 3. Is doing the right amount

When answering, respond ONLY with a single number that corresponds to the option you choose. Do not include any additional text, punctuation or explanation.

My answer is
",1
fake_3238,2,4,6,2,80,1,3,"Today is November 5, 2024. Racially, I am black. Ideologically, I am moderate. Politically, I am a weak Republican. I do not attend church. I am 80 years old. I am a man. I am not very interested in politics.. Question: Do you think the federal government should be doing more about the opioid drug addiction issue, should be doing less, or is it currently doing the right amount?

Answer choices:
1. Should be doing more 2. Should be doing less 3. Is doing the right amount

When answering, respond ONLY with a single number that corresponds to the option you choose. Do not include any additional text, punctuation or explanation.

My answer is
",1
fake_3239,2,4,1,1,60,2,3,"Today is November 5, 2024. Racially, I am black. Ideologically, I am moderate. Politically, I am a strong democrat. I attend church. I am 60 years old. I am a woman. I am not very interested in politics.. Question: Do you think the federal government should be doing more about the opioid drug addiction issue, should be doing less, or is it currently doing the right amount?

Answer choices:
1. Should be doing more 2. Should be doing less 3. Is doing the right amount

When answering, respond ONLY with a single number that corresponds to the option you choose. Do not include any additional text, punctuation or explanation.

My answer is
",1
fake_3240,1,4,1,2,35,1,1,"Today is November 5, 2024. Racially, I am white. Ideologically, I am moderate. Politically, I am a strong democrat. I do not attend church. I am 35 years old. I am a man. I am very interested in politics.. Question: Do you think the federal government should be doing more about the opioid drug addiction issue, should be doing less, or is it currently doing the right amount?

Answer choices:
1. Should be doing more 2. Should be doing less 3. Is doing the right amount

When answering, respond ONLY with a single number that corresponds to the option you choose. Do not include any additional text, punctuation or explanation.

My answer is
",1
fake_3241,1,3,3,1,80,1,-7,"Today is November 5, 2024. Racially, I am white. Ideologically, I am slightly liberal. Politically, I am an independent who leans Democratic. I attend church. I am 80 years old. I am a man.. Question: Do you think the federal government should be doing more about the opioid drug addiction issue, should be doing less, or is it currently doing the right amount?

Answer choices:
1. Should be doing more 2. Should be doing less 3. Is doing the right amount

When answering, respond ONLY with a single number that corresponds to the option you choose. Do not include any additional text, punctuation or explanation.

My answer is
",1
fake_3242,1,6,5,1,75,2,2,"Today is November 5, 2024. Racially, I am white. Ideologically, I am conservative. Politically, I am an independent who leans Republican. I attend church. I am 75 years old. I am a woman. I am somewhat interested in politics.. Question: Do you think the federal government should be doing more about the opioid drug addiction issue, should be doing less, or is it currently doing the right amount?

Answer choices:
1. Should be doing more 2. Should be doing less 3. Is doing the right amount

When answering, respond ONLY with a single number that corresponds to the option you choose. Do not include any additional text, punctuation or explanation.

My answer is
",1
fake_3243,1,99,1,1,58,1,2,"Today is November 5, 2024. Racially, I am white. Politically, I am a strong democrat. I attend church. I am 58 years old. I am a man. I am somewhat interested in politics.. Question: Do you think the federal government should be doing more about the opioid drug addiction issue, should be doing less, or is it currently doing the right amount?

Answer choices:
1. Should be doing more 2. Should be doing less 3. Is doing the right amount

When answering, respond ONLY with a single number that corresponds to the option you choose. Do not include any additional text, punctuation or explanation.

My answer is
",1
fake_3244,1,3,4,2,73,1,4,"Today is November 5, 2024. Racially, I am white. Ideologically, I am slightly liberal. Politically, I am an independent. I do not attend church. I am 73 years old. I am a man. I am not at all interested in politics.. Question: Do you think the federal government should be doing more about the opioid drug addiction issue, should be doing less, or is it currently doing the right amount?

Answer choices:
1. Should be doing more 2. Should be doing less 3. Is doing the right amount

When answering, respond ONLY with a single number that corresponds to the option you choose. Do not include any additional text, punctuation or explanation.

My answer is
",1
fake_3245,1,2,5,1,66,1,3,"Today is November 5, 2024. Racially, I am white. Ideologically, I am liberal. Politically, I am an independent who leans Republican. I attend church. I am 66 years old. I am a man. I am not very interested in politics.. Question: Do you think the federal government should be doing more about the opioid drug addiction issue, should be doing less, or is it currently doing the right amount?

Answer choices:
1. Should be doing more 2. Should be doing less 3. Is doing the right amount

When answering, respond ONLY with a single number that corresponds to the option you choose. Do not include any additional text, punctuation or explanation.

My answer is
",1
fake_3246,2,99,1,2,54,1,3,"Today is November 5, 2024. Racially, I am black. Politically, I am a strong democrat. I do not attend church. I am 54 years old. I am a man. I am not very interested in politics.. Question: Do you think the federal government should be doing more about the opioid drug addiction issue, should be doing less, or is it currently doing the right amount?

Answer choices:
1. Should be doing more 2. Should be doing less 3. Is doing the right amount

When answering, respond ONLY with a single number that corresponds to the option you choose. Do not include any additional text, punctuation or explanation.

My answer is
",1
fake_3247,2,2,1,2,77,1,1,"Today is November 5, 2024. Racially, I am black. Ideologically, I am liberal. Politically, I am a strong democrat. I do not attend church. I am 77 years old. I am a man. I am very interested in politics.. Question: Do you think the federal government should be doing more about the opioid drug addiction issue, should be doing less, or is it currently doing the right amount?

Answer choices:
1. Should be doing more 2. Should be doing less 3. Is doing the right amount

When answering, respond ONLY with a single number that corresponds to the option you choose. Do not include any additional text, punctuation or explanation.

My answer is
",1
fake_3248,1,5,1,2,27,1,2,"Today is November 5, 2024. Racially, I am white. Ideologically, I am slightly conservative. Politically, I am a strong democrat. I do not attend church. I am 27 years old. I am a man. I am somewhat interested in politics.. Question: Do you think the federal government should be doing more about the opioid drug addiction issue, should be doing less, or is it currently doing the right amount?

Answer choices:
1. Should be doing more 2. Should be doing less 3. Is doing the right amount

When answering, respond ONLY with a single number that corresponds to the option you choose. Do not include any additional text, punctuation or explanation.

My answer is
",1
fake_3249,6,4,7,-1,38,1,-6,"Today is November 5, 2024. Ideologically, I am moderate. Politically, I am a strong Republican. I am 38 years old. I am a man.. Question: Do you think the federal government should be doing more about the opioid drug addiction issue, should be doing less, or is it currently doing the right amount?

Answer choices:
1. Should be doing more 2. Should be doing less 3. Is doing the right amount

When answering, respond ONLY with a single number that corresponds to the option you choose. Do not include any additional text, punctuation or explanation.

My answer is
",1
fake_3250,2,4,1,2,79,2,2,"Today is November 5, 2024. Racially, I am black. Ideologically, I am moderate. Politically, I am a strong democrat. I do not attend church. I am 79 years old. I am a woman. I am somewhat interested in politics.. Question: Do you think the federal government should be doing more about the opioid drug addiction issue, should be doing less, or is it currently doing the right amount?

Answer choices:
1. Should be doing more 2. Should be doing less 3. Is doing the right amount

When answering, respond ONLY with a single number that corresponds to the option you choose. Do not include any additional text, punctuation or explanation.

My answer is
",1
fake_3251,1,6,1,2,32,2,1,"Today is November 5, 2024. Racially, I am white. Ideologically, I am conservative. Politically, I am a strong democrat. I do not attend church. I am 32 years old. I am a woman. I am very interested in politics.. Question: Do you think the federal government should be doing more about the opioid drug addiction issue, should be doing less, or is it currently doing the right amount?

Answer choices:
1. Should be doing more 2. Should be doing less 3. Is doing the right amount

When answering, respond ONLY with a single number that corresponds to the option you choose. Do not include any additional text, punctuation or explanation.

My answer is
",1
fake_3252,1,1,5,1,71,2,2,"Today is November 5, 2024. Racially, I am white. Ideologically, I am extremely liberal. Politically, I am an independent who leans Republican. I attend church. I am 71 years old. I am a woman. I am somewhat interested in politics.. Question: Do you think the federal government should be doing more about the opioid drug addiction issue, should be doing less, or is it currently doing the right amount?

Answer choices:
1. Should be doing more 2. Should be doing less 3. Is doing the right amount

When answering, respond ONLY with a single number that corresponds to the option you choose. Do not include any additional text, punctuation or explanation.

My answer is
",1
fake_3253,3,6,2,1,65,1,3,"Today is November 5, 2024. Racially, I am hispanic. Ideologically, I am conservative. Politically, I am a weak Democrat. I attend church. I am 65 years old. I am a man. I am not very interested in politics.. Question: Do you think the federal government should be doing more about the opioid drug addiction issue, should be doing less, or is it currently doing the right amount?

Answer choices:
1. Should be doing more 2. Should be doing less 3. Is doing the right amount

When answering, respond ONLY with a single number that corresponds to the option you choose. Do not include any additional text, punctuation or explanation.

My answer is
",1
fake_3254,1,99,3,2,31,1,3,"Today is November 5, 2024. Racially, I am white. Politically, I am an independent who leans Democratic. I do not attend church. I am 31 years old. I am a man. I am not very interested in politics.. Question: Do you think the federal government should be doing more about the opioid drug addiction issue, should be doing less, or is it currently doing the right amount?

Answer choices:
1. Should be doing more 2. Should be doing less 3. Is doing the right amount

When answering, respond ONLY with a single number that corresponds to the option you choose. Do not include any additional text, punctuation or explanation.

My answer is
",1
fake_3255,3,5,7,-1,58,2,4,"Today is November 5, 2024. Racially, I am hispanic. Ideologically, I am slightly conservative. Politically, I am a strong Republican. I am 58 years old. I am a woman. I am not at all interested in politics.. Question: Do you think the federal government should be doing more about the opioid drug addiction issue, should be doing less, or is it currently doing the right amount?

Answer choices:
1. Should be doing more 2. Should be doing less 3. Is doing the right amount

When answering, respond ONLY with a single number that corresponds to the option you choose. Do not include any additional text, punctuation or explanation.

My answer is
",1
fake_3256,1,6,7,1,41,2,-6,"Today is November 5, 2024. Racially, I am white. Ideologically, I am conservative. Politically, I am a strong Republican. I attend church. I am 41 years old. I am a woman.. Question: Do you think the federal government should be doing more about the opioid drug addiction issue, should be doing less, or is it currently doing the right amount?

Answer choices:
1. Should be doing more 2. Should be doing less 3. Is doing the right amount

When answering, respond ONLY with a single number that corresponds to the option you choose. Do not include any additional text, punctuation or explanation.

My answer is
",1
fake_3257,1,2,6,2,32,1,2,"Today is November 5, 2024. Racially, I am white. Ideologically, I am liberal. Politically, I am a weak Republican. I do not attend church. I am 32 years old. I am a man. I am somewhat interested in politics.. Question: Do you think the federal government should be doing more about the opioid drug addiction issue, should be doing less, or is it currently doing the right amount?

Answer choices:
1. Should be doing more 2. Should be doing less 3. Is doing the right amount

When answering, respond ONLY with a single number that corresponds to the option you choose. Do not include any additional text, punctuation or explanation.

My answer is
",1
fake_3258,1,6,7,2,75,2,2,"Today is November 5, 2024. Racially, I am white. Ideologically, I am conservative. Politically, I am a strong Republican. I do not attend church. I am 75 years old. I am a woman. I am somewhat interested in politics.. Question: Do you think the federal government should be doing more about the opioid drug addiction issue, should be doing less, or is it currently doing the right amount?

Answer choices:
1. Should be doing more 2. Should be doing less 3. Is doing the right amount

When answering, respond ONLY with a single number that corresponds to the option you choose. Do not include any additional text, punctuation or explanation.

My answer is
",1
fake_3259,1,2,5,1,60,1,2,"Today is November 5, 2024. Racially, I am white. Ideologically, I am liberal. Politically, I am an independent who leans Republican. I attend church. I am 60 years old. I am a man. I am somewhat interested in politics.. Question: Do you think the federal government should be doing more about the opioid drug addiction issue, should be doing less, or is it currently doing the right amount?

Answer choices:
1. Should be doing more 2. Should be doing less 3. Is doing the right amount

When answering, respond ONLY with a single number that corresponds to the option you choose. Do not include any additional text, punctuation or explanation.

My answer is
",1
fake_3260,3,4,6,2,80,1,2,"Today is November 5, 2024. Racially, I am hispanic. Ideologically, I am moderate. Politically, I am a weak Republican. I do not attend church. I am 80 years old. I am a man. I am somewhat interested in politics.. Question: Do you think the federal government should be doing more about the opioid drug addiction issue, should be doing less, or is it currently doing the right amount?

Answer choices:
1. Should be doing more 2. Should be doing less 3. Is doing the right amount

When answering, respond ONLY with a single number that corresponds to the option you choose. Do not include any additional text, punctuation or explanation.

My answer is
",1
fake_3261,1,3,7,2,50,1,2,"Today is November 5, 2024. Racially, I am white. Ideologically, I am slightly liberal. Politically, I am a strong Republican. I do not attend church. I am 50 years old. I am a man. I am somewhat interested in politics.. Question: Do you think the federal government should be doing more about the opioid drug addiction issue, should be doing less, or is it currently doing the right amount?

Answer choices:
1. Should be doing more 2. Should be doing less 3. Is doing the right amount

When answering, respond ONLY with a single number that corresponds to the option you choose. Do not include any additional text, punctuation or explanation.

My answer is
",1
fake_3262,3,3,4,2,79,2,1,"Today is November 5, 2024. Racially, I am hispanic. Ideologically, I am slightly liberal. Politically, I am an independent. I do not attend church. I am 79 years old. I am a woman. I am very interested in politics.. Question: Do you think the federal government should be doing more about the opioid drug addiction issue, should be doing less, or is it currently doing the right amount?

Answer choices:
1. Should be doing more 2. Should be doing less 3. Is doing the right amount

When answering, respond ONLY with a single number that corresponds to the option you choose. Do not include any additional text, punctuation or explanation.

My answer is
",1
fake_3263,1,2,5,2,37,2,-7,"Today is November 5, 2024. Racially, I am white. Ideologically, I am liberal. Politically, I am an independent who leans Republican. I do not attend church. I am 37 years old. I am a woman.. Question: Do you think the federal government should be doing more about the opioid drug addiction issue, should be doing less, or is it currently doing the right amount?

Answer choices:
1. Should be doing more 2. Should be doing less 3. Is doing the right amount

When answering, respond ONLY with a single number that corresponds to the option you choose. Do not include any additional text, punctuation or explanation.

My answer is
",1
fake_3264,-9,2,2,1,-2,2,2,"Today is November 5, 2024. Ideologically, I am liberal. Politically, I am a weak Democrat. I attend church. I am a woman. I am somewhat interested in politics.. Question: Do you think the federal government should be doing more about the opioid drug addiction issue, should be doing less, or is it currently doing the right amount?

Answer choices:
1. Should be doing more 2. Should be doing less 3. Is doing the right amount

When answering, respond ONLY with a single number that corresponds to the option you choose. Do not include any additional text, punctuation or explanation.

My answer is
",1
fake_3265,1,99,7,-1,39,2,1,"Today is November 5, 2024. Racially, I am white. Politically, I am a strong Republican. I am 39 years old. I am a woman. I am very interested in politics.. Question: Do you think the federal government should be doing more about the opioid drug addiction issue, should be doing less, or is it currently doing the right amount?

Answer choices:
1. Should be doing more 2. Should be doing less 3. Is doing the right amount

When answering, respond ONLY with a single number that corresponds to the option you choose. Do not include any additional text, punctuation or explanation.

My answer is
",1
fake_3266,1,4,1,1,34,2,-6,"Today is November 5, 2024. Racially, I am white. Ideologically, I am moderate. Politically, I am a strong democrat. I attend church. I am 34 years old. I am a woman.. Question: Do you think the federal government should be doing more about the opioid drug addiction issue, should be doing less, or is it currently doing the right amount?

Answer choices:
1. Should be doing more 2. Should be doing less 3. Is doing the right amount

When answering, respond ONLY with a single number that corresponds to the option you choose. Do not include any additional text, punctuation or explanation.

My answer is
",1
fake_3267,6,4,1,1,80,1,3,"Today is November 5, 2024. Ideologically, I am moderate. Politically, I am a strong democrat. I attend church. I am 80 years old. I am a man. I am not very interested in politics.. Question: Do you think the federal government should be doing more about the opioid drug addiction issue, should be doing less, or is it currently doing the right amount?

Answer choices:
1. Should be doing more 2. Should be doing less 3. Is doing the right amount

When answering, respond ONLY with a single number that corresponds to the option you choose. Do not include any additional text, punctuation or explanation.

My answer is
",1
fake_3268,1,6,3,1,-2,2,-6,"Today is November 5, 2024. Racially, I am white. Ideologically, I am conservative. Politically, I am an independent who leans Democratic. I attend church. I am a woman.. Question: Do you think the federal government should be doing more about the opioid drug addiction issue, should be doing less, or is it currently doing the right amount?

Answer choices:
1. Should be doing more 2. Should be doing less 3. Is doing the right amount

When answering, respond ONLY with a single number that corresponds to the option you choose. Do not include any additional text, punctuation or explanation.

My answer is
",1
fake_3269,1,4,1,1,78,2,3,"Today is November 5, 2024. Racially, I am white. Ideologically, I am moderate. Politically, I am a strong democrat. I attend church. I am 78 years old. I am a woman. I am not very interested in politics.. Question: Do you think the federal government should be doing more about the opioid drug addiction issue, should be doing less, or is it currently doing the right amount?

Answer choices:
1. Should be doing more 2. Should be doing less 3. Is doing the right amount

When answering, respond ONLY with a single number that corresponds to the option you choose. Do not include any additional text, punctuation or explanation.

My answer is
",1
fake_3270,1,4,3,1,50,2,2,"Today is November 5, 2024. Racially, I am white. Ideologically, I am moderate. Politically, I am an independent who leans Democratic. I attend church. I am 50 years old. I am a woman. I am somewhat interested in politics.. Question: Do you think the federal government should be doing more about the opioid drug addiction issue, should be doing less, or is it currently doing the right amount?

Answer choices:
1. Should be doing more 2. Should be doing less 3. Is doing the right amount

When answering, respond ONLY with a single number that corresponds to the option you choose. Do not include any additional text, punctuation or explanation.

My answer is
",1
fake_3271,6,4,4,2,53,1,4,"Today is November 5, 2024. Ideologically, I am moderate. Politically, I am an independent. I do not attend church. I am 53 years old. I am a man. I am not at all interested in politics.. Question: Do you think the federal government should be doing more about the opioid drug addiction issue, should be doing less, or is it currently doing the right amount?

Answer choices:
1. Should be doing more 2. Should be doing less 3. Is doing the right amount

When answering, respond ONLY with a single number that corresponds to the option you choose. Do not include any additional text, punctuation or explanation.

My answer is
",1
fake_3272,1,3,5,2,38,1,4,"Today is November 5, 2024. Racially, I am white. Ideologically, I am slightly liberal. Politically, I am an independent who leans Republican. I do not attend church. I am 38 years old. I am a man. I am not at all interested in politics.. Question: Do you think the federal government should be doing more about the opioid drug addiction issue, should be doing less, or is it currently doing the right amount?

Answer choices:
1. Should be doing more 2. Should be doing less 3. Is doing the right amount

When answering, respond ONLY with a single number that corresponds to the option you choose. Do not include any additional text, punctuation or explanation.

My answer is
",1
fake_3273,1,3,2,-1,78,1,1,"Today is November 5, 2024. Racially, I am white. Ideologically, I am slightly liberal. Politically, I am a weak Democrat. I am 78 years old. I am a man. I am very interested in politics.. Question: Do you think the federal government should be doing more about the opioid drug addiction issue, should be doing less, or is it currently doing the right amount?

Answer choices:
1. Should be doing more 2. Should be doing less 3. Is doing the right amount

When answering, respond ONLY with a single number that corresponds to the option you choose. Do not include any additional text, punctuation or explanation.

My answer is
",1
fake_3274,1,99,1,2,72,1,3,"Today is November 5, 2024. Racially, I am white. Politically, I am a strong democrat. I do not attend church. I am 72 years old. I am a man. I am not very interested in politics.. Question: Do you think the federal government should be doing more about the opioid drug addiction issue, should be doing less, or is it currently doing the right amount?

Answer choices:
1. Should be doing more 2. Should be doing less 3. Is doing the right amount

When answering, respond ONLY with a single number that corresponds to the option you choose. Do not include any additional text, punctuation or explanation.

My answer is
",1
fake_3275,1,99,4,2,32,1,2,"Today is November 5, 2024. Racially, I am white. Politically, I am an independent. I do not attend church. I am 32 years old. I am a man. I am somewhat interested in politics.. Question: Do you think the federal government should be doing more about the opioid drug addiction issue, should be doing less, or is it currently doing the right amount?

Answer choices:
1. Should be doing more 2. Should be doing less 3. Is doing the right amount

When answering, respond ONLY with a single number that corresponds to the option you choose. Do not include any additional text, punctuation or explanation.

My answer is
",1
fake_3276,1,6,5,2,40,1,2,"Today is November 5, 2024. Racially, I am white. Ideologically, I am conservative. Politically, I am an independent who leans Republican. I do not attend church. I am 40 years old. I am a man. I am somewhat interested in politics.. Question: Do you think the federal government should be doing more about the opioid drug addiction issue, should be doing less, or is it currently doing the right amount?

Answer choices:
1. Should be doing more 2. Should be doing less 3. Is doing the right amount

When answering, respond ONLY with a single number that corresponds to the option you choose. Do not include any additional text, punctuation or explanation.

My answer is
",1
fake_3277,1,3,4,1,-2,1,1,"Today is November 5, 2024. Racially, I am white. Ideologically, I am slightly liberal. Politically, I am an independent. I attend church. I am a man. I am very interested in politics.. Question: Do you think the federal government should be doing more about the opioid drug addiction issue, should be doing less, or is it currently doing the right amount?

Answer choices:
1. Should be doing more 2. Should be doing less 3. Is doing the right amount

When answering, respond ONLY with a single number that corresponds to the option you choose. Do not include any additional text, punctuation or explanation.

My answer is
",1
fake_3278,1,4,7,1,48,1,2,"Today is November 5, 2024. Racially, I am white. Ideologically, I am moderate. Politically, I am a strong Republican. I attend church. I am 48 years old. I am a man. I am somewhat interested in politics.. Question: Do you think the federal government should be doing more about the opioid drug addiction issue, should be doing less, or is it currently doing the right amount?

Answer choices:
1. Should be doing more 2. Should be doing less 3. Is doing the right amount

When answering, respond ONLY with a single number that corresponds to the option you choose. Do not include any additional text, punctuation or explanation.

My answer is
",1
fake_3279,1,99,3,2,56,2,4,"Today is November 5, 2024. Racially, I am white. Politically, I am an independent who leans Democratic. I do not attend church. I am 56 years old. I am a woman. I am not at all interested in politics.. Question: Do you think the federal government should be doing more about the opioid drug addiction issue, should be doing less, or is it currently doing the right amount?

Answer choices:
1. Should be doing more 2. Should be doing less 3. Is doing the right amount

When answering, respond ONLY with a single number that corresponds to the option you choose. Do not include any additional text, punctuation or explanation.

My answer is
",1
fake_3280,1,6,5,2,39,1,3,"Today is November 5, 2024. Racially, I am white. Ideologically, I am conservative. Politically, I am an independent who leans Republican. I do not attend church. I am 39 years old. I am a man. I am not very interested in politics.. Question: Do you think the federal government should be doing more about the opioid drug addiction issue, should be doing less, or is it currently doing the right amount?

Answer choices:
1. Should be doing more 2. Should be doing less 3. Is doing the right amount

When answering, respond ONLY with a single number that corresponds to the option you choose. Do not include any additional text, punctuation or explanation.

My answer is
",1
fake_3281,2,2,1,2,36,1,1,"Today is November 5, 2024. Racially, I am black. Ideologically, I am liberal. Politically, I am a strong democrat. I do not attend church. I am 36 years old. I am a man. I am very interested in politics.. Question: Do you think the federal government should be doing more about the opioid drug addiction issue, should be doing less, or is it currently doing the right amount?

Answer choices:
1. Should be doing more 2. Should be doing less 3. Is doing the right amount

When answering, respond ONLY with a single number that corresponds to the option you choose. Do not include any additional text, punctuation or explanation.

My answer is
",1
fake_3282,6,4,5,1,49,2,3,"Today is November 5, 2024. Ideologically, I am moderate. Politically, I am an independent who leans Republican. I attend church. I am 49 years old. I am a woman. I am not very interested in politics.. Question: Do you think the federal government should be doing more about the opioid drug addiction issue, should be doing less, or is it currently doing the right amount?

Answer choices:
1. Should be doing more 2. Should be doing less 3. Is doing the right amount

When answering, respond ONLY with a single number that corresponds to the option you choose. Do not include any additional text, punctuation or explanation.

My answer is
",1
fake_3283,1,2,4,1,56,2,2,"Today is November 5, 2024. Racially, I am white. Ideologically, I am liberal. Politically, I am an independent. I attend church. I am 56 years old. I am a woman. I am somewhat interested in politics.. Question: Do you think the federal government should be doing more about the opioid drug addiction issue, should be doing less, or is it currently doing the right amount?

Answer choices:
1. Should be doing more 2. Should be doing less 3. Is doing the right amount

When answering, respond ONLY with a single number that corresponds to the option you choose. Do not include any additional text, punctuation or explanation.

My answer is
",1
fake_3284,1,6,7,1,80,2,1,"Today is November 5, 2024. Racially, I am white. Ideologically, I am conservative. Politically, I am a strong Republican. I attend church. I am 80 years old. I am a woman. I am very interested in politics.. Question: Do you think the federal government should be doing more about the opioid drug addiction issue, should be doing less, or is it currently doing the right amount?

Answer choices:
1. Should be doing more 2. Should be doing less 3. Is doing the right amount

When answering, respond ONLY with a single number that corresponds to the option you choose. Do not include any additional text, punctuation or explanation.

My answer is
",1
fake_3285,6,4,1,1,38,2,1,"Today is November 5, 2024. Ideologically, I am moderate. Politically, I am a strong democrat. I attend church. I am 38 years old. I am a woman. I am very interested in politics.. Question: Do you think the federal government should be doing more about the opioid drug addiction issue, should be doing less, or is it currently doing the right amount?

Answer choices:
1. Should be doing more 2. Should be doing less 3. Is doing the right amount

When answering, respond ONLY with a single number that corresponds to the option you choose. Do not include any additional text, punctuation or explanation.

My answer is
",1
fake_3286,1,7,1,1,60,2,1,"Today is November 5, 2024. Racially, I am white. Ideologically, I am extremely conservative. Politically, I am a strong democrat. I attend church. I am 60 years old. I am a woman. I am very interested in politics.. Question: Do you think the federal government should be doing more about the opioid drug addiction issue, should be doing less, or is it currently doing the right amount?

Answer choices:
1. Should be doing more 2. Should be doing less 3. Is doing the right amount

When answering, respond ONLY with a single number that corresponds to the option you choose. Do not include any additional text, punctuation or explanation.

My answer is
",1
fake_3287,3,1,5,1,75,2,1,"Today is November 5, 2024. Racially, I am hispanic. Ideologically, I am extremely liberal. Politically, I am an independent who leans Republican. I attend church. I am 75 years old. I am a woman. I am very interested in politics.. Question: Do you think the federal government should be doing more about the opioid drug addiction issue, should be doing less, or is it currently doing the right amount?

Answer choices:
1. Should be doing more 2. Should be doing less 3. Is doing the right amount

When answering, respond ONLY with a single number that corresponds to the option you choose. Do not include any additional text, punctuation or explanation.

My answer is
",1
fake_3288,1,99,1,2,79,1,2,"Today is November 5, 2024. Racially, I am white. Politically, I am a strong democrat. I do not attend church. I am 79 years old. I am a man. I am somewhat interested in politics.. Question: Do you think the federal government should be doing more about the opioid drug addiction issue, should be doing less, or is it currently doing the right amount?

Answer choices:
1. Should be doing more 2. Should be doing less 3. Is doing the right amount

When answering, respond ONLY with a single number that corresponds to the option you choose. Do not include any additional text, punctuation or explanation.

My answer is
",1
fake_3289,1,4,7,2,65,1,2,"Today is November 5, 2024. Racially, I am white. Ideologically, I am moderate. Politically, I am a strong Republican. I do not attend church. I am 65 years old. I am a man. I am somewhat interested in politics.. Question: Do you think the federal government should be doing more about the opioid drug addiction issue, should be doing less, or is it currently doing the right amount?

Answer choices:
1. Should be doing more 2. Should be doing less 3. Is doing the right amount

When answering, respond ONLY with a single number that corresponds to the option you choose. Do not include any additional text, punctuation or explanation.

My answer is
",1
fake_3290,1,2,6,1,62,1,-6,"Today is November 5, 2024. Racially, I am white. Ideologically, I am liberal. Politically, I am a weak Republican. I attend church. I am 62 years old. I am a man.. Question: Do you think the federal government should be doing more about the opioid drug addiction issue, should be doing less, or is it currently doing the right amount?

Answer choices:
1. Should be doing more 2. Should be doing less 3. Is doing the right amount

When answering, respond ONLY with a single number that corresponds to the option you choose. Do not include any additional text, punctuation or explanation.

My answer is
",1
fake_3291,1,5,4,2,37,1,1,"Today is November 5, 2024. Racially, I am white. Ideologically, I am slightly conservative. Politically, I am an independent. I do not attend church. I am 37 years old. I am a man. I am very interested in politics.. Question: Do you think the federal government should be doing more about the opioid drug addiction issue, should be doing less, or is it currently doing the right amount?

Answer choices:
1. Should be doing more 2. Should be doing less 3. Is doing the right amount

When answering, respond ONLY with a single number that corresponds to the option you choose. Do not include any additional text, punctuation or explanation.

My answer is
",1
fake_3292,1,5,7,-1,30,1,2,"Today is November 5, 2024. Racially, I am white. Ideologically, I am slightly conservative. Politically, I am a strong Republican. I am 30 years old. I am a man. I am somewhat interested in politics.. Question: Do you think the federal government should be doing more about the opioid drug addiction issue, should be doing less, or is it currently doing the right amount?

Answer choices:
1. Should be doing more 2. Should be doing less 3. Is doing the right amount

When answering, respond ONLY with a single number that corresponds to the option you choose. Do not include any additional text, punctuation or explanation.

My answer is
",1
fake_3293,1,5,7,1,28,1,4,"Today is November 5, 2024. Racially, I am white. Ideologically, I am slightly conservative. Politically, I am a strong Republican. I attend church. I am 28 years old. I am a man. I am not at all interested in politics.. Question: Do you think the federal government should be doing more about the opioid drug addiction issue, should be doing less, or is it currently doing the right amount?

Answer choices:
1. Should be doing more 2. Should be doing less 3. Is doing the right amount

When answering, respond ONLY with a single number that corresponds to the option you choose. Do not include any additional text, punctuation or explanation.

My answer is
",1
fake_3294,1,7,1,2,80,2,2,"Today is November 5, 2024. Racially, I am white. Ideologically, I am extremely conservative. Politically, I am a strong democrat. I do not attend church. I am 80 years old. I am a woman. I am somewhat interested in politics.. Question: Do you think the federal government should be doing more about the opioid drug addiction issue, should be doing less, or is it currently doing the right amount?

Answer choices:
1. Should be doing more 2. Should be doing less 3. Is doing the right amount

When answering, respond ONLY with a single number that corresponds to the option you choose. Do not include any additional text, punctuation or explanation.

My answer is
",1
fake_3295,3,4,2,1,59,2,2,"Today is November 5, 2024. Racially, I am hispanic. Ideologically, I am moderate. Politically, I am a weak Democrat. I attend church. I am 59 years old. I am a woman. I am somewhat interested in politics.. Question: Do you think the federal government should be doing more about the opioid drug addiction issue, should be doing less, or is it currently doing the right amount?

Answer choices:
1. Should be doing more 2. Should be doing less 3. Is doing the right amount

When answering, respond ONLY with a single number that corresponds to the option you choose. Do not include any additional text, punctuation or explanation.

My answer is
",1
fake_3296,2,1,7,1,62,2,3,"Today is November 5, 2024. Racially, I am black. Ideologically, I am extremely liberal. Politically, I am a strong Republican. I attend church. I am 62 years old. I am a woman. I am not very interested in politics.. Question: Do you think the federal government should be doing more about the opioid drug addiction issue, should be doing less, or is it currently doing the right amount?

Answer choices:
1. Should be doing more 2. Should be doing less 3. Is doing the right amount

When answering, respond ONLY with a single number that corresponds to the option you choose. Do not include any additional text, punctuation or explanation.

My answer is
",1
fake_3297,2,3,5,2,74,1,2,"Today is November 5, 2024. Racially, I am black. Ideologically, I am slightly liberal. Politically, I am an independent who leans Republican. I do not attend church. I am 74 years old. I am a man. I am somewhat interested in politics.. Question: Do you think the federal government should be doing more about the opioid drug addiction issue, should be doing less, or is it currently doing the right amount?

Answer choices:
1. Should be doing more 2. Should be doing less 3. Is doing the right amount

When answering, respond ONLY with a single number that corresponds to the option you choose. Do not include any additional text, punctuation or explanation.

My answer is
",1
fake_3298,1,6,6,1,37,2,3,"Today is November 5, 2024. Racially, I am white. Ideologically, I am conservative. Politically, I am a weak Republican. I attend church. I am 37 years old. I am a woman. I am not very interested in politics.. Question: Do you think the federal government should be doing more about the opioid drug addiction issue, should be doing less, or is it currently doing the right amount?

Answer choices:
1. Should be doing more 2. Should be doing less 3. Is doing the right amount

When answering, respond ONLY with a single number that corresponds to the option you choose. Do not include any additional text, punctuation or explanation.

My answer is
",1
fake_3299,1,-9,4,2,40,2,-6,"Today is November 5, 2024. Racially, I am white. Politically, I am an independent. I do not attend church. I am 40 years old. I am a woman.. Question: Do you think the federal government should be doing more about the opioid drug addiction issue, should be doing less, or is it currently doing the right amount?

Answer choices:
1. Should be doing more 2. Should be doing less 3. Is doing the right amount

When answering, respond ONLY with a single number that corresponds to the option you choose. Do not include any additional text, punctuation or explanation.

My answer is
",1
fake_3300,4,2,4,1,43,2,3,"Today is November 5, 2024. Racially, I am asian. Ideologically, I am liberal. Politically, I am an independent. I attend church. I am 43 years old. I am a woman. I am not very interested in politics.. Question: Do you think the federal government should be doing more about the opioid drug addiction issue, should be doing less, or is it currently doing the right amount?

Answer choices:
1. Should be doing more 2. Should be doing less 3. Is doing the right amount

When answering, respond ONLY with a single number that corresponds to the option you choose. Do not include any additional text, punctuation or explanation.

My answer is
",1
fake_3301,1,5,3,1,73,2,2,"Today is November 5, 2024. Racially, I am white. Ideologically, I am slightly conservative. Politically, I am an independent who leans Democratic. I attend church. I am 73 years old. I am a woman. I am somewhat interested in politics.. Question: Do you think the federal government should be doing more about the opioid drug addiction issue, should be doing less, or is it currently doing the right amount?

Answer choices:
1. Should be doing more 2. Should be doing less 3. Is doing the right amount

When answering, respond ONLY with a single number that corresponds to the option you choose. Do not include any additional text, punctuation or explanation.

My answer is
",1
fake_3302,3,5,6,1,24,1,2,"Today is November 5, 2024. Racially, I am hispanic. Ideologically, I am slightly conservative. Politically, I am a weak Republican. I attend church. I am 24 years old. I am a man. I am somewhat interested in politics.. Question: Do you think the federal government should be doing more about the opioid drug addiction issue, should be doing less, or is it currently doing the right amount?

Answer choices:
1. Should be doing more 2. Should be doing less 3. Is doing the right amount

When answering, respond ONLY with a single number that corresponds to the option you choose. Do not include any additional text, punctuation or explanation.

My answer is
",1
fake_3303,2,6,1,2,44,2,2,"Today is November 5, 2024. Racially, I am black. Ideologically, I am conservative. Politically, I am a strong democrat. I do not attend church. I am 44 years old. I am a woman. I am somewhat interested in politics.. Question: Do you think the federal government should be doing more about the opioid drug addiction issue, should be doing less, or is it currently doing the right amount?

Answer choices:
1. Should be doing more 2. Should be doing less 3. Is doing the right amount

When answering, respond ONLY with a single number that corresponds to the option you choose. Do not include any additional text, punctuation or explanation.

My answer is
",1
fake_3304,1,6,6,2,-2,2,3,"Today is November 5, 2024. Racially, I am white. Ideologically, I am conservative. Politically, I am a weak Republican. I do not attend church. I am a woman. I am not very interested in politics.. Question: Do you think the federal government should be doing more about the opioid drug addiction issue, should be doing less, or is it currently doing the right amount?

Answer choices:
1. Should be doing more 2. Should be doing less 3. Is doing the right amount

When answering, respond ONLY with a single number that corresponds to the option you choose. Do not include any additional text, punctuation or explanation.

My answer is
",1
fake_3305,1,7,7,-1,62,1,1,"Today is November 5, 2024. Racially, I am white. Ideologically, I am extremely conservative. Politically, I am a strong Republican. I am 62 years old. I am a man. I am very interested in politics.. Question: Do you think the federal government should be doing more about the opioid drug addiction issue, should be doing less, or is it currently doing the right amount?

Answer choices:
1. Should be doing more 2. Should be doing less 3. Is doing the right amount

When answering, respond ONLY with a single number that corresponds to the option you choose. Do not include any additional text, punctuation or explanation.

My answer is
",2
fake_3306,1,3,7,2,61,1,2,"Today is November 5, 2024. Racially, I am white. Ideologically, I am slightly liberal. Politically, I am a strong Republican. I do not attend church. I am 61 years old. I am a man. I am somewhat interested in politics.. Question: Do you think the federal government should be doing more about the opioid drug addiction issue, should be doing less, or is it currently doing the right amount?

Answer choices:
1. Should be doing more 2. Should be doing less 3. Is doing the right amount

When answering, respond ONLY with a single number that corresponds to the option you choose. Do not include any additional text, punctuation or explanation.

My answer is
",1
fake_3307,1,1,3,2,70,2,1,"Today is November 5, 2024. Racially, I am white. Ideologically, I am extremely liberal. Politically, I am an independent who leans Democratic. I do not attend church. I am 70 years old. I am a woman. I am very interested in politics.. Question: Do you think the federal government should be doing more about the opioid drug addiction issue, should be doing less, or is it currently doing the right amount?

Answer choices:
1. Should be doing more 2. Should be doing less 3. Is doing the right amount

When answering, respond ONLY with a single number that corresponds to the option you choose. Do not include any additional text, punctuation or explanation.

My answer is
",1
fake_3308,1,99,7,1,-2,2,1,"Today is November 5, 2024. Racially, I am white. Politically, I am a strong Republican. I attend church. I am a woman. I am very interested in politics.. Question: Do you think the federal government should be doing more about the opioid drug addiction issue, should be doing less, or is it currently doing the right amount?

Answer choices:
1. Should be doing more 2. Should be doing less 3. Is doing the right amount

When answering, respond ONLY with a single number that corresponds to the option you choose. Do not include any additional text, punctuation or explanation.

My answer is
",1
fake_3309,2,3,1,1,71,2,-6,"Today is November 5, 2024. Racially, I am black. Ideologically, I am slightly liberal. Politically, I am a strong democrat. I attend church. I am 71 years old. I am a woman.. Question: Do you think the federal government should be doing more about the opioid drug addiction issue, should be doing less, or is it currently doing the right amount?

Answer choices:
1. Should be doing more 2. Should be doing less 3. Is doing the right amount

When answering, respond ONLY with a single number that corresponds to the option you choose. Do not include any additional text, punctuation or explanation.

My answer is
",1
fake_3310,1,3,1,2,28,1,1,"Today is November 5, 2024. Racially, I am white. Ideologically, I am slightly liberal. Politically, I am a strong democrat. I do not attend church. I am 28 years old. I am a man. I am very interested in politics.. Question: Do you think the federal government should be doing more about the opioid drug addiction issue, should be doing less, or is it currently doing the right amount?

Answer choices:
1. Should be doing more 2. Should be doing less 3. Is doing the right amount

When answering, respond ONLY with a single number that corresponds to the option you choose. Do not include any additional text, punctuation or explanation.

My answer is
",1
fake_3311,1,4,1,-1,43,2,2,"Today is November 5, 2024. Racially, I am white. Ideologically, I am moderate. Politically, I am a strong democrat. I am 43 years old. I am a woman. I am somewhat interested in politics.. Question: Do you think the federal government should be doing more about the opioid drug addiction issue, should be doing less, or is it currently doing the right amount?

Answer choices:
1. Should be doing more 2. Should be doing less 3. Is doing the right amount

When answering, respond ONLY with a single number that corresponds to the option you choose. Do not include any additional text, punctuation or explanation.

My answer is
",1
fake_3312,1,6,1,1,80,2,3,"Today is November 5, 2024. Racially, I am white. Ideologically, I am conservative. Politically, I am a strong democrat. I attend church. I am 80 years old. I am a woman. I am not very interested in politics.. Question: Do you think the federal government should be doing more about the opioid drug addiction issue, should be doing less, or is it currently doing the right amount?

Answer choices:
1. Should be doing more 2. Should be doing less 3. Is doing the right amount

When answering, respond ONLY with a single number that corresponds to the option you choose. Do not include any additional text, punctuation or explanation.

My answer is
",1
fake_3313,1,4,7,2,74,2,2,"Today is November 5, 2024. Racially, I am white. Ideologically, I am moderate. Politically, I am a strong Republican. I do not attend church. I am 74 years old. I am a woman. I am somewhat interested in politics.. Question: Do you think the federal government should be doing more about the opioid drug addiction issue, should be doing less, or is it currently doing the right amount?

Answer choices:
1. Should be doing more 2. Should be doing less 3. Is doing the right amount

When answering, respond ONLY with a single number that corresponds to the option you choose. Do not include any additional text, punctuation or explanation.

My answer is
",1
fake_3314,3,1,7,2,-2,2,2,"Today is November 5, 2024. Racially, I am hispanic. Ideologically, I am extremely liberal. Politically, I am a strong Republican. I do not attend church. I am a woman. I am somewhat interested in politics.. Question: Do you think the federal government should be doing more about the opioid drug addiction issue, should be doing less, or is it currently doing the right amount?

Answer choices:
1. Should be doing more 2. Should be doing less 3. Is doing the right amount

When answering, respond ONLY with a single number that corresponds to the option you choose. Do not include any additional text, punctuation or explanation.

My answer is
",1
fake_3315,4,4,6,1,52,1,2,"Today is November 5, 2024. Racially, I am asian. Ideologically, I am moderate. Politically, I am a weak Republican. I attend church. I am 52 years old. I am a man. I am somewhat interested in politics.. Question: Do you think the federal government should be doing more about the opioid drug addiction issue, should be doing less, or is it currently doing the right amount?

Answer choices:
1. Should be doing more 2. Should be doing less 3. Is doing the right amount

When answering, respond ONLY with a single number that corresponds to the option you choose. Do not include any additional text, punctuation or explanation.

My answer is
",1
fake_3316,1,3,1,1,74,1,1,"Today is November 5, 2024. Racially, I am white. Ideologically, I am slightly liberal. Politically, I am a strong democrat. I attend church. I am 74 years old. I am a man. I am very interested in politics.. Question: Do you think the federal government should be doing more about the opioid drug addiction issue, should be doing less, or is it currently doing the right amount?

Answer choices:
1. Should be doing more 2. Should be doing less 3. Is doing the right amount

When answering, respond ONLY with a single number that corresponds to the option you choose. Do not include any additional text, punctuation or explanation.

My answer is
",1
fake_3317,1,7,7,1,72,1,1,"Today is November 5, 2024. Racially, I am white. Ideologically, I am extremely conservative. Politically, I am a strong Republican. I attend church. I am 72 years old. I am a man. I am very interested in politics.. Question: Do you think the federal government should be doing more about the opioid drug addiction issue, should be doing less, or is it currently doing the right amount?

Answer choices:
1. Should be doing more 2. Should be doing less 3. Is doing the right amount

When answering, respond ONLY with a single number that corresponds to the option you choose. Do not include any additional text, punctuation or explanation.

My answer is
",1
fake_3318,1,4,5,1,42,2,3,"Today is November 5, 2024. Racially, I am white. Ideologically, I am moderate. Politically, I am an independent who leans Republican. I attend church. I am 42 years old. I am a woman. I am not very interested in politics.. Question: Do you think the federal government should be doing more about the opioid drug addiction issue, should be doing less, or is it currently doing the right amount?

Answer choices:
1. Should be doing more 2. Should be doing less 3. Is doing the right amount

When answering, respond ONLY with a single number that corresponds to the option you choose. Do not include any additional text, punctuation or explanation.

My answer is
",1
fake_3319,6,4,1,1,63,1,3,"Today is November 5, 2024. Ideologically, I am moderate. Politically, I am a strong democrat. I attend church. I am 63 years old. I am a man. I am not very interested in politics.. Question: Do you think the federal government should be doing more about the opioid drug addiction issue, should be doing less, or is it currently doing the right amount?

Answer choices:
1. Should be doing more 2. Should be doing less 3. Is doing the right amount

When answering, respond ONLY with a single number that corresponds to the option you choose. Do not include any additional text, punctuation or explanation.

My answer is
",1
fake_3320,1,3,2,2,40,1,2,"Today is November 5, 2024. Racially, I am white. Ideologically, I am slightly liberal. Politically, I am a weak Democrat. I do not attend church. I am 40 years old. I am a man. I am somewhat interested in politics.. Question: Do you think the federal government should be doing more about the opioid drug addiction issue, should be doing less, or is it currently doing the right amount?

Answer choices:
1. Should be doing more 2. Should be doing less 3. Is doing the right amount

When answering, respond ONLY with a single number that corresponds to the option you choose. Do not include any additional text, punctuation or explanation.

My answer is
",1
fake_3321,1,4,7,1,-2,1,-6,"Today is November 5, 2024. Racially, I am white. Ideologically, I am moderate. Politically, I am a strong Republican. I attend church. I am a man.. Question: Do you think the federal government should be doing more about the opioid drug addiction issue, should be doing less, or is it currently doing the right amount?

Answer choices:
1. Should be doing more 2. Should be doing less 3. Is doing the right amount

When answering, respond ONLY with a single number that corresponds to the option you choose. Do not include any additional text, punctuation or explanation.

My answer is
",1
fake_3322,1,6,6,1,60,2,4,"Today is November 5, 2024. Racially, I am white. Ideologically, I am conservative. Politically, I am a weak Republican. I attend church. I am 60 years old. I am a woman. I am not at all interested in politics.. Question: Do you think the federal government should be doing more about the opioid drug addiction issue, should be doing less, or is it currently doing the right amount?

Answer choices:
1. Should be doing more 2. Should be doing less 3. Is doing the right amount

When answering, respond ONLY with a single number that corresponds to the option you choose. Do not include any additional text, punctuation or explanation.

My answer is
",1
fake_3323,1,3,1,1,74,1,3,"Today is November 5, 2024. Racially, I am white. Ideologically, I am slightly liberal. Politically, I am a strong democrat. I attend church. I am 74 years old. I am a man. I am not very interested in politics.. Question: Do you think the federal government should be doing more about the opioid drug addiction issue, should be doing less, or is it currently doing the right amount?

Answer choices:
1. Should be doing more 2. Should be doing less 3. Is doing the right amount

When answering, respond ONLY with a single number that corresponds to the option you choose. Do not include any additional text, punctuation or explanation.

My answer is
",1
fake_3324,1,6,1,2,46,2,2,"Today is November 5, 2024. Racially, I am white. Ideologically, I am conservative. Politically, I am a strong democrat. I do not attend church. I am 46 years old. I am a woman. I am somewhat interested in politics.. Question: Do you think the federal government should be doing more about the opioid drug addiction issue, should be doing less, or is it currently doing the right amount?

Answer choices:
1. Should be doing more 2. Should be doing less 3. Is doing the right amount

When answering, respond ONLY with a single number that corresponds to the option you choose. Do not include any additional text, punctuation or explanation.

My answer is
",1
fake_3325,1,4,7,1,45,2,2,"Today is November 5, 2024. Racially, I am white. Ideologically, I am moderate. Politically, I am a strong Republican. I attend church. I am 45 years old. I am a woman. I am somewhat interested in politics.. Question: Do you think the federal government should be doing more about the opioid drug addiction issue, should be doing less, or is it currently doing the right amount?

Answer choices:
1. Should be doing more 2. Should be doing less 3. Is doing the right amount

When answering, respond ONLY with a single number that corresponds to the option you choose. Do not include any additional text, punctuation or explanation.

My answer is
",1
fake_3326,3,1,7,2,72,2,2,"Today is November 5, 2024. Racially, I am hispanic. Ideologically, I am extremely liberal. Politically, I am a strong Republican. I do not attend church. I am 72 years old. I am a woman. I am somewhat interested in politics.. Question: Do you think the federal government should be doing more about the opioid drug addiction issue, should be doing less, or is it currently doing the right amount?

Answer choices:
1. Should be doing more 2. Should be doing less 3. Is doing the right amount

When answering, respond ONLY with a single number that corresponds to the option you choose. Do not include any additional text, punctuation or explanation.

My answer is
",1
fake_3327,1,3,5,1,26,2,4,"Today is November 5, 2024. Racially, I am white. Ideologically, I am slightly liberal. Politically, I am an independent who leans Republican. I attend church. I am 26 years old. I am a woman. I am not at all interested in politics.. Question: Do you think the federal government should be doing more about the opioid drug addiction issue, should be doing less, or is it currently doing the right amount?

Answer choices:
1. Should be doing more 2. Should be doing less 3. Is doing the right amount

When answering, respond ONLY with a single number that corresponds to the option you choose. Do not include any additional text, punctuation or explanation.

My answer is
",1
fake_3328,1,6,5,1,72,2,-6,"Today is November 5, 2024. Racially, I am white. Ideologically, I am conservative. Politically, I am an independent who leans Republican. I attend church. I am 72 years old. I am a woman.. Question: Do you think the federal government should be doing more about the opioid drug addiction issue, should be doing less, or is it currently doing the right amount?

Answer choices:
1. Should be doing more 2. Should be doing less 3. Is doing the right amount

When answering, respond ONLY with a single number that corresponds to the option you choose. Do not include any additional text, punctuation or explanation.

My answer is
",1
fake_3329,1,99,6,2,43,1,1,"Today is November 5, 2024. Racially, I am white. Politically, I am a weak Republican. I do not attend church. I am 43 years old. I am a man. I am very interested in politics.. Question: Do you think the federal government should be doing more about the opioid drug addiction issue, should be doing less, or is it currently doing the right amount?

Answer choices:
1. Should be doing more 2. Should be doing less 3. Is doing the right amount

When answering, respond ONLY with a single number that corresponds to the option you choose. Do not include any additional text, punctuation or explanation.

My answer is
",1
fake_3330,1,7,7,-9,35,2,2,"Today is November 5, 2024. Racially, I am white. Ideologically, I am extremely conservative. Politically, I am a strong Republican. I am 35 years old. I am a woman. I am somewhat interested in politics.. Question: Do you think the federal government should be doing more about the opioid drug addiction issue, should be doing less, or is it currently doing the right amount?

Answer choices:
1. Should be doing more 2. Should be doing less 3. Is doing the right amount

When answering, respond ONLY with a single number that corresponds to the option you choose. Do not include any additional text, punctuation or explanation.

My answer is
",2
fake_3331,4,2,2,2,65,1,2,"Today is November 5, 2024. Racially, I am asian. Ideologically, I am liberal. Politically, I am a weak Democrat. I do not attend church. I am 65 years old. I am a man. I am somewhat interested in politics.. Question: Do you think the federal government should be doing more about the opioid drug addiction issue, should be doing less, or is it currently doing the right amount?

Answer choices:
1. Should be doing more 2. Should be doing less 3. Is doing the right amount

When answering, respond ONLY with a single number that corresponds to the option you choose. Do not include any additional text, punctuation or explanation.

My answer is
",1
fake_3332,2,3,2,2,80,2,2,"Today is November 5, 2024. Racially, I am black. Ideologically, I am slightly liberal. Politically, I am a weak Democrat. I do not attend church. I am 80 years old. I am a woman. I am somewhat interested in politics.. Question: Do you think the federal government should be doing more about the opioid drug addiction issue, should be doing less, or is it currently doing the right amount?

Answer choices:
1. Should be doing more 2. Should be doing less 3. Is doing the right amount

When answering, respond ONLY with a single number that corresponds to the option you choose. Do not include any additional text, punctuation or explanation.

My answer is
",1
fake_3333,1,6,7,2,73,1,2,"Today is November 5, 2024. Racially, I am white. Ideologically, I am conservative. Politically, I am a strong Republican. I do not attend church. I am 73 years old. I am a man. I am somewhat interested in politics.. Question: Do you think the federal government should be doing more about the opioid drug addiction issue, should be doing less, or is it currently doing the right amount?

Answer choices:
1. Should be doing more 2. Should be doing less 3. Is doing the right amount

When answering, respond ONLY with a single number that corresponds to the option you choose. Do not include any additional text, punctuation or explanation.

My answer is
",1
fake_3334,1,6,1,1,46,-9,4,"Today is November 5, 2024. Racially, I am white. Ideologically, I am conservative. Politically, I am a strong democrat. I attend church. I am 46 years old. I am not at all interested in politics.. Question: Do you think the federal government should be doing more about the opioid drug addiction issue, should be doing less, or is it currently doing the right amount?

Answer choices:
1. Should be doing more 2. Should be doing less 3. Is doing the right amount

When answering, respond ONLY with a single number that corresponds to the option you choose. Do not include any additional text, punctuation or explanation.

My answer is
",1
fake_3335,1,4,3,2,18,2,2,"Today is November 5, 2024. Racially, I am white. Ideologically, I am moderate. Politically, I am an independent who leans Democratic. I do not attend church. I am 18 years old. I am a woman. I am somewhat interested in politics.. Question: Do you think the federal government should be doing more about the opioid drug addiction issue, should be doing less, or is it currently doing the right amount?

Answer choices:
1. Should be doing more 2. Should be doing less 3. Is doing the right amount

When answering, respond ONLY with a single number that corresponds to the option you choose. Do not include any additional text, punctuation or explanation.

My answer is
",1
fake_3336,1,2,7,1,-2,2,2,"Today is November 5, 2024. Racially, I am white. Ideologically, I am liberal. Politically, I am a strong Republican. I attend church. I am a woman. I am somewhat interested in politics.. Question: Do you think the federal government should be doing more about the opioid drug addiction issue, should be doing less, or is it currently doing the right amount?

Answer choices:
1. Should be doing more 2. Should be doing less 3. Is doing the right amount

When answering, respond ONLY with a single number that corresponds to the option you choose. Do not include any additional text, punctuation or explanation.

My answer is
",1
fake_3337,5,4,7,1,61,2,-6,"Today is November 5, 2024. Racially, I am native American. Ideologically, I am moderate. Politically, I am a strong Republican. I attend church. I am 61 years old. I am a woman.. Question: Do you think the federal government should be doing more about the opioid drug addiction issue, should be doing less, or is it currently doing the right amount?

Answer choices:
1. Should be doing more 2. Should be doing less 3. Is doing the right amount

When answering, respond ONLY with a single number that corresponds to the option you choose. Do not include any additional text, punctuation or explanation.

My answer is
",1
fake_3338,2,5,7,1,59,1,-6,"Today is November 5, 2024. Racially, I am black. Ideologically, I am slightly conservative. Politically, I am a strong Republican. I attend church. I am 59 years old. I am a man.. Question: Do you think the federal government should be doing more about the opioid drug addiction issue, should be doing less, or is it currently doing the right amount?

Answer choices:
1. Should be doing more 2. Should be doing less 3. Is doing the right amount

When answering, respond ONLY with a single number that corresponds to the option you choose. Do not include any additional text, punctuation or explanation.

My answer is
",1
fake_3339,1,4,5,1,69,2,2,"Today is November 5, 2024. Racially, I am white. Ideologically, I am moderate. Politically, I am an independent who leans Republican. I attend church. I am 69 years old. I am a woman. I am somewhat interested in politics.. Question: Do you think the federal government should be doing more about the opioid drug addiction issue, should be doing less, or is it currently doing the right amount?

Answer choices:
1. Should be doing more 2. Should be doing less 3. Is doing the right amount

When answering, respond ONLY with a single number that corresponds to the option you choose. Do not include any additional text, punctuation or explanation.

My answer is
",1
fake_3340,2,6,7,2,80,1,2,"Today is November 5, 2024. Racially, I am black. Ideologically, I am conservative. Politically, I am a strong Republican. I do not attend church. I am 80 years old. I am a man. I am somewhat interested in politics.. Question: Do you think the federal government should be doing more about the opioid drug addiction issue, should be doing less, or is it currently doing the right amount?

Answer choices:
1. Should be doing more 2. Should be doing less 3. Is doing the right amount

When answering, respond ONLY with a single number that corresponds to the option you choose. Do not include any additional text, punctuation or explanation.

My answer is
",1
fake_3341,3,99,5,2,-2,1,2,"Today is November 5, 2024. Racially, I am hispanic. Politically, I am an independent who leans Republican. I do not attend church. I am a man. I am somewhat interested in politics.. Question: Do you think the federal government should be doing more about the opioid drug addiction issue, should be doing less, or is it currently doing the right amount?

Answer choices:
1. Should be doing more 2. Should be doing less 3. Is doing the right amount

When answering, respond ONLY with a single number that corresponds to the option you choose. Do not include any additional text, punctuation or explanation.

My answer is
",1
fake_3342,1,1,6,1,-2,1,1,"Today is November 5, 2024. Racially, I am white. Ideologically, I am extremely liberal. Politically, I am a weak Republican. I attend church. I am a man. I am very interested in politics.. Question: Do you think the federal government should be doing more about the opioid drug addiction issue, should be doing less, or is it currently doing the right amount?

Answer choices:
1. Should be doing more 2. Should be doing less 3. Is doing the right amount

When answering, respond ONLY with a single number that corresponds to the option you choose. Do not include any additional text, punctuation or explanation.

My answer is
",1
fake_3343,1,99,6,2,39,2,1,"Today is November 5, 2024. Racially, I am white. Politically, I am a weak Republican. I do not attend church. I am 39 years old. I am a woman. I am very interested in politics.. Question: Do you think the federal government should be doing more about the opioid drug addiction issue, should be doing less, or is it currently doing the right amount?

Answer choices:
1. Should be doing more 2. Should be doing less 3. Is doing the right amount

When answering, respond ONLY with a single number that corresponds to the option you choose. Do not include any additional text, punctuation or explanation.

My answer is
",1
fake_3344,1,2,7,-1,54,2,3,"Today is November 5, 2024. Racially, I am white. Ideologically, I am liberal. Politically, I am a strong Republican. I am 54 years old. I am a woman. I am not very interested in politics.. Question: Do you think the federal government should be doing more about the opioid drug addiction issue, should be doing less, or is it currently doing the right amount?

Answer choices:
1. Should be doing more 2. Should be doing less 3. Is doing the right amount

When answering, respond ONLY with a single number that corresponds to the option you choose. Do not include any additional text, punctuation or explanation.

My answer is
",1
fake_3345,1,6,6,1,75,2,1,"Today is November 5, 2024. Racially, I am white. Ideologically, I am conservative. Politically, I am a weak Republican. I attend church. I am 75 years old. I am a woman. I am very interested in politics.. Question: Do you think the federal government should be doing more about the opioid drug addiction issue, should be doing less, or is it currently doing the right amount?

Answer choices:
1. Should be doing more 2. Should be doing less 3. Is doing the right amount

When answering, respond ONLY with a single number that corresponds to the option you choose. Do not include any additional text, punctuation or explanation.

My answer is
",1
fake_3346,1,4,3,1,74,2,2,"Today is November 5, 2024. Racially, I am white. Ideologically, I am moderate. Politically, I am an independent who leans Democratic. I attend church. I am 74 years old. I am a woman. I am somewhat interested in politics.. Question: Do you think the federal government should be doing more about the opioid drug addiction issue, should be doing less, or is it currently doing the right amount?

Answer choices:
1. Should be doing more 2. Should be doing less 3. Is doing the right amount

When answering, respond ONLY with a single number that corresponds to the option you choose. Do not include any additional text, punctuation or explanation.

My answer is
",1
fake_3347,4,4,6,1,57,2,2,"Today is November 5, 2024. Racially, I am asian. Ideologically, I am moderate. Politically, I am a weak Republican. I attend church. I am 57 years old. I am a woman. I am somewhat interested in politics.. Question: Do you think the federal government should be doing more about the opioid drug addiction issue, should be doing less, or is it currently doing the right amount?

Answer choices:
1. Should be doing more 2. Should be doing less 3. Is doing the right amount

When answering, respond ONLY with a single number that corresponds to the option you choose. Do not include any additional text, punctuation or explanation.

My answer is
",1
fake_3348,1,5,7,2,76,2,-6,"Today is November 5, 2024. Racially, I am white. Ideologically, I am slightly conservative. Politically, I am a strong Republican. I do not attend church. I am 76 years old. I am a woman.. Question: Do you think the federal government should be doing more about the opioid drug addiction issue, should be doing less, or is it currently doing the right amount?

Answer choices:
1. Should be doing more 2. Should be doing less 3. Is doing the right amount

When answering, respond ONLY with a single number that corresponds to the option you choose. Do not include any additional text, punctuation or explanation.

My answer is
",1
fake_3349,1,1,2,2,77,2,2,"Today is November 5, 2024. Racially, I am white. Ideologically, I am extremely liberal. Politically, I am a weak Democrat. I do not attend church. I am 77 years old. I am a woman. I am somewhat interested in politics.. Question: Do you think the federal government should be doing more about the opioid drug addiction issue, should be doing less, or is it currently doing the right amount?

Answer choices:
1. Should be doing more 2. Should be doing less 3. Is doing the right amount

When answering, respond ONLY with a single number that corresponds to the option you choose. Do not include any additional text, punctuation or explanation.

My answer is
",1
fake_3350,1,2,1,1,34,1,3,"Today is November 5, 2024. Racially, I am white. Ideologically, I am liberal. Politically, I am a strong democrat. I attend church. I am 34 years old. I am a man. I am not very interested in politics.. Question: Do you think the federal government should be doing more about the opioid drug addiction issue, should be doing less, or is it currently doing the right amount?

Answer choices:
1. Should be doing more 2. Should be doing less 3. Is doing the right amount

When answering, respond ONLY with a single number that corresponds to the option you choose. Do not include any additional text, punctuation or explanation.

My answer is
",1
fake_3351,1,99,6,2,58,2,2,"Today is November 5, 2024. Racially, I am white. Politically, I am a weak Republican. I do not attend church. I am 58 years old. I am a woman. I am somewhat interested in politics.. Question: Do you think the federal government should be doing more about the opioid drug addiction issue, should be doing less, or is it currently doing the right amount?

Answer choices:
1. Should be doing more 2. Should be doing less 3. Is doing the right amount

When answering, respond ONLY with a single number that corresponds to the option you choose. Do not include any additional text, punctuation or explanation.

My answer is
",1
fake_3352,1,5,1,1,72,2,-6,"Today is November 5, 2024. Racially, I am white. Ideologically, I am slightly conservative. Politically, I am a strong democrat. I attend church. I am 72 years old. I am a woman.. Question: Do you think the federal government should be doing more about the opioid drug addiction issue, should be doing less, or is it currently doing the right amount?

Answer choices:
1. Should be doing more 2. Should be doing less 3. Is doing the right amount

When answering, respond ONLY with a single number that corresponds to the option you choose. Do not include any additional text, punctuation or explanation.

My answer is
",1
fake_3353,1,6,5,1,28,2,4,"Today is November 5, 2024. Racially, I am white. Ideologically, I am conservative. Politically, I am an independent who leans Republican. I attend church. I am 28 years old. I am a woman. I am not at all interested in politics.. Question: Do you think the federal government should be doing more about the opioid drug addiction issue, should be doing less, or is it currently doing the right amount?

Answer choices:
1. Should be doing more 2. Should be doing less 3. Is doing the right amount

When answering, respond ONLY with a single number that corresponds to the option you choose. Do not include any additional text, punctuation or explanation.

My answer is
",1
fake_3354,1,4,1,1,26,2,3,"Today is November 5, 2024. Racially, I am white. Ideologically, I am moderate. Politically, I am a strong democrat. I attend church. I am 26 years old. I am a woman. I am not very interested in politics.. Question: Do you think the federal government should be doing more about the opioid drug addiction issue, should be doing less, or is it currently doing the right amount?

Answer choices:
1. Should be doing more 2. Should be doing less 3. Is doing the right amount

When answering, respond ONLY with a single number that corresponds to the option you choose. Do not include any additional text, punctuation or explanation.

My answer is
",1
fake_3355,1,4,1,1,70,1,2,"Today is November 5, 2024. Racially, I am white. Ideologically, I am moderate. Politically, I am a strong democrat. I attend church. I am 70 years old. I am a man. I am somewhat interested in politics.. Question: Do you think the federal government should be doing more about the opioid drug addiction issue, should be doing less, or is it currently doing the right amount?

Answer choices:
1. Should be doing more 2. Should be doing less 3. Is doing the right amount

When answering, respond ONLY with a single number that corresponds to the option you choose. Do not include any additional text, punctuation or explanation.

My answer is
",1
fake_3356,1,4,1,1,59,2,2,"Today is November 5, 2024. Racially, I am white. Ideologically, I am moderate. Politically, I am a strong democrat. I attend church. I am 59 years old. I am a woman. I am somewhat interested in politics.. Question: Do you think the federal government should be doing more about the opioid drug addiction issue, should be doing less, or is it currently doing the right amount?

Answer choices:
1. Should be doing more 2. Should be doing less 3. Is doing the right amount

When answering, respond ONLY with a single number that corresponds to the option you choose. Do not include any additional text, punctuation or explanation.

My answer is
",1
fake_3357,1,5,6,1,35,1,4,"Today is November 5, 2024. Racially, I am white. Ideologically, I am slightly conservative. Politically, I am a weak Republican. I attend church. I am 35 years old. I am a man. I am not at all interested in politics.. Question: Do you think the federal government should be doing more about the opioid drug addiction issue, should be doing less, or is it currently doing the right amount?

Answer choices:
1. Should be doing more 2. Should be doing less 3. Is doing the right amount

When answering, respond ONLY with a single number that corresponds to the option you choose. Do not include any additional text, punctuation or explanation.

My answer is
",1
fake_3358,1,6,6,2,42,2,2,"Today is November 5, 2024. Racially, I am white. Ideologically, I am conservative. Politically, I am a weak Republican. I do not attend church. I am 42 years old. I am a woman. I am somewhat interested in politics.. Question: Do you think the federal government should be doing more about the opioid drug addiction issue, should be doing less, or is it currently doing the right amount?

Answer choices:
1. Should be doing more 2. Should be doing less 3. Is doing the right amount

When answering, respond ONLY with a single number that corresponds to the option you choose. Do not include any additional text, punctuation or explanation.

My answer is
",1
fake_3359,3,2,1,2,53,1,-6,"Today is November 5, 2024. Racially, I am hispanic. Ideologically, I am liberal. Politically, I am a strong democrat. I do not attend church. I am 53 years old. I am a man.. Question: Do you think the federal government should be doing more about the opioid drug addiction issue, should be doing less, or is it currently doing the right amount?

Answer choices:
1. Should be doing more 2. Should be doing less 3. Is doing the right amount

When answering, respond ONLY with a single number that corresponds to the option you choose. Do not include any additional text, punctuation or explanation.

My answer is
",1
fake_3360,1,4,2,1,69,2,2,"Today is November 5, 2024. Racially, I am white. Ideologically, I am moderate. Politically, I am a weak Democrat. I attend church. I am 69 years old. I am a woman. I am somewhat interested in politics.. Question: Do you think the federal government should be doing more about the opioid drug addiction issue, should be doing less, or is it currently doing the right amount?

Answer choices:
1. Should be doing more 2. Should be doing less 3. Is doing the right amount

When answering, respond ONLY with a single number that corresponds to the option you choose. Do not include any additional text, punctuation or explanation.

My answer is
",1
fake_3361,1,2,1,2,33,2,2,"Today is November 5, 2024. Racially, I am white. Ideologically, I am liberal. Politically, I am a strong democrat. I do not attend church. I am 33 years old. I am a woman. I am somewhat interested in politics.. Question: Do you think the federal government should be doing more about the opioid drug addiction issue, should be doing less, or is it currently doing the right amount?

Answer choices:
1. Should be doing more 2. Should be doing less 3. Is doing the right amount

When answering, respond ONLY with a single number that corresponds to the option you choose. Do not include any additional text, punctuation or explanation.

My answer is
",1
fake_3362,1,6,1,2,66,1,-5,"Today is November 5, 2024. Racially, I am white. Ideologically, I am conservative. Politically, I am a strong democrat. I do not attend church. I am 66 years old. I am a man.. Question: Do you think the federal government should be doing more about the opioid drug addiction issue, should be doing less, or is it currently doing the right amount?

Answer choices:
1. Should be doing more 2. Should be doing less 3. Is doing the right amount

When answering, respond ONLY with a single number that corresponds to the option you choose. Do not include any additional text, punctuation or explanation.

My answer is
",1
fake_3363,1,2,1,2,54,2,2,"Today is November 5, 2024. Racially, I am white. Ideologically, I am liberal. Politically, I am a strong democrat. I do not attend church. I am 54 years old. I am a woman. I am somewhat interested in politics.. Question: Do you think the federal government should be doing more about the opioid drug addiction issue, should be doing less, or is it currently doing the right amount?

Answer choices:
1. Should be doing more 2. Should be doing less 3. Is doing the right amount

When answering, respond ONLY with a single number that corresponds to the option you choose. Do not include any additional text, punctuation or explanation.

My answer is
",1
fake_3364,1,4,1,2,78,2,2,"Today is November 5, 2024. Racially, I am white. Ideologically, I am moderate. Politically, I am a strong democrat. I do not attend church. I am 78 years old. I am a woman. I am somewhat interested in politics.. Question: Do you think the federal government should be doing more about the opioid drug addiction issue, should be doing less, or is it currently doing the right amount?

Answer choices:
1. Should be doing more 2. Should be doing less 3. Is doing the right amount

When answering, respond ONLY with a single number that corresponds to the option you choose. Do not include any additional text, punctuation or explanation.

My answer is
",1
fake_3365,2,4,5,1,74,2,2,"Today is November 5, 2024. Racially, I am black. Ideologically, I am moderate. Politically, I am an independent who leans Republican. I attend church. I am 74 years old. I am a woman. I am somewhat interested in politics.. Question: Do you think the federal government should be doing more about the opioid drug addiction issue, should be doing less, or is it currently doing the right amount?

Answer choices:
1. Should be doing more 2. Should be doing less 3. Is doing the right amount

When answering, respond ONLY with a single number that corresponds to the option you choose. Do not include any additional text, punctuation or explanation.

My answer is
",1
fake_3366,1,6,1,1,44,2,-6,"Today is November 5, 2024. Racially, I am white. Ideologically, I am conservative. Politically, I am a strong democrat. I attend church. I am 44 years old. I am a woman.. Question: Do you think the federal government should be doing more about the opioid drug addiction issue, should be doing less, or is it currently doing the right amount?

Answer choices:
1. Should be doing more 2. Should be doing less 3. Is doing the right amount

When answering, respond ONLY with a single number that corresponds to the option you choose. Do not include any additional text, punctuation or explanation.

My answer is
",1
fake_3367,1,4,6,1,49,1,1,"Today is November 5, 2024. Racially, I am white. Ideologically, I am moderate. Politically, I am a weak Republican. I attend church. I am 49 years old. I am a man. I am very interested in politics.. Question: Do you think the federal government should be doing more about the opioid drug addiction issue, should be doing less, or is it currently doing the right amount?

Answer choices:
1. Should be doing more 2. Should be doing less 3. Is doing the right amount

When answering, respond ONLY with a single number that corresponds to the option you choose. Do not include any additional text, punctuation or explanation.

My answer is
",1
fake_3368,1,6,3,2,34,2,2,"Today is November 5, 2024. Racially, I am white. Ideologically, I am conservative. Politically, I am an independent who leans Democratic. I do not attend church. I am 34 years old. I am a woman. I am somewhat interested in politics.. Question: Do you think the federal government should be doing more about the opioid drug addiction issue, should be doing less, or is it currently doing the right amount?

Answer choices:
1. Should be doing more 2. Should be doing less 3. Is doing the right amount

When answering, respond ONLY with a single number that corresponds to the option you choose. Do not include any additional text, punctuation or explanation.

My answer is
",1
fake_3369,1,6,3,1,80,2,4,"Today is November 5, 2024. Racially, I am white. Ideologically, I am conservative. Politically, I am an independent who leans Democratic. I attend church. I am 80 years old. I am a woman. I am not at all interested in politics.. Question: Do you think the federal government should be doing more about the opioid drug addiction issue, should be doing less, or is it currently doing the right amount?

Answer choices:
1. Should be doing more 2. Should be doing less 3. Is doing the right amount

When answering, respond ONLY with a single number that corresponds to the option you choose. Do not include any additional text, punctuation or explanation.

My answer is
",1
fake_3370,1,7,5,1,54,1,1,"Today is November 5, 2024. Racially, I am white. Ideologically, I am extremely conservative. Politically, I am an independent who leans Republican. I attend church. I am 54 years old. I am a man. I am very interested in politics.. Question: Do you think the federal government should be doing more about the opioid drug addiction issue, should be doing less, or is it currently doing the right amount?

Answer choices:
1. Should be doing more 2. Should be doing less 3. Is doing the right amount

When answering, respond ONLY with a single number that corresponds to the option you choose. Do not include any additional text, punctuation or explanation.

My answer is
",1
fake_3371,1,6,3,2,45,2,2,"Today is November 5, 2024. Racially, I am white. Ideologically, I am conservative. Politically, I am an independent who leans Democratic. I do not attend church. I am 45 years old. I am a woman. I am somewhat interested in politics.. Question: Do you think the federal government should be doing more about the opioid drug addiction issue, should be doing less, or is it currently doing the right amount?

Answer choices:
1. Should be doing more 2. Should be doing less 3. Is doing the right amount

When answering, respond ONLY with a single number that corresponds to the option you choose. Do not include any additional text, punctuation or explanation.

My answer is
",1
fake_3372,2,1,4,2,28,2,3,"Today is November 5, 2024. Racially, I am black. Ideologically, I am extremely liberal. Politically, I am an independent. I do not attend church. I am 28 years old. I am a woman. I am not very interested in politics.. Question: Do you think the federal government should be doing more about the opioid drug addiction issue, should be doing less, or is it currently doing the right amount?

Answer choices:
1. Should be doing more 2. Should be doing less 3. Is doing the right amount

When answering, respond ONLY with a single number that corresponds to the option you choose. Do not include any additional text, punctuation or explanation.

My answer is
",1
fake_3373,1,4,2,1,61,2,-6,"Today is November 5, 2024. Racially, I am white. Ideologically, I am moderate. Politically, I am a weak Democrat. I attend church. I am 61 years old. I am a woman.. Question: Do you think the federal government should be doing more about the opioid drug addiction issue, should be doing less, or is it currently doing the right amount?

Answer choices:
1. Should be doing more 2. Should be doing less 3. Is doing the right amount

When answering, respond ONLY with a single number that corresponds to the option you choose. Do not include any additional text, punctuation or explanation.

My answer is
",1
fake_3374,2,4,3,2,55,1,2,"Today is November 5, 2024. Racially, I am black. Ideologically, I am moderate. Politically, I am an independent who leans Democratic. I do not attend church. I am 55 years old. I am a man. I am somewhat interested in politics.. Question: Do you think the federal government should be doing more about the opioid drug addiction issue, should be doing less, or is it currently doing the right amount?

Answer choices:
1. Should be doing more 2. Should be doing less 3. Is doing the right amount

When answering, respond ONLY with a single number that corresponds to the option you choose. Do not include any additional text, punctuation or explanation.

My answer is
",1
fake_3375,1,6,7,2,23,1,1,"Today is November 5, 2024. Racially, I am white. Ideologically, I am conservative. Politically, I am a strong Republican. I do not attend church. I am 23 years old. I am a man. I am very interested in politics.. Question: Do you think the federal government should be doing more about the opioid drug addiction issue, should be doing less, or is it currently doing the right amount?

Answer choices:
1. Should be doing more 2. Should be doing less 3. Is doing the right amount

When answering, respond ONLY with a single number that corresponds to the option you choose. Do not include any additional text, punctuation or explanation.

My answer is
",1
fake_3376,1,5,4,2,42,1,4,"Today is November 5, 2024. Racially, I am white. Ideologically, I am slightly conservative. Politically, I am an independent. I do not attend church. I am 42 years old. I am a man. I am not at all interested in politics.. Question: Do you think the federal government should be doing more about the opioid drug addiction issue, should be doing less, or is it currently doing the right amount?

Answer choices:
1. Should be doing more 2. Should be doing less 3. Is doing the right amount

When answering, respond ONLY with a single number that corresponds to the option you choose. Do not include any additional text, punctuation or explanation.

My answer is
",1
fake_3377,6,2,7,2,36,1,4,"Today is November 5, 2024. Ideologically, I am liberal. Politically, I am a strong Republican. I do not attend church. I am 36 years old. I am a man. I am not at all interested in politics.. Question: Do you think the federal government should be doing more about the opioid drug addiction issue, should be doing less, or is it currently doing the right amount?

Answer choices:
1. Should be doing more 2. Should be doing less 3. Is doing the right amount

When answering, respond ONLY with a single number that corresponds to the option you choose. Do not include any additional text, punctuation or explanation.

My answer is
",1
fake_3378,1,2,7,2,64,1,3,"Today is November 5, 2024. Racially, I am white. Ideologically, I am liberal. Politically, I am a strong Republican. I do not attend church. I am 64 years old. I am a man. I am not very interested in politics.. Question: Do you think the federal government should be doing more about the opioid drug addiction issue, should be doing less, or is it currently doing the right amount?

Answer choices:
1. Should be doing more 2. Should be doing less 3. Is doing the right amount

When answering, respond ONLY with a single number that corresponds to the option you choose. Do not include any additional text, punctuation or explanation.

My answer is
",1
fake_3379,-9,2,1,1,30,1,3,"Today is November 5, 2024. Ideologically, I am liberal. Politically, I am a strong democrat. I attend church. I am 30 years old. I am a man. I am not very interested in politics.. Question: Do you think the federal government should be doing more about the opioid drug addiction issue, should be doing less, or is it currently doing the right amount?

Answer choices:
1. Should be doing more 2. Should be doing less 3. Is doing the right amount

When answering, respond ONLY with a single number that corresponds to the option you choose. Do not include any additional text, punctuation or explanation.

My answer is
",1
fake_3380,3,99,1,1,80,2,1,"Today is November 5, 2024. Racially, I am hispanic. Politically, I am a strong democrat. I attend church. I am 80 years old. I am a woman. I am very interested in politics.. Question: Do you think the federal government should be doing more about the opioid drug addiction issue, should be doing less, or is it currently doing the right amount?

Answer choices:
1. Should be doing more 2. Should be doing less 3. Is doing the right amount

When answering, respond ONLY with a single number that corresponds to the option you choose. Do not include any additional text, punctuation or explanation.

My answer is
",1
fake_3381,1,5,5,1,76,2,2,"Today is November 5, 2024. Racially, I am white. Ideologically, I am slightly conservative. Politically, I am an independent who leans Republican. I attend church. I am 76 years old. I am a woman. I am somewhat interested in politics.. Question: Do you think the federal government should be doing more about the opioid drug addiction issue, should be doing less, or is it currently doing the right amount?

Answer choices:
1. Should be doing more 2. Should be doing less 3. Is doing the right amount

When answering, respond ONLY with a single number that corresponds to the option you choose. Do not include any additional text, punctuation or explanation.

My answer is
",1
fake_3382,1,6,7,1,28,2,3,"Today is November 5, 2024. Racially, I am white. Ideologically, I am conservative. Politically, I am a strong Republican. I attend church. I am 28 years old. I am a woman. I am not very interested in politics.. Question: Do you think the federal government should be doing more about the opioid drug addiction issue, should be doing less, or is it currently doing the right amount?

Answer choices:
1. Should be doing more 2. Should be doing less 3. Is doing the right amount

When answering, respond ONLY with a single number that corresponds to the option you choose. Do not include any additional text, punctuation or explanation.

My answer is
",1
fake_3383,6,3,4,1,66,1,1,"Today is November 5, 2024. Ideologically, I am slightly liberal. Politically, I am an independent. I attend church. I am 66 years old. I am a man. I am very interested in politics.. Question: Do you think the federal government should be doing more about the opioid drug addiction issue, should be doing less, or is it currently doing the right amount?

Answer choices:
1. Should be doing more 2. Should be doing less 3. Is doing the right amount

When answering, respond ONLY with a single number that corresponds to the option you choose. Do not include any additional text, punctuation or explanation.

My answer is
",1
fake_3384,4,7,1,1,62,1,4,"Today is November 5, 2024. Racially, I am asian. Ideologically, I am extremely conservative. Politically, I am a strong democrat. I attend church. I am 62 years old. I am a man. I am not at all interested in politics.. Question: Do you think the federal government should be doing more about the opioid drug addiction issue, should be doing less, or is it currently doing the right amount?

Answer choices:
1. Should be doing more 2. Should be doing less 3. Is doing the right amount

When answering, respond ONLY with a single number that corresponds to the option you choose. Do not include any additional text, punctuation or explanation.

My answer is
",1
fake_3385,1,2,4,2,66,2,3,"Today is November 5, 2024. Racially, I am white. Ideologically, I am liberal. Politically, I am an independent. I do not attend church. I am 66 years old. I am a woman. I am not very interested in politics.. Question: Do you think the federal government should be doing more about the opioid drug addiction issue, should be doing less, or is it currently doing the right amount?

Answer choices:
1. Should be doing more 2. Should be doing less 3. Is doing the right amount

When answering, respond ONLY with a single number that corresponds to the option you choose. Do not include any additional text, punctuation or explanation.

My answer is
",1
fake_3386,1,2,5,1,75,2,2,"Today is November 5, 2024. Racially, I am white. Ideologically, I am liberal. Politically, I am an independent who leans Republican. I attend church. I am 75 years old. I am a woman. I am somewhat interested in politics.. Question: Do you think the federal government should be doing more about the opioid drug addiction issue, should be doing less, or is it currently doing the right amount?

Answer choices:
1. Should be doing more 2. Should be doing less 3. Is doing the right amount

When answering, respond ONLY with a single number that corresponds to the option you choose. Do not include any additional text, punctuation or explanation.

My answer is
",1
fake_3387,1,4,3,2,40,1,2,"Today is November 5, 2024. Racially, I am white. Ideologically, I am moderate. Politically, I am an independent who leans Democratic. I do not attend church. I am 40 years old. I am a man. I am somewhat interested in politics.. Question: Do you think the federal government should be doing more about the opioid drug addiction issue, should be doing less, or is it currently doing the right amount?

Answer choices:
1. Should be doing more 2. Should be doing less 3. Is doing the right amount

When answering, respond ONLY with a single number that corresponds to the option you choose. Do not include any additional text, punctuation or explanation.

My answer is
",1
fake_3388,4,4,7,-1,33,1,2,"Today is November 5, 2024. Racially, I am asian. Ideologically, I am moderate. Politically, I am a strong Republican. I am 33 years old. I am a man. I am somewhat interested in politics.. Question: Do you think the federal government should be doing more about the opioid drug addiction issue, should be doing less, or is it currently doing the right amount?

Answer choices:
1. Should be doing more 2. Should be doing less 3. Is doing the right amount

When answering, respond ONLY with a single number that corresponds to the option you choose. Do not include any additional text, punctuation or explanation.

My answer is
",1
fake_3389,1,5,-9,1,64,1,2,"Today is November 5, 2024. Racially, I am white. Ideologically, I am slightly conservative. I attend church. I am 64 years old. I am a man. I am somewhat interested in politics.. Question: Do you think the federal government should be doing more about the opioid drug addiction issue, should be doing less, or is it currently doing the right amount?

Answer choices:
1. Should be doing more 2. Should be doing less 3. Is doing the right amount

When answering, respond ONLY with a single number that corresponds to the option you choose. Do not include any additional text, punctuation or explanation.

My answer is
",1
fake_3390,6,99,5,2,56,2,2,"Today is November 5, 2024. Politically, I am an independent who leans Republican. I do not attend church. I am 56 years old. I am a woman. I am somewhat interested in politics.. Question: Do you think the federal government should be doing more about the opioid drug addiction issue, should be doing less, or is it currently doing the right amount?

Answer choices:
1. Should be doing more 2. Should be doing less 3. Is doing the right amount

When answering, respond ONLY with a single number that corresponds to the option you choose. Do not include any additional text, punctuation or explanation.

My answer is
",1
fake_3391,1,4,2,1,38,-9,1,"Today is November 5, 2024. Racially, I am white. Ideologically, I am moderate. Politically, I am a weak Democrat. I attend church. I am 38 years old. I am very interested in politics.. Question: Do you think the federal government should be doing more about the opioid drug addiction issue, should be doing less, or is it currently doing the right amount?

Answer choices:
1. Should be doing more 2. Should be doing less 3. Is doing the right amount

When answering, respond ONLY with a single number that corresponds to the option you choose. Do not include any additional text, punctuation or explanation.

My answer is
",1
fake_3392,1,3,7,2,37,2,-6,"Today is November 5, 2024. Racially, I am white. Ideologically, I am slightly liberal. Politically, I am a strong Republican. I do not attend church. I am 37 years old. I am a woman.. Question: Do you think the federal government should be doing more about the opioid drug addiction issue, should be doing less, or is it currently doing the right amount?

Answer choices:
1. Should be doing more 2. Should be doing less 3. Is doing the right amount

When answering, respond ONLY with a single number that corresponds to the option you choose. Do not include any additional text, punctuation or explanation.

My answer is
",1
fake_3393,1,3,7,1,41,1,2,"Today is November 5, 2024. Racially, I am white. Ideologically, I am slightly liberal. Politically, I am a strong Republican. I attend church. I am 41 years old. I am a man. I am somewhat interested in politics.. Question: Do you think the federal government should be doing more about the opioid drug addiction issue, should be doing less, or is it currently doing the right amount?

Answer choices:
1. Should be doing more 2. Should be doing less 3. Is doing the right amount

When answering, respond ONLY with a single number that corresponds to the option you choose. Do not include any additional text, punctuation or explanation.

My answer is
",1
fake_3394,1,1,5,1,60,1,2,"Today is November 5, 2024. Racially, I am white. Ideologically, I am extremely liberal. Politically, I am an independent who leans Republican. I attend church. I am 60 years old. I am a man. I am somewhat interested in politics.. Question: Do you think the federal government should be doing more about the opioid drug addiction issue, should be doing less, or is it currently doing the right amount?

Answer choices:
1. Should be doing more 2. Should be doing less 3. Is doing the right amount

When answering, respond ONLY with a single number that corresponds to the option you choose. Do not include any additional text, punctuation or explanation.

My answer is
",1
fake_3395,1,2,1,1,77,2,2,"Today is November 5, 2024. Racially, I am white. Ideologically, I am liberal. Politically, I am a strong democrat. I attend church. I am 77 years old. I am a woman. I am somewhat interested in politics.. Question: Do you think the federal government should be doing more about the opioid drug addiction issue, should be doing less, or is it currently doing the right amount?

Answer choices:
1. Should be doing more 2. Should be doing less 3. Is doing the right amount

When answering, respond ONLY with a single number that corresponds to the option you choose. Do not include any additional text, punctuation or explanation.

My answer is
",1
fake_3396,1,3,6,2,51,1,1,"Today is November 5, 2024. Racially, I am white. Ideologically, I am slightly liberal. Politically, I am a weak Republican. I do not attend church. I am 51 years old. I am a man. I am very interested in politics.. Question: Do you think the federal government should be doing more about the opioid drug addiction issue, should be doing less, or is it currently doing the right amount?

Answer choices:
1. Should be doing more 2. Should be doing less 3. Is doing the right amount

When answering, respond ONLY with a single number that corresponds to the option you choose. Do not include any additional text, punctuation or explanation.

My answer is
",1
fake_3397,1,1,2,1,61,1,1,"Today is November 5, 2024. Racially, I am white. Ideologically, I am extremely liberal. Politically, I am a weak Democrat. I attend church. I am 61 years old. I am a man. I am very interested in politics.. Question: Do you think the federal government should be doing more about the opioid drug addiction issue, should be doing less, or is it currently doing the right amount?

Answer choices:
1. Should be doing more 2. Should be doing less 3. Is doing the right amount

When answering, respond ONLY with a single number that corresponds to the option you choose. Do not include any additional text, punctuation or explanation.

My answer is
",1
fake_3398,1,7,7,1,80,1,1,"Today is November 5, 2024. Racially, I am white. Ideologically, I am extremely conservative. Politically, I am a strong Republican. I attend church. I am 80 years old. I am a man. I am very interested in politics.. Question: Do you think the federal government should be doing more about the opioid drug addiction issue, should be doing less, or is it currently doing the right amount?

Answer choices:
1. Should be doing more 2. Should be doing less 3. Is doing the right amount

When answering, respond ONLY with a single number that corresponds to the option you choose. Do not include any additional text, punctuation or explanation.

My answer is
",1
fake_3399,6,4,4,-1,46,1,4,"Today is November 5, 2024. Ideologically, I am moderate. Politically, I am an independent. I am 46 years old. I am a man. I am not at all interested in politics.. Question: Do you think the federal government should be doing more about the opioid drug addiction issue, should be doing less, or is it currently doing the right amount?

Answer choices:
1. Should be doing more 2. Should be doing less 3. Is doing the right amount

When answering, respond ONLY with a single number that corresponds to the option you choose. Do not include any additional text, punctuation or explanation.

My answer is
",1
fake_3400,6,3,4,2,68,1,1,"Today is November 5, 2024. Ideologically, I am slightly liberal. Politically, I am an independent. I do not attend church. I am 68 years old. I am a man. I am very interested in politics.. Question: Do you think the federal government should be doing more about the opioid drug addiction issue, should be doing less, or is it currently doing the right amount?

Answer choices:
1. Should be doing more 2. Should be doing less 3. Is doing the right amount

When answering, respond ONLY with a single number that corresponds to the option you choose. Do not include any additional text, punctuation or explanation.

My answer is
",1
fake_3401,1,3,5,2,68,1,3,"Today is November 5, 2024. Racially, I am white. Ideologically, I am slightly liberal. Politically, I am an independent who leans Republican. I do not attend church. I am 68 years old. I am a man. I am not very interested in politics.. Question: Do you think the federal government should be doing more about the opioid drug addiction issue, should be doing less, or is it currently doing the right amount?

Answer choices:
1. Should be doing more 2. Should be doing less 3. Is doing the right amount

When answering, respond ONLY with a single number that corresponds to the option you choose. Do not include any additional text, punctuation or explanation.

My answer is
",1
fake_3402,2,99,7,2,32,2,2,"Today is November 5, 2024. Racially, I am black. Politically, I am a strong Republican. I do not attend church. I am 32 years old. I am a woman. I am somewhat interested in politics.. Question: Do you think the federal government should be doing more about the opioid drug addiction issue, should be doing less, or is it currently doing the right amount?

Answer choices:
1. Should be doing more 2. Should be doing less 3. Is doing the right amount

When answering, respond ONLY with a single number that corresponds to the option you choose. Do not include any additional text, punctuation or explanation.

My answer is
",1
fake_3403,3,6,7,2,27,2,-6,"Today is November 5, 2024. Racially, I am hispanic. Ideologically, I am conservative. Politically, I am a strong Republican. I do not attend church. I am 27 years old. I am a woman.. Question: Do you think the federal government should be doing more about the opioid drug addiction issue, should be doing less, or is it currently doing the right amount?

Answer choices:
1. Should be doing more 2. Should be doing less 3. Is doing the right amount

When answering, respond ONLY with a single number that corresponds to the option you choose. Do not include any additional text, punctuation or explanation.

My answer is
",1
fake_3404,1,99,3,1,62,2,-6,"Today is November 5, 2024. Racially, I am white. Politically, I am an independent who leans Democratic. I attend church. I am 62 years old. I am a woman.. Question: Do you think the federal government should be doing more about the opioid drug addiction issue, should be doing less, or is it currently doing the right amount?

Answer choices:
1. Should be doing more 2. Should be doing less 3. Is doing the right amount

When answering, respond ONLY with a single number that corresponds to the option you choose. Do not include any additional text, punctuation or explanation.

My answer is
",1
fake_3405,4,4,2,1,22,1,2,"Today is November 5, 2024. Racially, I am asian. Ideologically, I am moderate. Politically, I am a weak Democrat. I attend church. I am 22 years old. I am a man. I am somewhat interested in politics.. Question: Do you think the federal government should be doing more about the opioid drug addiction issue, should be doing less, or is it currently doing the right amount?

Answer choices:
1. Should be doing more 2. Should be doing less 3. Is doing the right amount

When answering, respond ONLY with a single number that corresponds to the option you choose. Do not include any additional text, punctuation or explanation.

My answer is
",1
fake_3406,2,2,1,2,63,1,2,"Today is November 5, 2024. Racially, I am black. Ideologically, I am liberal. Politically, I am a strong democrat. I do not attend church. I am 63 years old. I am a man. I am somewhat interested in politics.. Question: Do you think the federal government should be doing more about the opioid drug addiction issue, should be doing less, or is it currently doing the right amount?

Answer choices:
1. Should be doing more 2. Should be doing less 3. Is doing the right amount

When answering, respond ONLY with a single number that corresponds to the option you choose. Do not include any additional text, punctuation or explanation.

My answer is
",1
fake_3407,1,5,5,2,32,1,4,"Today is November 5, 2024. Racially, I am white. Ideologically, I am slightly conservative. Politically, I am an independent who leans Republican. I do not attend church. I am 32 years old. I am a man. I am not at all interested in politics.. Question: Do you think the federal government should be doing more about the opioid drug addiction issue, should be doing less, or is it currently doing the right amount?

Answer choices:
1. Should be doing more 2. Should be doing less 3. Is doing the right amount

When answering, respond ONLY with a single number that corresponds to the option you choose. Do not include any additional text, punctuation or explanation.

My answer is
",1
fake_3408,2,7,2,1,52,2,3,"Today is November 5, 2024. Racially, I am black. Ideologically, I am extremely conservative. Politically, I am a weak Democrat. I attend church. I am 52 years old. I am a woman. I am not very interested in politics.. Question: Do you think the federal government should be doing more about the opioid drug addiction issue, should be doing less, or is it currently doing the right amount?

Answer choices:
1. Should be doing more 2. Should be doing less 3. Is doing the right amount

When answering, respond ONLY with a single number that corresponds to the option you choose. Do not include any additional text, punctuation or explanation.

My answer is
",1
fake_3409,1,4,5,2,46,2,2,"Today is November 5, 2024. Racially, I am white. Ideologically, I am moderate. Politically, I am an independent who leans Republican. I do not attend church. I am 46 years old. I am a woman. I am somewhat interested in politics.. Question: Do you think the federal government should be doing more about the opioid drug addiction issue, should be doing less, or is it currently doing the right amount?

Answer choices:
1. Should be doing more 2. Should be doing less 3. Is doing the right amount

When answering, respond ONLY with a single number that corresponds to the option you choose. Do not include any additional text, punctuation or explanation.

My answer is
",1
fake_3410,4,2,1,2,59,2,3,"Today is November 5, 2024. Racially, I am asian. Ideologically, I am liberal. Politically, I am a strong democrat. I do not attend church. I am 59 years old. I am a woman. I am not very interested in politics.. Question: Do you think the federal government should be doing more about the opioid drug addiction issue, should be doing less, or is it currently doing the right amount?

Answer choices:
1. Should be doing more 2. Should be doing less 3. Is doing the right amount

When answering, respond ONLY with a single number that corresponds to the option you choose. Do not include any additional text, punctuation or explanation.

My answer is
",1
fake_3411,1,99,1,-1,77,2,2,"Today is November 5, 2024. Racially, I am white. Politically, I am a strong democrat. I am 77 years old. I am a woman. I am somewhat interested in politics.. Question: Do you think the federal government should be doing more about the opioid drug addiction issue, should be doing less, or is it currently doing the right amount?

Answer choices:
1. Should be doing more 2. Should be doing less 3. Is doing the right amount

When answering, respond ONLY with a single number that corresponds to the option you choose. Do not include any additional text, punctuation or explanation.

My answer is
",1
fake_3412,1,7,1,-1,54,1,4,"Today is November 5, 2024. Racially, I am white. Ideologically, I am extremely conservative. Politically, I am a strong democrat. I am 54 years old. I am a man. I am not at all interested in politics.. Question: Do you think the federal government should be doing more about the opioid drug addiction issue, should be doing less, or is it currently doing the right amount?

Answer choices:
1. Should be doing more 2. Should be doing less 3. Is doing the right amount

When answering, respond ONLY with a single number that corresponds to the option you choose. Do not include any additional text, punctuation or explanation.

My answer is
",1
fake_3413,1,6,6,2,39,2,3,"Today is November 5, 2024. Racially, I am white. Ideologically, I am conservative. Politically, I am a weak Republican. I do not attend church. I am 39 years old. I am a woman. I am not very interested in politics.. Question: Do you think the federal government should be doing more about the opioid drug addiction issue, should be doing less, or is it currently doing the right amount?

Answer choices:
1. Should be doing more 2. Should be doing less 3. Is doing the right amount

When answering, respond ONLY with a single number that corresponds to the option you choose. Do not include any additional text, punctuation or explanation.

My answer is
",1
fake_3414,1,5,5,2,68,1,-6,"Today is November 5, 2024. Racially, I am white. Ideologically, I am slightly conservative. Politically, I am an independent who leans Republican. I do not attend church. I am 68 years old. I am a man.. Question: Do you think the federal government should be doing more about the opioid drug addiction issue, should be doing less, or is it currently doing the right amount?

Answer choices:
1. Should be doing more 2. Should be doing less 3. Is doing the right amount

When answering, respond ONLY with a single number that corresponds to the option you choose. Do not include any additional text, punctuation or explanation.

My answer is
",1
fake_3415,1,99,6,1,51,2,-7,"Today is November 5, 2024. Racially, I am white. Politically, I am a weak Republican. I attend church. I am 51 years old. I am a woman.. Question: Do you think the federal government should be doing more about the opioid drug addiction issue, should be doing less, or is it currently doing the right amount?

Answer choices:
1. Should be doing more 2. Should be doing less 3. Is doing the right amount

When answering, respond ONLY with a single number that corresponds to the option you choose. Do not include any additional text, punctuation or explanation.

My answer is
",1
fake_3416,1,4,1,1,-2,2,2,"Today is November 5, 2024. Racially, I am white. Ideologically, I am moderate. Politically, I am a strong democrat. I attend church. I am a woman. I am somewhat interested in politics.. Question: Do you think the federal government should be doing more about the opioid drug addiction issue, should be doing less, or is it currently doing the right amount?

Answer choices:
1. Should be doing more 2. Should be doing less 3. Is doing the right amount

When answering, respond ONLY with a single number that corresponds to the option you choose. Do not include any additional text, punctuation or explanation.

My answer is
",1
fake_3417,2,5,1,2,72,2,2,"Today is November 5, 2024. Racially, I am black. Ideologically, I am slightly conservative. Politically, I am a strong democrat. I do not attend church. I am 72 years old. I am a woman. I am somewhat interested in politics.. Question: Do you think the federal government should be doing more about the opioid drug addiction issue, should be doing less, or is it currently doing the right amount?

Answer choices:
1. Should be doing more 2. Should be doing less 3. Is doing the right amount

When answering, respond ONLY with a single number that corresponds to the option you choose. Do not include any additional text, punctuation or explanation.

My answer is
",1
fake_3418,1,2,1,2,79,1,1,"Today is November 5, 2024. Racially, I am white. Ideologically, I am liberal. Politically, I am a strong democrat. I do not attend church. I am 79 years old. I am a man. I am very interested in politics.. Question: Do you think the federal government should be doing more about the opioid drug addiction issue, should be doing less, or is it currently doing the right amount?

Answer choices:
1. Should be doing more 2. Should be doing less 3. Is doing the right amount

When answering, respond ONLY with a single number that corresponds to the option you choose. Do not include any additional text, punctuation or explanation.

My answer is
",1
fake_3419,1,7,7,2,80,2,-6,"Today is November 5, 2024. Racially, I am white. Ideologically, I am extremely conservative. Politically, I am a strong Republican. I do not attend church. I am 80 years old. I am a woman.. Question: Do you think the federal government should be doing more about the opioid drug addiction issue, should be doing less, or is it currently doing the right amount?

Answer choices:
1. Should be doing more 2. Should be doing less 3. Is doing the right amount

When answering, respond ONLY with a single number that corresponds to the option you choose. Do not include any additional text, punctuation or explanation.

My answer is
",1
fake_3420,1,99,1,1,42,1,4,"Today is November 5, 2024. Racially, I am white. Politically, I am a strong democrat. I attend church. I am 42 years old. I am a man. I am not at all interested in politics.. Question: Do you think the federal government should be doing more about the opioid drug addiction issue, should be doing less, or is it currently doing the right amount?

Answer choices:
1. Should be doing more 2. Should be doing less 3. Is doing the right amount

When answering, respond ONLY with a single number that corresponds to the option you choose. Do not include any additional text, punctuation or explanation.

My answer is
",1
fake_3421,1,99,7,1,-2,1,2,"Today is November 5, 2024. Racially, I am white. Politically, I am a strong Republican. I attend church. I am a man. I am somewhat interested in politics.. Question: Do you think the federal government should be doing more about the opioid drug addiction issue, should be doing less, or is it currently doing the right amount?

Answer choices:
1. Should be doing more 2. Should be doing less 3. Is doing the right amount

When answering, respond ONLY with a single number that corresponds to the option you choose. Do not include any additional text, punctuation or explanation.

My answer is
",1
fake_3422,3,6,1,2,44,2,3,"Today is November 5, 2024. Racially, I am hispanic. Ideologically, I am conservative. Politically, I am a strong democrat. I do not attend church. I am 44 years old. I am a woman. I am not very interested in politics.. Question: Do you think the federal government should be doing more about the opioid drug addiction issue, should be doing less, or is it currently doing the right amount?

Answer choices:
1. Should be doing more 2. Should be doing less 3. Is doing the right amount

When answering, respond ONLY with a single number that corresponds to the option you choose. Do not include any additional text, punctuation or explanation.

My answer is
",1
fake_3423,1,99,1,2,34,1,4,"Today is November 5, 2024. Racially, I am white. Politically, I am a strong democrat. I do not attend church. I am 34 years old. I am a man. I am not at all interested in politics.. Question: Do you think the federal government should be doing more about the opioid drug addiction issue, should be doing less, or is it currently doing the right amount?

Answer choices:
1. Should be doing more 2. Should be doing less 3. Is doing the right amount

When answering, respond ONLY with a single number that corresponds to the option you choose. Do not include any additional text, punctuation or explanation.

My answer is
",1
fake_3424,2,5,5,2,29,1,1,"Today is November 5, 2024. Racially, I am black. Ideologically, I am slightly conservative. Politically, I am an independent who leans Republican. I do not attend church. I am 29 years old. I am a man. I am very interested in politics.. Question: Do you think the federal government should be doing more about the opioid drug addiction issue, should be doing less, or is it currently doing the right amount?

Answer choices:
1. Should be doing more 2. Should be doing less 3. Is doing the right amount

When answering, respond ONLY with a single number that corresponds to the option you choose. Do not include any additional text, punctuation or explanation.

My answer is
",1
fake_3425,1,4,4,2,68,1,1,"Today is November 5, 2024. Racially, I am white. Ideologically, I am moderate. Politically, I am an independent. I do not attend church. I am 68 years old. I am a man. I am very interested in politics.. Question: Do you think the federal government should be doing more about the opioid drug addiction issue, should be doing less, or is it currently doing the right amount?

Answer choices:
1. Should be doing more 2. Should be doing less 3. Is doing the right amount

When answering, respond ONLY with a single number that corresponds to the option you choose. Do not include any additional text, punctuation or explanation.

My answer is
",1
fake_3426,1,4,5,-9,69,2,1,"Today is November 5, 2024. Racially, I am white. Ideologically, I am moderate. Politically, I am an independent who leans Republican. I am 69 years old. I am a woman. I am very interested in politics.. Question: Do you think the federal government should be doing more about the opioid drug addiction issue, should be doing less, or is it currently doing the right amount?

Answer choices:
1. Should be doing more 2. Should be doing less 3. Is doing the right amount

When answering, respond ONLY with a single number that corresponds to the option you choose. Do not include any additional text, punctuation or explanation.

My answer is
",1
fake_3427,1,4,7,2,20,2,4,"Today is November 5, 2024. Racially, I am white. Ideologically, I am moderate. Politically, I am a strong Republican. I do not attend church. I am 20 years old. I am a woman. I am not at all interested in politics.. Question: Do you think the federal government should be doing more about the opioid drug addiction issue, should be doing less, or is it currently doing the right amount?

Answer choices:
1. Should be doing more 2. Should be doing less 3. Is doing the right amount

When answering, respond ONLY with a single number that corresponds to the option you choose. Do not include any additional text, punctuation or explanation.

My answer is
",1
fake_3428,1,1,7,2,-2,1,2,"Today is November 5, 2024. Racially, I am white. Ideologically, I am extremely liberal. Politically, I am a strong Republican. I do not attend church. I am a man. I am somewhat interested in politics.. Question: Do you think the federal government should be doing more about the opioid drug addiction issue, should be doing less, or is it currently doing the right amount?

Answer choices:
1. Should be doing more 2. Should be doing less 3. Is doing the right amount

When answering, respond ONLY with a single number that corresponds to the option you choose. Do not include any additional text, punctuation or explanation.

My answer is
",1
fake_3429,1,3,6,2,59,2,2,"Today is November 5, 2024. Racially, I am white. Ideologically, I am slightly liberal. Politically, I am a weak Republican. I do not attend church. I am 59 years old. I am a woman. I am somewhat interested in politics.. Question: Do you think the federal government should be doing more about the opioid drug addiction issue, should be doing less, or is it currently doing the right amount?

Answer choices:
1. Should be doing more 2. Should be doing less 3. Is doing the right amount

When answering, respond ONLY with a single number that corresponds to the option you choose. Do not include any additional text, punctuation or explanation.

My answer is
",1
fake_3430,1,5,2,1,30,2,-6,"Today is November 5, 2024. Racially, I am white. Ideologically, I am slightly conservative. Politically, I am a weak Democrat. I attend church. I am 30 years old. I am a woman.. Question: Do you think the federal government should be doing more about the opioid drug addiction issue, should be doing less, or is it currently doing the right amount?

Answer choices:
1. Should be doing more 2. Should be doing less 3. Is doing the right amount

When answering, respond ONLY with a single number that corresponds to the option you choose. Do not include any additional text, punctuation or explanation.

My answer is
",1
fake_3431,1,5,1,2,40,1,1,"Today is November 5, 2024. Racially, I am white. Ideologically, I am slightly conservative. Politically, I am a strong democrat. I do not attend church. I am 40 years old. I am a man. I am very interested in politics.. Question: Do you think the federal government should be doing more about the opioid drug addiction issue, should be doing less, or is it currently doing the right amount?

Answer choices:
1. Should be doing more 2. Should be doing less 3. Is doing the right amount

When answering, respond ONLY with a single number that corresponds to the option you choose. Do not include any additional text, punctuation or explanation.

My answer is
",1
fake_3432,1,99,1,1,65,2,1,"Today is November 5, 2024. Racially, I am white. Politically, I am a strong democrat. I attend church. I am 65 years old. I am a woman. I am very interested in politics.. Question: Do you think the federal government should be doing more about the opioid drug addiction issue, should be doing less, or is it currently doing the right amount?

Answer choices:
1. Should be doing more 2. Should be doing less 3. Is doing the right amount

When answering, respond ONLY with a single number that corresponds to the option you choose. Do not include any additional text, punctuation or explanation.

My answer is
",1
fake_3433,1,2,6,1,38,1,3,"Today is November 5, 2024. Racially, I am white. Ideologically, I am liberal. Politically, I am a weak Republican. I attend church. I am 38 years old. I am a man. I am not very interested in politics.. Question: Do you think the federal government should be doing more about the opioid drug addiction issue, should be doing less, or is it currently doing the right amount?

Answer choices:
1. Should be doing more 2. Should be doing less 3. Is doing the right amount

When answering, respond ONLY with a single number that corresponds to the option you choose. Do not include any additional text, punctuation or explanation.

My answer is
",1
fake_3434,1,2,7,1,56,1,3,"Today is November 5, 2024. Racially, I am white. Ideologically, I am liberal. Politically, I am a strong Republican. I attend church. I am 56 years old. I am a man. I am not very interested in politics.. Question: Do you think the federal government should be doing more about the opioid drug addiction issue, should be doing less, or is it currently doing the right amount?

Answer choices:
1. Should be doing more 2. Should be doing less 3. Is doing the right amount

When answering, respond ONLY with a single number that corresponds to the option you choose. Do not include any additional text, punctuation or explanation.

My answer is
",1
fake_3435,-9,3,4,1,56,2,2,"Today is November 5, 2024. Ideologically, I am slightly liberal. Politically, I am an independent. I attend church. I am 56 years old. I am a woman. I am somewhat interested in politics.. Question: Do you think the federal government should be doing more about the opioid drug addiction issue, should be doing less, or is it currently doing the right amount?

Answer choices:
1. Should be doing more 2. Should be doing less 3. Is doing the right amount

When answering, respond ONLY with a single number that corresponds to the option you choose. Do not include any additional text, punctuation or explanation.

My answer is
",1
fake_3436,4,6,7,1,44,2,3,"Today is November 5, 2024. Racially, I am asian. Ideologically, I am conservative. Politically, I am a strong Republican. I attend church. I am 44 years old. I am a woman. I am not very interested in politics.. Question: Do you think the federal government should be doing more about the opioid drug addiction issue, should be doing less, or is it currently doing the right amount?

Answer choices:
1. Should be doing more 2. Should be doing less 3. Is doing the right amount

When answering, respond ONLY with a single number that corresponds to the option you choose. Do not include any additional text, punctuation or explanation.

My answer is
",1
fake_3437,1,6,2,1,80,1,-9,"Today is November 5, 2024. Racially, I am white. Ideologically, I am conservative. Politically, I am a weak Democrat. I attend church. I am 80 years old. I am a man.. Question: Do you think the federal government should be doing more about the opioid drug addiction issue, should be doing less, or is it currently doing the right amount?

Answer choices:
1. Should be doing more 2. Should be doing less 3. Is doing the right amount

When answering, respond ONLY with a single number that corresponds to the option you choose. Do not include any additional text, punctuation or explanation.

My answer is
",1
fake_3438,1,2,1,1,40,1,3,"Today is November 5, 2024. Racially, I am white. Ideologically, I am liberal. Politically, I am a strong democrat. I attend church. I am 40 years old. I am a man. I am not very interested in politics.. Question: Do you think the federal government should be doing more about the opioid drug addiction issue, should be doing less, or is it currently doing the right amount?

Answer choices:
1. Should be doing more 2. Should be doing less 3. Is doing the right amount

When answering, respond ONLY with a single number that corresponds to the option you choose. Do not include any additional text, punctuation or explanation.

My answer is
",1
fake_3439,1,99,1,1,25,2,1,"Today is November 5, 2024. Racially, I am white. Politically, I am a strong democrat. I attend church. I am 25 years old. I am a woman. I am very interested in politics.. Question: Do you think the federal government should be doing more about the opioid drug addiction issue, should be doing less, or is it currently doing the right amount?

Answer choices:
1. Should be doing more 2. Should be doing less 3. Is doing the right amount

When answering, respond ONLY with a single number that corresponds to the option you choose. Do not include any additional text, punctuation or explanation.

My answer is
",1
fake_3440,1,5,7,1,28,1,3,"Today is November 5, 2024. Racially, I am white. Ideologically, I am slightly conservative. Politically, I am a strong Republican. I attend church. I am 28 years old. I am a man. I am not very interested in politics.. Question: Do you think the federal government should be doing more about the opioid drug addiction issue, should be doing less, or is it currently doing the right amount?

Answer choices:
1. Should be doing more 2. Should be doing less 3. Is doing the right amount

When answering, respond ONLY with a single number that corresponds to the option you choose. Do not include any additional text, punctuation or explanation.

My answer is
",1
fake_3441,1,2,5,1,47,-9,3,"Today is November 5, 2024. Racially, I am white. Ideologically, I am liberal. Politically, I am an independent who leans Republican. I attend church. I am 47 years old. I am not very interested in politics.. Question: Do you think the federal government should be doing more about the opioid drug addiction issue, should be doing less, or is it currently doing the right amount?

Answer choices:
1. Should be doing more 2. Should be doing less 3. Is doing the right amount

When answering, respond ONLY with a single number that corresponds to the option you choose. Do not include any additional text, punctuation or explanation.

My answer is
",1
fake_3442,1,-9,1,1,76,1,2,"Today is November 5, 2024. Racially, I am white. Politically, I am a strong democrat. I attend church. I am 76 years old. I am a man. I am somewhat interested in politics.. Question: Do you think the federal government should be doing more about the opioid drug addiction issue, should be doing less, or is it currently doing the right amount?

Answer choices:
1. Should be doing more 2. Should be doing less 3. Is doing the right amount

When answering, respond ONLY with a single number that corresponds to the option you choose. Do not include any additional text, punctuation or explanation.

My answer is
",1
fake_3443,1,2,7,1,67,2,2,"Today is November 5, 2024. Racially, I am white. Ideologically, I am liberal. Politically, I am a strong Republican. I attend church. I am 67 years old. I am a woman. I am somewhat interested in politics.. Question: Do you think the federal government should be doing more about the opioid drug addiction issue, should be doing less, or is it currently doing the right amount?

Answer choices:
1. Should be doing more 2. Should be doing less 3. Is doing the right amount

When answering, respond ONLY with a single number that corresponds to the option you choose. Do not include any additional text, punctuation or explanation.

My answer is
",1
fake_3444,1,2,3,2,50,1,-6,"Today is November 5, 2024. Racially, I am white. Ideologically, I am liberal. Politically, I am an independent who leans Democratic. I do not attend church. I am 50 years old. I am a man.. Question: Do you think the federal government should be doing more about the opioid drug addiction issue, should be doing less, or is it currently doing the right amount?

Answer choices:
1. Should be doing more 2. Should be doing less 3. Is doing the right amount

When answering, respond ONLY with a single number that corresponds to the option you choose. Do not include any additional text, punctuation or explanation.

My answer is
",1
fake_3445,1,4,5,2,57,1,3,"Today is November 5, 2024. Racially, I am white. Ideologically, I am moderate. Politically, I am an independent who leans Republican. I do not attend church. I am 57 years old. I am a man. I am not very interested in politics.. Question: Do you think the federal government should be doing more about the opioid drug addiction issue, should be doing less, or is it currently doing the right amount?

Answer choices:
1. Should be doing more 2. Should be doing less 3. Is doing the right amount

When answering, respond ONLY with a single number that corresponds to the option you choose. Do not include any additional text, punctuation or explanation.

My answer is
",1
fake_3446,1,6,1,1,40,1,2,"Today is November 5, 2024. Racially, I am white. Ideologically, I am conservative. Politically, I am a strong democrat. I attend church. I am 40 years old. I am a man. I am somewhat interested in politics.. Question: Do you think the federal government should be doing more about the opioid drug addiction issue, should be doing less, or is it currently doing the right amount?

Answer choices:
1. Should be doing more 2. Should be doing less 3. Is doing the right amount

When answering, respond ONLY with a single number that corresponds to the option you choose. Do not include any additional text, punctuation or explanation.

My answer is
",1
fake_3447,1,5,1,2,54,1,4,"Today is November 5, 2024. Racially, I am white. Ideologically, I am slightly conservative. Politically, I am a strong democrat. I do not attend church. I am 54 years old. I am a man. I am not at all interested in politics.. Question: Do you think the federal government should be doing more about the opioid drug addiction issue, should be doing less, or is it currently doing the right amount?

Answer choices:
1. Should be doing more 2. Should be doing less 3. Is doing the right amount

When answering, respond ONLY with a single number that corresponds to the option you choose. Do not include any additional text, punctuation or explanation.

My answer is
",1
fake_3448,1,3,5,-1,61,2,2,"Today is November 5, 2024. Racially, I am white. Ideologically, I am slightly liberal. Politically, I am an independent who leans Republican. I am 61 years old. I am a woman. I am somewhat interested in politics.. Question: Do you think the federal government should be doing more about the opioid drug addiction issue, should be doing less, or is it currently doing the right amount?

Answer choices:
1. Should be doing more 2. Should be doing less 3. Is doing the right amount

When answering, respond ONLY with a single number that corresponds to the option you choose. Do not include any additional text, punctuation or explanation.

My answer is
",1
fake_3449,3,4,7,2,27,1,1,"Today is November 5, 2024. Racially, I am hispanic. Ideologically, I am moderate. Politically, I am a strong Republican. I do not attend church. I am 27 years old. I am a man. I am very interested in politics.. Question: Do you think the federal government should be doing more about the opioid drug addiction issue, should be doing less, or is it currently doing the right amount?

Answer choices:
1. Should be doing more 2. Should be doing less 3. Is doing the right amount

When answering, respond ONLY with a single number that corresponds to the option you choose. Do not include any additional text, punctuation or explanation.

My answer is
",1
fake_3450,2,2,6,1,24,1,2,"Today is November 5, 2024. Racially, I am black. Ideologically, I am liberal. Politically, I am a weak Republican. I attend church. I am 24 years old. I am a man. I am somewhat interested in politics.. Question: Do you think the federal government should be doing more about the opioid drug addiction issue, should be doing less, or is it currently doing the right amount?

Answer choices:
1. Should be doing more 2. Should be doing less 3. Is doing the right amount

When answering, respond ONLY with a single number that corresponds to the option you choose. Do not include any additional text, punctuation or explanation.

My answer is
",1
fake_3451,1,6,5,-1,36,2,2,"Today is November 5, 2024. Racially, I am white. Ideologically, I am conservative. Politically, I am an independent who leans Republican. I am 36 years old. I am a woman. I am somewhat interested in politics.. Question: Do you think the federal government should be doing more about the opioid drug addiction issue, should be doing less, or is it currently doing the right amount?

Answer choices:
1. Should be doing more 2. Should be doing less 3. Is doing the right amount

When answering, respond ONLY with a single number that corresponds to the option you choose. Do not include any additional text, punctuation or explanation.

My answer is
",1
fake_3452,3,2,6,1,47,1,2,"Today is November 5, 2024. Racially, I am hispanic. Ideologically, I am liberal. Politically, I am a weak Republican. I attend church. I am 47 years old. I am a man. I am somewhat interested in politics.. Question: Do you think the federal government should be doing more about the opioid drug addiction issue, should be doing less, or is it currently doing the right amount?

Answer choices:
1. Should be doing more 2. Should be doing less 3. Is doing the right amount

When answering, respond ONLY with a single number that corresponds to the option you choose. Do not include any additional text, punctuation or explanation.

My answer is
",1
fake_3453,1,4,2,1,62,1,4,"Today is November 5, 2024. Racially, I am white. Ideologically, I am moderate. Politically, I am a weak Democrat. I attend church. I am 62 years old. I am a man. I am not at all interested in politics.. Question: Do you think the federal government should be doing more about the opioid drug addiction issue, should be doing less, or is it currently doing the right amount?

Answer choices:
1. Should be doing more 2. Should be doing less 3. Is doing the right amount

When answering, respond ONLY with a single number that corresponds to the option you choose. Do not include any additional text, punctuation or explanation.

My answer is
",1
fake_3454,1,4,5,2,56,2,-6,"Today is November 5, 2024. Racially, I am white. Ideologically, I am moderate. Politically, I am an independent who leans Republican. I do not attend church. I am 56 years old. I am a woman.. Question: Do you think the federal government should be doing more about the opioid drug addiction issue, should be doing less, or is it currently doing the right amount?

Answer choices:
1. Should be doing more 2. Should be doing less 3. Is doing the right amount

When answering, respond ONLY with a single number that corresponds to the option you choose. Do not include any additional text, punctuation or explanation.

My answer is
",1
fake_3455,1,4,7,-1,40,2,1,"Today is November 5, 2024. Racially, I am white. Ideologically, I am moderate. Politically, I am a strong Republican. I am 40 years old. I am a woman. I am very interested in politics.. Question: Do you think the federal government should be doing more about the opioid drug addiction issue, should be doing less, or is it currently doing the right amount?

Answer choices:
1. Should be doing more 2. Should be doing less 3. Is doing the right amount

When answering, respond ONLY with a single number that corresponds to the option you choose. Do not include any additional text, punctuation or explanation.

My answer is
",1
fake_3456,3,99,5,2,58,2,1,"Today is November 5, 2024. Racially, I am hispanic. Politically, I am an independent who leans Republican. I do not attend church. I am 58 years old. I am a woman. I am very interested in politics.. Question: Do you think the federal government should be doing more about the opioid drug addiction issue, should be doing less, or is it currently doing the right amount?

Answer choices:
1. Should be doing more 2. Should be doing less 3. Is doing the right amount

When answering, respond ONLY with a single number that corresponds to the option you choose. Do not include any additional text, punctuation or explanation.

My answer is
",1
fake_3457,1,4,1,1,80,1,2,"Today is November 5, 2024. Racially, I am white. Ideologically, I am moderate. Politically, I am a strong democrat. I attend church. I am 80 years old. I am a man. I am somewhat interested in politics.. Question: Do you think the federal government should be doing more about the opioid drug addiction issue, should be doing less, or is it currently doing the right amount?

Answer choices:
1. Should be doing more 2. Should be doing less 3. Is doing the right amount

When answering, respond ONLY with a single number that corresponds to the option you choose. Do not include any additional text, punctuation or explanation.

My answer is
",1
fake_3458,3,3,3,1,45,2,-6,"Today is November 5, 2024. Racially, I am hispanic. Ideologically, I am slightly liberal. Politically, I am an independent who leans Democratic. I attend church. I am 45 years old. I am a woman.. Question: Do you think the federal government should be doing more about the opioid drug addiction issue, should be doing less, or is it currently doing the right amount?

Answer choices:
1. Should be doing more 2. Should be doing less 3. Is doing the right amount

When answering, respond ONLY with a single number that corresponds to the option you choose. Do not include any additional text, punctuation or explanation.

My answer is
",1
fake_3459,-9,6,4,2,59,2,3,"Today is November 5, 2024. Ideologically, I am conservative. Politically, I am an independent. I do not attend church. I am 59 years old. I am a woman. I am not very interested in politics.. Question: Do you think the federal government should be doing more about the opioid drug addiction issue, should be doing less, or is it currently doing the right amount?

Answer choices:
1. Should be doing more 2. Should be doing less 3. Is doing the right amount

When answering, respond ONLY with a single number that corresponds to the option you choose. Do not include any additional text, punctuation or explanation.

My answer is
",1
fake_3460,2,2,2,1,43,1,1,"Today is November 5, 2024. Racially, I am black. Ideologically, I am liberal. Politically, I am a weak Democrat. I attend church. I am 43 years old. I am a man. I am very interested in politics.. Question: Do you think the federal government should be doing more about the opioid drug addiction issue, should be doing less, or is it currently doing the right amount?

Answer choices:
1. Should be doing more 2. Should be doing less 3. Is doing the right amount

When answering, respond ONLY with a single number that corresponds to the option you choose. Do not include any additional text, punctuation or explanation.

My answer is
",1
fake_3461,1,6,7,2,45,2,1,"Today is November 5, 2024. Racially, I am white. Ideologically, I am conservative. Politically, I am a strong Republican. I do not attend church. I am 45 years old. I am a woman. I am very interested in politics.. Question: Do you think the federal government should be doing more about the opioid drug addiction issue, should be doing less, or is it currently doing the right amount?

Answer choices:
1. Should be doing more 2. Should be doing less 3. Is doing the right amount

When answering, respond ONLY with a single number that corresponds to the option you choose. Do not include any additional text, punctuation or explanation.

My answer is
",1
fake_3462,1,99,5,1,18,2,3,"Today is November 5, 2024. Racially, I am white. Politically, I am an independent who leans Republican. I attend church. I am 18 years old. I am a woman. I am not very interested in politics.. Question: Do you think the federal government should be doing more about the opioid drug addiction issue, should be doing less, or is it currently doing the right amount?

Answer choices:
1. Should be doing more 2. Should be doing less 3. Is doing the right amount

When answering, respond ONLY with a single number that corresponds to the option you choose. Do not include any additional text, punctuation or explanation.

My answer is
",1
fake_3463,-9,99,5,1,63,1,2,"Today is November 5, 2024. Politically, I am an independent who leans Republican. I attend church. I am 63 years old. I am a man. I am somewhat interested in politics.. Question: Do you think the federal government should be doing more about the opioid drug addiction issue, should be doing less, or is it currently doing the right amount?

Answer choices:
1. Should be doing more 2. Should be doing less 3. Is doing the right amount

When answering, respond ONLY with a single number that corresponds to the option you choose. Do not include any additional text, punctuation or explanation.

My answer is
",1
fake_3464,1,6,7,2,67,1,1,"Today is November 5, 2024. Racially, I am white. Ideologically, I am conservative. Politically, I am a strong Republican. I do not attend church. I am 67 years old. I am a man. I am very interested in politics.. Question: Do you think the federal government should be doing more about the opioid drug addiction issue, should be doing less, or is it currently doing the right amount?

Answer choices:
1. Should be doing more 2. Should be doing less 3. Is doing the right amount

When answering, respond ONLY with a single number that corresponds to the option you choose. Do not include any additional text, punctuation or explanation.

My answer is
",1
fake_3465,2,2,3,2,69,2,2,"Today is November 5, 2024. Racially, I am black. Ideologically, I am liberal. Politically, I am an independent who leans Democratic. I do not attend church. I am 69 years old. I am a woman. I am somewhat interested in politics.. Question: Do you think the federal government should be doing more about the opioid drug addiction issue, should be doing less, or is it currently doing the right amount?

Answer choices:
1. Should be doing more 2. Should be doing less 3. Is doing the right amount

When answering, respond ONLY with a single number that corresponds to the option you choose. Do not include any additional text, punctuation or explanation.

My answer is
",1
fake_3466,1,4,1,2,31,1,2,"Today is November 5, 2024. Racially, I am white. Ideologically, I am moderate. Politically, I am a strong democrat. I do not attend church. I am 31 years old. I am a man. I am somewhat interested in politics.. Question: Do you think the federal government should be doing more about the opioid drug addiction issue, should be doing less, or is it currently doing the right amount?

Answer choices:
1. Should be doing more 2. Should be doing less 3. Is doing the right amount

When answering, respond ONLY with a single number that corresponds to the option you choose. Do not include any additional text, punctuation or explanation.

My answer is
",1
fake_3467,1,6,7,2,25,1,1,"Today is November 5, 2024. Racially, I am white. Ideologically, I am conservative. Politically, I am a strong Republican. I do not attend church. I am 25 years old. I am a man. I am very interested in politics.. Question: Do you think the federal government should be doing more about the opioid drug addiction issue, should be doing less, or is it currently doing the right amount?

Answer choices:
1. Should be doing more 2. Should be doing less 3. Is doing the right amount

When answering, respond ONLY with a single number that corresponds to the option you choose. Do not include any additional text, punctuation or explanation.

My answer is
",2
fake_3468,1,2,1,2,44,2,1,"Today is November 5, 2024. Racially, I am white. Ideologically, I am liberal. Politically, I am a strong democrat. I do not attend church. I am 44 years old. I am a woman. I am very interested in politics.. Question: Do you think the federal government should be doing more about the opioid drug addiction issue, should be doing less, or is it currently doing the right amount?

Answer choices:
1. Should be doing more 2. Should be doing less 3. Is doing the right amount

When answering, respond ONLY with a single number that corresponds to the option you choose. Do not include any additional text, punctuation or explanation.

My answer is
",1
fake_3469,1,7,7,2,44,2,-6,"Today is November 5, 2024. Racially, I am white. Ideologically, I am extremely conservative. Politically, I am a strong Republican. I do not attend church. I am 44 years old. I am a woman.. Question: Do you think the federal government should be doing more about the opioid drug addiction issue, should be doing less, or is it currently doing the right amount?

Answer choices:
1. Should be doing more 2. Should be doing less 3. Is doing the right amount

When answering, respond ONLY with a single number that corresponds to the option you choose. Do not include any additional text, punctuation or explanation.

My answer is
",2
fake_3470,1,3,6,1,62,2,-7,"Today is November 5, 2024. Racially, I am white. Ideologically, I am slightly liberal. Politically, I am a weak Republican. I attend church. I am 62 years old. I am a woman.. Question: Do you think the federal government should be doing more about the opioid drug addiction issue, should be doing less, or is it currently doing the right amount?

Answer choices:
1. Should be doing more 2. Should be doing less 3. Is doing the right amount

When answering, respond ONLY with a single number that corresponds to the option you choose. Do not include any additional text, punctuation or explanation.

My answer is
",1
fake_3471,1,6,7,1,40,2,3,"Today is November 5, 2024. Racially, I am white. Ideologically, I am conservative. Politically, I am a strong Republican. I attend church. I am 40 years old. I am a woman. I am not very interested in politics.. Question: Do you think the federal government should be doing more about the opioid drug addiction issue, should be doing less, or is it currently doing the right amount?

Answer choices:
1. Should be doing more 2. Should be doing less 3. Is doing the right amount

When answering, respond ONLY with a single number that corresponds to the option you choose. Do not include any additional text, punctuation or explanation.

My answer is
",1
fake_3472,1,7,2,1,80,2,1,"Today is November 5, 2024. Racially, I am white. Ideologically, I am extremely conservative. Politically, I am a weak Democrat. I attend church. I am 80 years old. I am a woman. I am very interested in politics.. Question: Do you think the federal government should be doing more about the opioid drug addiction issue, should be doing less, or is it currently doing the right amount?

Answer choices:
1. Should be doing more 2. Should be doing less 3. Is doing the right amount

When answering, respond ONLY with a single number that corresponds to the option you choose. Do not include any additional text, punctuation or explanation.

My answer is
",1
fake_3473,1,2,7,2,38,2,1,"Today is November 5, 2024. Racially, I am white. Ideologically, I am liberal. Politically, I am a strong Republican. I do not attend church. I am 38 years old. I am a woman. I am very interested in politics.. Question: Do you think the federal government should be doing more about the opioid drug addiction issue, should be doing less, or is it currently doing the right amount?

Answer choices:
1. Should be doing more 2. Should be doing less 3. Is doing the right amount

When answering, respond ONLY with a single number that corresponds to the option you choose. Do not include any additional text, punctuation or explanation.

My answer is
",1
fake_3474,1,4,7,2,61,2,1,"Today is November 5, 2024. Racially, I am white. Ideologically, I am moderate. Politically, I am a strong Republican. I do not attend church. I am 61 years old. I am a woman. I am very interested in politics.. Question: Do you think the federal government should be doing more about the opioid drug addiction issue, should be doing less, or is it currently doing the right amount?

Answer choices:
1. Should be doing more 2. Should be doing less 3. Is doing the right amount

When answering, respond ONLY with a single number that corresponds to the option you choose. Do not include any additional text, punctuation or explanation.

My answer is
",1
fake_3475,3,99,6,2,26,2,4,"Today is November 5, 2024. Racially, I am hispanic. Politically, I am a weak Republican. I do not attend church. I am 26 years old. I am a woman. I am not at all interested in politics.. Question: Do you think the federal government should be doing more about the opioid drug addiction issue, should be doing less, or is it currently doing the right amount?

Answer choices:
1. Should be doing more 2. Should be doing less 3. Is doing the right amount

When answering, respond ONLY with a single number that corresponds to the option you choose. Do not include any additional text, punctuation or explanation.

My answer is
",1
fake_3476,2,5,2,2,-2,2,2,"Today is November 5, 2024. Racially, I am black. Ideologically, I am slightly conservative. Politically, I am a weak Democrat. I do not attend church. I am a woman. I am somewhat interested in politics.. Question: Do you think the federal government should be doing more about the opioid drug addiction issue, should be doing less, or is it currently doing the right amount?

Answer choices:
1. Should be doing more 2. Should be doing less 3. Is doing the right amount

When answering, respond ONLY with a single number that corresponds to the option you choose. Do not include any additional text, punctuation or explanation.

My answer is
",1
fake_3477,3,4,3,1,68,2,-6,"Today is November 5, 2024. Racially, I am hispanic. Ideologically, I am moderate. Politically, I am an independent who leans Democratic. I attend church. I am 68 years old. I am a woman.. Question: Do you think the federal government should be doing more about the opioid drug addiction issue, should be doing less, or is it currently doing the right amount?

Answer choices:
1. Should be doing more 2. Should be doing less 3. Is doing the right amount

When answering, respond ONLY with a single number that corresponds to the option you choose. Do not include any additional text, punctuation or explanation.

My answer is
",1
fake_3478,1,2,7,2,41,1,2,"Today is November 5, 2024. Racially, I am white. Ideologically, I am liberal. Politically, I am a strong Republican. I do not attend church. I am 41 years old. I am a man. I am somewhat interested in politics.. Question: Do you think the federal government should be doing more about the opioid drug addiction issue, should be doing less, or is it currently doing the right amount?

Answer choices:
1. Should be doing more 2. Should be doing less 3. Is doing the right amount

When answering, respond ONLY with a single number that corresponds to the option you choose. Do not include any additional text, punctuation or explanation.

My answer is
",1
fake_3479,1,99,1,1,64,2,1,"Today is November 5, 2024. Racially, I am white. Politically, I am a strong democrat. I attend church. I am 64 years old. I am a woman. I am very interested in politics.. Question: Do you think the federal government should be doing more about the opioid drug addiction issue, should be doing less, or is it currently doing the right amount?

Answer choices:
1. Should be doing more 2. Should be doing less 3. Is doing the right amount

When answering, respond ONLY with a single number that corresponds to the option you choose. Do not include any additional text, punctuation or explanation.

My answer is
",1
fake_3480,1,6,2,1,40,1,2,"Today is November 5, 2024. Racially, I am white. Ideologically, I am conservative. Politically, I am a weak Democrat. I attend church. I am 40 years old. I am a man. I am somewhat interested in politics.. Question: Do you think the federal government should be doing more about the opioid drug addiction issue, should be doing less, or is it currently doing the right amount?

Answer choices:
1. Should be doing more 2. Should be doing less 3. Is doing the right amount

When answering, respond ONLY with a single number that corresponds to the option you choose. Do not include any additional text, punctuation or explanation.

My answer is
",1
fake_3481,1,5,7,2,66,1,1,"Today is November 5, 2024. Racially, I am white. Ideologically, I am slightly conservative. Politically, I am a strong Republican. I do not attend church. I am 66 years old. I am a man. I am very interested in politics.. Question: Do you think the federal government should be doing more about the opioid drug addiction issue, should be doing less, or is it currently doing the right amount?

Answer choices:
1. Should be doing more 2. Should be doing less 3. Is doing the right amount

When answering, respond ONLY with a single number that corresponds to the option you choose. Do not include any additional text, punctuation or explanation.

My answer is
",1
fake_3482,1,4,3,1,60,1,1,"Today is November 5, 2024. Racially, I am white. Ideologically, I am moderate. Politically, I am an independent who leans Democratic. I attend church. I am 60 years old. I am a man. I am very interested in politics.. Question: Do you think the federal government should be doing more about the opioid drug addiction issue, should be doing less, or is it currently doing the right amount?

Answer choices:
1. Should be doing more 2. Should be doing less 3. Is doing the right amount

When answering, respond ONLY with a single number that corresponds to the option you choose. Do not include any additional text, punctuation or explanation.

My answer is
",1
fake_3483,1,99,2,1,-2,2,2,"Today is November 5, 2024. Racially, I am white. Politically, I am a weak Democrat. I attend church. I am a woman. I am somewhat interested in politics.. Question: Do you think the federal government should be doing more about the opioid drug addiction issue, should be doing less, or is it currently doing the right amount?

Answer choices:
1. Should be doing more 2. Should be doing less 3. Is doing the right amount

When answering, respond ONLY with a single number that corresponds to the option you choose. Do not include any additional text, punctuation or explanation.

My answer is
",1
fake_3484,1,2,5,2,72,2,2,"Today is November 5, 2024. Racially, I am white. Ideologically, I am liberal. Politically, I am an independent who leans Republican. I do not attend church. I am 72 years old. I am a woman. I am somewhat interested in politics.. Question: Do you think the federal government should be doing more about the opioid drug addiction issue, should be doing less, or is it currently doing the right amount?

Answer choices:
1. Should be doing more 2. Should be doing less 3. Is doing the right amount

When answering, respond ONLY with a single number that corresponds to the option you choose. Do not include any additional text, punctuation or explanation.

My answer is
",1
fake_3485,1,2,6,2,28,-9,4,"Today is November 5, 2024. Racially, I am white. Ideologically, I am liberal. Politically, I am a weak Republican. I do not attend church. I am 28 years old. I am not at all interested in politics.. Question: Do you think the federal government should be doing more about the opioid drug addiction issue, should be doing less, or is it currently doing the right amount?

Answer choices:
1. Should be doing more 2. Should be doing less 3. Is doing the right amount

When answering, respond ONLY with a single number that corresponds to the option you choose. Do not include any additional text, punctuation or explanation.

My answer is
",1
fake_3486,2,7,3,1,45,1,1,"Today is November 5, 2024. Racially, I am black. Ideologically, I am extremely conservative. Politically, I am an independent who leans Democratic. I attend church. I am 45 years old. I am a man. I am very interested in politics.. Question: Do you think the federal government should be doing more about the opioid drug addiction issue, should be doing less, or is it currently doing the right amount?

Answer choices:
1. Should be doing more 2. Should be doing less 3. Is doing the right amount

When answering, respond ONLY with a single number that corresponds to the option you choose. Do not include any additional text, punctuation or explanation.

My answer is
",1
fake_3487,1,4,2,2,68,2,1,"Today is November 5, 2024. Racially, I am white. Ideologically, I am moderate. Politically, I am a weak Democrat. I do not attend church. I am 68 years old. I am a woman. I am very interested in politics.. Question: Do you think the federal government should be doing more about the opioid drug addiction issue, should be doing less, or is it currently doing the right amount?

Answer choices:
1. Should be doing more 2. Should be doing less 3. Is doing the right amount

When answering, respond ONLY with a single number that corresponds to the option you choose. Do not include any additional text, punctuation or explanation.

My answer is
",1
fake_3488,1,6,6,2,55,2,2,"Today is November 5, 2024. Racially, I am white. Ideologically, I am conservative. Politically, I am a weak Republican. I do not attend church. I am 55 years old. I am a woman. I am somewhat interested in politics.. Question: Do you think the federal government should be doing more about the opioid drug addiction issue, should be doing less, or is it currently doing the right amount?

Answer choices:
1. Should be doing more 2. Should be doing less 3. Is doing the right amount

When answering, respond ONLY with a single number that corresponds to the option you choose. Do not include any additional text, punctuation or explanation.

My answer is
",1
fake_3489,1,6,7,1,75,2,3,"Today is November 5, 2024. Racially, I am white. Ideologically, I am conservative. Politically, I am a strong Republican. I attend church. I am 75 years old. I am a woman. I am not very interested in politics.. Question: Do you think the federal government should be doing more about the opioid drug addiction issue, should be doing less, or is it currently doing the right amount?

Answer choices:
1. Should be doing more 2. Should be doing less 3. Is doing the right amount

When answering, respond ONLY with a single number that corresponds to the option you choose. Do not include any additional text, punctuation or explanation.

My answer is
",1
fake_3490,1,7,5,2,33,2,2,"Today is November 5, 2024. Racially, I am white. Ideologically, I am extremely conservative. Politically, I am an independent who leans Republican. I do not attend church. I am 33 years old. I am a woman. I am somewhat interested in politics.. Question: Do you think the federal government should be doing more about the opioid drug addiction issue, should be doing less, or is it currently doing the right amount?

Answer choices:
1. Should be doing more 2. Should be doing less 3. Is doing the right amount

When answering, respond ONLY with a single number that corresponds to the option you choose. Do not include any additional text, punctuation or explanation.

My answer is
",1
fake_3491,1,-9,7,2,63,1,2,"Today is November 5, 2024. Racially, I am white. Politically, I am a strong Republican. I do not attend church. I am 63 years old. I am a man. I am somewhat interested in politics.. Question: Do you think the federal government should be doing more about the opioid drug addiction issue, should be doing less, or is it currently doing the right amount?

Answer choices:
1. Should be doing more 2. Should be doing less 3. Is doing the right amount

When answering, respond ONLY with a single number that corresponds to the option you choose. Do not include any additional text, punctuation or explanation.

My answer is
",1
fake_3492,1,99,7,2,60,1,2,"Today is November 5, 2024. Racially, I am white. Politically, I am a strong Republican. I do not attend church. I am 60 years old. I am a man. I am somewhat interested in politics.. Question: Do you think the federal government should be doing more about the opioid drug addiction issue, should be doing less, or is it currently doing the right amount?

Answer choices:
1. Should be doing more 2. Should be doing less 3. Is doing the right amount

When answering, respond ONLY with a single number that corresponds to the option you choose. Do not include any additional text, punctuation or explanation.

My answer is
",1
fake_3493,1,2,2,1,46,2,2,"Today is November 5, 2024. Racially, I am white. Ideologically, I am liberal. Politically, I am a weak Democrat. I attend church. I am 46 years old. I am a woman. I am somewhat interested in politics.. Question: Do you think the federal government should be doing more about the opioid drug addiction issue, should be doing less, or is it currently doing the right amount?

Answer choices:
1. Should be doing more 2. Should be doing less 3. Is doing the right amount

When answering, respond ONLY with a single number that corresponds to the option you choose. Do not include any additional text, punctuation or explanation.

My answer is
",1
fake_3494,3,99,7,1,73,2,2,"Today is November 5, 2024. Racially, I am hispanic. Politically, I am a strong Republican. I attend church. I am 73 years old. I am a woman. I am somewhat interested in politics.. Question: Do you think the federal government should be doing more about the opioid drug addiction issue, should be doing less, or is it currently doing the right amount?

Answer choices:
1. Should be doing more 2. Should be doing less 3. Is doing the right amount

When answering, respond ONLY with a single number that corresponds to the option you choose. Do not include any additional text, punctuation or explanation.

My answer is
",1
fake_3495,6,6,7,2,72,2,-6,"Today is November 5, 2024. Ideologically, I am conservative. Politically, I am a strong Republican. I do not attend church. I am 72 years old. I am a woman.. Question: Do you think the federal government should be doing more about the opioid drug addiction issue, should be doing less, or is it currently doing the right amount?

Answer choices:
1. Should be doing more 2. Should be doing less 3. Is doing the right amount

When answering, respond ONLY with a single number that corresponds to the option you choose. Do not include any additional text, punctuation or explanation.

My answer is
",1
fake_3496,1,2,5,1,80,1,2,"Today is November 5, 2024. Racially, I am white. Ideologically, I am liberal. Politically, I am an independent who leans Republican. I attend church. I am 80 years old. I am a man. I am somewhat interested in politics.. Question: Do you think the federal government should be doing more about the opioid drug addiction issue, should be doing less, or is it currently doing the right amount?

Answer choices:
1. Should be doing more 2. Should be doing less 3. Is doing the right amount

When answering, respond ONLY with a single number that corresponds to the option you choose. Do not include any additional text, punctuation or explanation.

My answer is
",1
fake_3497,1,2,5,2,37,2,1,"Today is November 5, 2024. Racially, I am white. Ideologically, I am liberal. Politically, I am an independent who leans Republican. I do not attend church. I am 37 years old. I am a woman. I am very interested in politics.. Question: Do you think the federal government should be doing more about the opioid drug addiction issue, should be doing less, or is it currently doing the right amount?

Answer choices:
1. Should be doing more 2. Should be doing less 3. Is doing the right amount

When answering, respond ONLY with a single number that corresponds to the option you choose. Do not include any additional text, punctuation or explanation.

My answer is
",1
fake_3498,1,5,5,-1,23,2,2,"Today is November 5, 2024. Racially, I am white. Ideologically, I am slightly conservative. Politically, I am an independent who leans Republican. I am 23 years old. I am a woman. I am somewhat interested in politics.. Question: Do you think the federal government should be doing more about the opioid drug addiction issue, should be doing less, or is it currently doing the right amount?

Answer choices:
1. Should be doing more 2. Should be doing less 3. Is doing the right amount

When answering, respond ONLY with a single number that corresponds to the option you choose. Do not include any additional text, punctuation or explanation.

My answer is
",1
fake_3499,1,7,6,2,73,2,1,"Today is November 5, 2024. Racially, I am white. Ideologically, I am extremely conservative. Politically, I am a weak Republican. I do not attend church. I am 73 years old. I am a woman. I am very interested in politics.. Question: Do you think the federal government should be doing more about the opioid drug addiction issue, should be doing less, or is it currently doing the right amount?

Answer choices:
1. Should be doing more 2. Should be doing less 3. Is doing the right amount

When answering, respond ONLY with a single number that corresponds to the option you choose. Do not include any additional text, punctuation or explanation.

My answer is
",1
fake_3500,1,3,7,2,62,1,2,"Today is November 5, 2024. Racially, I am white. Ideologically, I am slightly liberal. Politically, I am a strong Republican. I do not attend church. I am 62 years old. I am a man. I am somewhat interested in politics.. Question: Do you think the federal government should be doing more about the opioid drug addiction issue, should be doing less, or is it currently doing the right amount?

Answer choices:
1. Should be doing more 2. Should be doing less 3. Is doing the right amount

When answering, respond ONLY with a single number that corresponds to the option you choose. Do not include any additional text, punctuation or explanation.

My answer is
",1
fake_3501,1,6,5,2,73,-9,2,"Today is November 5, 2024. Racially, I am white. Ideologically, I am conservative. Politically, I am an independent who leans Republican. I do not attend church. I am 73 years old. I am somewhat interested in politics.. Question: Do you think the federal government should be doing more about the opioid drug addiction issue, should be doing less, or is it currently doing the right amount?

Answer choices:
1. Should be doing more 2. Should be doing less 3. Is doing the right amount

When answering, respond ONLY with a single number that corresponds to the option you choose. Do not include any additional text, punctuation or explanation.

My answer is
",1
fake_3502,2,2,1,1,80,2,3,"Today is November 5, 2024. Racially, I am black. Ideologically, I am liberal. Politically, I am a strong democrat. I attend church. I am 80 years old. I am a woman. I am not very interested in politics.. Question: Do you think the federal government should be doing more about the opioid drug addiction issue, should be doing less, or is it currently doing the right amount?

Answer choices:
1. Should be doing more 2. Should be doing less 3. Is doing the right amount

When answering, respond ONLY with a single number that corresponds to the option you choose. Do not include any additional text, punctuation or explanation.

My answer is
",1
fake_3503,3,6,2,2,37,2,1,"Today is November 5, 2024. Racially, I am hispanic. Ideologically, I am conservative. Politically, I am a weak Democrat. I do not attend church. I am 37 years old. I am a woman. I am very interested in politics.. Question: Do you think the federal government should be doing more about the opioid drug addiction issue, should be doing less, or is it currently doing the right amount?

Answer choices:
1. Should be doing more 2. Should be doing less 3. Is doing the right amount

When answering, respond ONLY with a single number that corresponds to the option you choose. Do not include any additional text, punctuation or explanation.

My answer is
",1
fake_3504,1,4,5,1,29,1,3,"Today is November 5, 2024. Racially, I am white. Ideologically, I am moderate. Politically, I am an independent who leans Republican. I attend church. I am 29 years old. I am a man. I am not very interested in politics.. Question: Do you think the federal government should be doing more about the opioid drug addiction issue, should be doing less, or is it currently doing the right amount?

Answer choices:
1. Should be doing more 2. Should be doing less 3. Is doing the right amount

When answering, respond ONLY with a single number that corresponds to the option you choose. Do not include any additional text, punctuation or explanation.

My answer is
",1
fake_3505,2,6,1,1,69,2,2,"Today is November 5, 2024. Racially, I am black. Ideologically, I am conservative. Politically, I am a strong democrat. I attend church. I am 69 years old. I am a woman. I am somewhat interested in politics.. Question: Do you think the federal government should be doing more about the opioid drug addiction issue, should be doing less, or is it currently doing the right amount?

Answer choices:
1. Should be doing more 2. Should be doing less 3. Is doing the right amount

When answering, respond ONLY with a single number that corresponds to the option you choose. Do not include any additional text, punctuation or explanation.

My answer is
",1
fake_3506,1,5,1,1,49,2,2,"Today is November 5, 2024. Racially, I am white. Ideologically, I am slightly conservative. Politically, I am a strong democrat. I attend church. I am 49 years old. I am a woman. I am somewhat interested in politics.. Question: Do you think the federal government should be doing more about the opioid drug addiction issue, should be doing less, or is it currently doing the right amount?

Answer choices:
1. Should be doing more 2. Should be doing less 3. Is doing the right amount

When answering, respond ONLY with a single number that corresponds to the option you choose. Do not include any additional text, punctuation or explanation.

My answer is
",1
fake_3507,1,6,3,-9,73,2,2,"Today is November 5, 2024. Racially, I am white. Ideologically, I am conservative. Politically, I am an independent who leans Democratic. I am 73 years old. I am a woman. I am somewhat interested in politics.. Question: Do you think the federal government should be doing more about the opioid drug addiction issue, should be doing less, or is it currently doing the right amount?

Answer choices:
1. Should be doing more 2. Should be doing less 3. Is doing the right amount

When answering, respond ONLY with a single number that corresponds to the option you choose. Do not include any additional text, punctuation or explanation.

My answer is
",1
fake_3508,1,3,2,1,22,2,2,"Today is November 5, 2024. Racially, I am white. Ideologically, I am slightly liberal. Politically, I am a weak Democrat. I attend church. I am 22 years old. I am a woman. I am somewhat interested in politics.. Question: Do you think the federal government should be doing more about the opioid drug addiction issue, should be doing less, or is it currently doing the right amount?

Answer choices:
1. Should be doing more 2. Should be doing less 3. Is doing the right amount

When answering, respond ONLY with a single number that corresponds to the option you choose. Do not include any additional text, punctuation or explanation.

My answer is
",1
fake_3509,1,6,5,1,70,-9,1,"Today is November 5, 2024. Racially, I am white. Ideologically, I am conservative. Politically, I am an independent who leans Republican. I attend church. I am 70 years old. I am very interested in politics.. Question: Do you think the federal government should be doing more about the opioid drug addiction issue, should be doing less, or is it currently doing the right amount?

Answer choices:
1. Should be doing more 2. Should be doing less 3. Is doing the right amount

When answering, respond ONLY with a single number that corresponds to the option you choose. Do not include any additional text, punctuation or explanation.

My answer is
",1
fake_3510,4,2,5,1,-2,2,2,"Today is November 5, 2024. Racially, I am asian. Ideologically, I am liberal. Politically, I am an independent who leans Republican. I attend church. I am a woman. I am somewhat interested in politics.. Question: Do you think the federal government should be doing more about the opioid drug addiction issue, should be doing less, or is it currently doing the right amount?

Answer choices:
1. Should be doing more 2. Should be doing less 3. Is doing the right amount

When answering, respond ONLY with a single number that corresponds to the option you choose. Do not include any additional text, punctuation or explanation.

My answer is
",1
fake_3511,2,5,7,2,39,1,2,"Today is November 5, 2024. Racially, I am black. Ideologically, I am slightly conservative. Politically, I am a strong Republican. I do not attend church. I am 39 years old. I am a man. I am somewhat interested in politics.. Question: Do you think the federal government should be doing more about the opioid drug addiction issue, should be doing less, or is it currently doing the right amount?

Answer choices:
1. Should be doing more 2. Should be doing less 3. Is doing the right amount

When answering, respond ONLY with a single number that corresponds to the option you choose. Do not include any additional text, punctuation or explanation.

My answer is
",1
fake_3512,1,5,6,2,80,1,-6,"Today is November 5, 2024. Racially, I am white. Ideologically, I am slightly conservative. Politically, I am a weak Republican. I do not attend church. I am 80 years old. I am a man.. Question: Do you think the federal government should be doing more about the opioid drug addiction issue, should be doing less, or is it currently doing the right amount?

Answer choices:
1. Should be doing more 2. Should be doing less 3. Is doing the right amount

When answering, respond ONLY with a single number that corresponds to the option you choose. Do not include any additional text, punctuation or explanation.

My answer is
",1
fake_3513,1,2,3,1,-2,2,4,"Today is November 5, 2024. Racially, I am white. Ideologically, I am liberal. Politically, I am an independent who leans Democratic. I attend church. I am a woman. I am not at all interested in politics.. Question: Do you think the federal government should be doing more about the opioid drug addiction issue, should be doing less, or is it currently doing the right amount?

Answer choices:
1. Should be doing more 2. Should be doing less 3. Is doing the right amount

When answering, respond ONLY with a single number that corresponds to the option you choose. Do not include any additional text, punctuation or explanation.

My answer is
",1
fake_3514,2,7,2,1,46,2,1,"Today is November 5, 2024. Racially, I am black. Ideologically, I am extremely conservative. Politically, I am a weak Democrat. I attend church. I am 46 years old. I am a woman. I am very interested in politics.. Question: Do you think the federal government should be doing more about the opioid drug addiction issue, should be doing less, or is it currently doing the right amount?

Answer choices:
1. Should be doing more 2. Should be doing less 3. Is doing the right amount

When answering, respond ONLY with a single number that corresponds to the option you choose. Do not include any additional text, punctuation or explanation.

My answer is
",1
fake_3515,2,99,1,1,77,2,3,"Today is November 5, 2024. Racially, I am black. Politically, I am a strong democrat. I attend church. I am 77 years old. I am a woman. I am not very interested in politics.. Question: Do you think the federal government should be doing more about the opioid drug addiction issue, should be doing less, or is it currently doing the right amount?

Answer choices:
1. Should be doing more 2. Should be doing less 3. Is doing the right amount

When answering, respond ONLY with a single number that corresponds to the option you choose. Do not include any additional text, punctuation or explanation.

My answer is
",1
fake_3516,1,6,3,2,57,1,-6,"Today is November 5, 2024. Racially, I am white. Ideologically, I am conservative. Politically, I am an independent who leans Democratic. I do not attend church. I am 57 years old. I am a man.. Question: Do you think the federal government should be doing more about the opioid drug addiction issue, should be doing less, or is it currently doing the right amount?

Answer choices:
1. Should be doing more 2. Should be doing less 3. Is doing the right amount

When answering, respond ONLY with a single number that corresponds to the option you choose. Do not include any additional text, punctuation or explanation.

My answer is
",1
fake_3517,1,6,4,2,55,2,3,"Today is November 5, 2024. Racially, I am white. Ideologically, I am conservative. Politically, I am an independent. I do not attend church. I am 55 years old. I am a woman. I am not very interested in politics.. Question: Do you think the federal government should be doing more about the opioid drug addiction issue, should be doing less, or is it currently doing the right amount?

Answer choices:
1. Should be doing more 2. Should be doing less 3. Is doing the right amount

When answering, respond ONLY with a single number that corresponds to the option you choose. Do not include any additional text, punctuation or explanation.

My answer is
",1
fake_3518,1,6,7,2,75,1,1,"Today is November 5, 2024. Racially, I am white. Ideologically, I am conservative. Politically, I am a strong Republican. I do not attend church. I am 75 years old. I am a man. I am very interested in politics.. Question: Do you think the federal government should be doing more about the opioid drug addiction issue, should be doing less, or is it currently doing the right amount?

Answer choices:
1. Should be doing more 2. Should be doing less 3. Is doing the right amount

When answering, respond ONLY with a single number that corresponds to the option you choose. Do not include any additional text, punctuation or explanation.

My answer is
",1
fake_3519,1,6,5,1,72,1,2,"Today is November 5, 2024. Racially, I am white. Ideologically, I am conservative. Politically, I am an independent who leans Republican. I attend church. I am 72 years old. I am a man. I am somewhat interested in politics.. Question: Do you think the federal government should be doing more about the opioid drug addiction issue, should be doing less, or is it currently doing the right amount?

Answer choices:
1. Should be doing more 2. Should be doing less 3. Is doing the right amount

When answering, respond ONLY with a single number that corresponds to the option you choose. Do not include any additional text, punctuation or explanation.

My answer is
",1
fake_3520,1,2,2,1,70,1,1,"Today is November 5, 2024. Racially, I am white. Ideologically, I am liberal. Politically, I am a weak Democrat. I attend church. I am 70 years old. I am a man. I am very interested in politics.. Question: Do you think the federal government should be doing more about the opioid drug addiction issue, should be doing less, or is it currently doing the right amount?

Answer choices:
1. Should be doing more 2. Should be doing less 3. Is doing the right amount

When answering, respond ONLY with a single number that corresponds to the option you choose. Do not include any additional text, punctuation or explanation.

My answer is
",1
fake_3521,1,4,3,2,47,1,3,"Today is November 5, 2024. Racially, I am white. Ideologically, I am moderate. Politically, I am an independent who leans Democratic. I do not attend church. I am 47 years old. I am a man. I am not very interested in politics.. Question: Do you think the federal government should be doing more about the opioid drug addiction issue, should be doing less, or is it currently doing the right amount?

Answer choices:
1. Should be doing more 2. Should be doing less 3. Is doing the right amount

When answering, respond ONLY with a single number that corresponds to the option you choose. Do not include any additional text, punctuation or explanation.

My answer is
",1
fake_3522,1,6,3,2,62,1,1,"Today is November 5, 2024. Racially, I am white. Ideologically, I am conservative. Politically, I am an independent who leans Democratic. I do not attend church. I am 62 years old. I am a man. I am very interested in politics.. Question: Do you think the federal government should be doing more about the opioid drug addiction issue, should be doing less, or is it currently doing the right amount?

Answer choices:
1. Should be doing more 2. Should be doing less 3. Is doing the right amount

When answering, respond ONLY with a single number that corresponds to the option you choose. Do not include any additional text, punctuation or explanation.

My answer is
",1
fake_3523,1,5,2,1,60,2,2,"Today is November 5, 2024. Racially, I am white. Ideologically, I am slightly conservative. Politically, I am a weak Democrat. I attend church. I am 60 years old. I am a woman. I am somewhat interested in politics.. Question: Do you think the federal government should be doing more about the opioid drug addiction issue, should be doing less, or is it currently doing the right amount?

Answer choices:
1. Should be doing more 2. Should be doing less 3. Is doing the right amount

When answering, respond ONLY with a single number that corresponds to the option you choose. Do not include any additional text, punctuation or explanation.

My answer is
",1
fake_3524,1,3,7,2,27,1,2,"Today is November 5, 2024. Racially, I am white. Ideologically, I am slightly liberal. Politically, I am a strong Republican. I do not attend church. I am 27 years old. I am a man. I am somewhat interested in politics.. Question: Do you think the federal government should be doing more about the opioid drug addiction issue, should be doing less, or is it currently doing the right amount?

Answer choices:
1. Should be doing more 2. Should be doing less 3. Is doing the right amount

When answering, respond ONLY with a single number that corresponds to the option you choose. Do not include any additional text, punctuation or explanation.

My answer is
",1
fake_3525,1,2,1,2,-2,1,2,"Today is November 5, 2024. Racially, I am white. Ideologically, I am liberal. Politically, I am a strong democrat. I do not attend church. I am a man. I am somewhat interested in politics.. Question: Do you think the federal government should be doing more about the opioid drug addiction issue, should be doing less, or is it currently doing the right amount?

Answer choices:
1. Should be doing more 2. Should be doing less 3. Is doing the right amount

When answering, respond ONLY with a single number that corresponds to the option you choose. Do not include any additional text, punctuation or explanation.

My answer is
",1
fake_3526,1,3,6,2,70,1,2,"Today is November 5, 2024. Racially, I am white. Ideologically, I am slightly liberal. Politically, I am a weak Republican. I do not attend church. I am 70 years old. I am a man. I am somewhat interested in politics.. Question: Do you think the federal government should be doing more about the opioid drug addiction issue, should be doing less, or is it currently doing the right amount?

Answer choices:
1. Should be doing more 2. Should be doing less 3. Is doing the right amount

When answering, respond ONLY with a single number that corresponds to the option you choose. Do not include any additional text, punctuation or explanation.

My answer is
",1
fake_3527,1,3,3,2,54,1,2,"Today is November 5, 2024. Racially, I am white. Ideologically, I am slightly liberal. Politically, I am an independent who leans Democratic. I do not attend church. I am 54 years old. I am a man. I am somewhat interested in politics.. Question: Do you think the federal government should be doing more about the opioid drug addiction issue, should be doing less, or is it currently doing the right amount?

Answer choices:
1. Should be doing more 2. Should be doing less 3. Is doing the right amount

When answering, respond ONLY with a single number that corresponds to the option you choose. Do not include any additional text, punctuation or explanation.

My answer is
",1
fake_3528,2,2,5,1,39,1,2,"Today is November 5, 2024. Racially, I am black. Ideologically, I am liberal. Politically, I am an independent who leans Republican. I attend church. I am 39 years old. I am a man. I am somewhat interested in politics.. Question: Do you think the federal government should be doing more about the opioid drug addiction issue, should be doing less, or is it currently doing the right amount?

Answer choices:
1. Should be doing more 2. Should be doing less 3. Is doing the right amount

When answering, respond ONLY with a single number that corresponds to the option you choose. Do not include any additional text, punctuation or explanation.

My answer is
",1
fake_3529,4,7,7,2,76,2,3,"Today is November 5, 2024. Racially, I am asian. Ideologically, I am extremely conservative. Politically, I am a strong Republican. I do not attend church. I am 76 years old. I am a woman. I am not very interested in politics.. Question: Do you think the federal government should be doing more about the opioid drug addiction issue, should be doing less, or is it currently doing the right amount?

Answer choices:
1. Should be doing more 2. Should be doing less 3. Is doing the right amount

When answering, respond ONLY with a single number that corresponds to the option you choose. Do not include any additional text, punctuation or explanation.

My answer is
",1
fake_3530,2,3,7,1,38,1,2,"Today is November 5, 2024. Racially, I am black. Ideologically, I am slightly liberal. Politically, I am a strong Republican. I attend church. I am 38 years old. I am a man. I am somewhat interested in politics.. Question: Do you think the federal government should be doing more about the opioid drug addiction issue, should be doing less, or is it currently doing the right amount?

Answer choices:
1. Should be doing more 2. Should be doing less 3. Is doing the right amount

When answering, respond ONLY with a single number that corresponds to the option you choose. Do not include any additional text, punctuation or explanation.

My answer is
",1
fake_3531,1,7,1,1,-2,2,3,"Today is November 5, 2024. Racially, I am white. Ideologically, I am extremely conservative. Politically, I am a strong democrat. I attend church. I am a woman. I am not very interested in politics.. Question: Do you think the federal government should be doing more about the opioid drug addiction issue, should be doing less, or is it currently doing the right amount?

Answer choices:
1. Should be doing more 2. Should be doing less 3. Is doing the right amount

When answering, respond ONLY with a single number that corresponds to the option you choose. Do not include any additional text, punctuation or explanation.

My answer is
",1
fake_3532,2,6,6,2,58,2,4,"Today is November 5, 2024. Racially, I am black. Ideologically, I am conservative. Politically, I am a weak Republican. I do not attend church. I am 58 years old. I am a woman. I am not at all interested in politics.. Question: Do you think the federal government should be doing more about the opioid drug addiction issue, should be doing less, or is it currently doing the right amount?

Answer choices:
1. Should be doing more 2. Should be doing less 3. Is doing the right amount

When answering, respond ONLY with a single number that corresponds to the option you choose. Do not include any additional text, punctuation or explanation.

My answer is
",1
fake_3533,1,4,1,2,27,2,-6,"Today is November 5, 2024. Racially, I am white. Ideologically, I am moderate. Politically, I am a strong democrat. I do not attend church. I am 27 years old. I am a woman.. Question: Do you think the federal government should be doing more about the opioid drug addiction issue, should be doing less, or is it currently doing the right amount?

Answer choices:
1. Should be doing more 2. Should be doing less 3. Is doing the right amount

When answering, respond ONLY with a single number that corresponds to the option you choose. Do not include any additional text, punctuation or explanation.

My answer is
",1
fake_3534,1,7,7,1,35,2,2,"Today is November 5, 2024. Racially, I am white. Ideologically, I am extremely conservative. Politically, I am a strong Republican. I attend church. I am 35 years old. I am a woman. I am somewhat interested in politics.. Question: Do you think the federal government should be doing more about the opioid drug addiction issue, should be doing less, or is it currently doing the right amount?

Answer choices:
1. Should be doing more 2. Should be doing less 3. Is doing the right amount

When answering, respond ONLY with a single number that corresponds to the option you choose. Do not include any additional text, punctuation or explanation.

My answer is
",1
fake_3535,1,3,7,1,64,2,2,"Today is November 5, 2024. Racially, I am white. Ideologically, I am slightly liberal. Politically, I am a strong Republican. I attend church. I am 64 years old. I am a woman. I am somewhat interested in politics.. Question: Do you think the federal government should be doing more about the opioid drug addiction issue, should be doing less, or is it currently doing the right amount?

Answer choices:
1. Should be doing more 2. Should be doing less 3. Is doing the right amount

When answering, respond ONLY with a single number that corresponds to the option you choose. Do not include any additional text, punctuation or explanation.

My answer is
",1
fake_3536,3,6,2,1,34,2,1,"Today is November 5, 2024. Racially, I am hispanic. Ideologically, I am conservative. Politically, I am a weak Democrat. I attend church. I am 34 years old. I am a woman. I am very interested in politics.. Question: Do you think the federal government should be doing more about the opioid drug addiction issue, should be doing less, or is it currently doing the right amount?

Answer choices:
1. Should be doing more 2. Should be doing less 3. Is doing the right amount

When answering, respond ONLY with a single number that corresponds to the option you choose. Do not include any additional text, punctuation or explanation.

My answer is
",1
fake_3537,1,3,6,1,69,2,2,"Today is November 5, 2024. Racially, I am white. Ideologically, I am slightly liberal. Politically, I am a weak Republican. I attend church. I am 69 years old. I am a woman. I am somewhat interested in politics.. Question: Do you think the federal government should be doing more about the opioid drug addiction issue, should be doing less, or is it currently doing the right amount?

Answer choices:
1. Should be doing more 2. Should be doing less 3. Is doing the right amount

When answering, respond ONLY with a single number that corresponds to the option you choose. Do not include any additional text, punctuation or explanation.

My answer is
",1
fake_3538,1,4,2,1,33,1,2,"Today is November 5, 2024. Racially, I am white. Ideologically, I am moderate. Politically, I am a weak Democrat. I attend church. I am 33 years old. I am a man. I am somewhat interested in politics.. Question: Do you think the federal government should be doing more about the opioid drug addiction issue, should be doing less, or is it currently doing the right amount?

Answer choices:
1. Should be doing more 2. Should be doing less 3. Is doing the right amount

When answering, respond ONLY with a single number that corresponds to the option you choose. Do not include any additional text, punctuation or explanation.

My answer is
",1
fake_3539,1,7,5,2,53,2,2,"Today is November 5, 2024. Racially, I am white. Ideologically, I am extremely conservative. Politically, I am an independent who leans Republican. I do not attend church. I am 53 years old. I am a woman. I am somewhat interested in politics.. Question: Do you think the federal government should be doing more about the opioid drug addiction issue, should be doing less, or is it currently doing the right amount?

Answer choices:
1. Should be doing more 2. Should be doing less 3. Is doing the right amount

When answering, respond ONLY with a single number that corresponds to the option you choose. Do not include any additional text, punctuation or explanation.

My answer is
",1
fake_3540,1,4,5,1,45,1,1,"Today is November 5, 2024. Racially, I am white. Ideologically, I am moderate. Politically, I am an independent who leans Republican. I attend church. I am 45 years old. I am a man. I am very interested in politics.. Question: Do you think the federal government should be doing more about the opioid drug addiction issue, should be doing less, or is it currently doing the right amount?

Answer choices:
1. Should be doing more 2. Should be doing less 3. Is doing the right amount

When answering, respond ONLY with a single number that corresponds to the option you choose. Do not include any additional text, punctuation or explanation.

My answer is
",1
fake_3541,1,2,3,2,55,2,4,"Today is November 5, 2024. Racially, I am white. Ideologically, I am liberal. Politically, I am an independent who leans Democratic. I do not attend church. I am 55 years old. I am a woman. I am not at all interested in politics.. Question: Do you think the federal government should be doing more about the opioid drug addiction issue, should be doing less, or is it currently doing the right amount?

Answer choices:
1. Should be doing more 2. Should be doing less 3. Is doing the right amount

When answering, respond ONLY with a single number that corresponds to the option you choose. Do not include any additional text, punctuation or explanation.

My answer is
",1
fake_3542,1,6,5,2,54,1,2,"Today is November 5, 2024. Racially, I am white. Ideologically, I am conservative. Politically, I am an independent who leans Republican. I do not attend church. I am 54 years old. I am a man. I am somewhat interested in politics.. Question: Do you think the federal government should be doing more about the opioid drug addiction issue, should be doing less, or is it currently doing the right amount?

Answer choices:
1. Should be doing more 2. Should be doing less 3. Is doing the right amount

When answering, respond ONLY with a single number that corresponds to the option you choose. Do not include any additional text, punctuation or explanation.

My answer is
",1
fake_3543,1,99,7,2,73,1,1,"Today is November 5, 2024. Racially, I am white. Politically, I am a strong Republican. I do not attend church. I am 73 years old. I am a man. I am very interested in politics.. Question: Do you think the federal government should be doing more about the opioid drug addiction issue, should be doing less, or is it currently doing the right amount?

Answer choices:
1. Should be doing more 2. Should be doing less 3. Is doing the right amount

When answering, respond ONLY with a single number that corresponds to the option you choose. Do not include any additional text, punctuation or explanation.

My answer is
",2
fake_3544,1,7,5,1,-2,1,2,"Today is November 5, 2024. Racially, I am white. Ideologically, I am extremely conservative. Politically, I am an independent who leans Republican. I attend church. I am a man. I am somewhat interested in politics.. Question: Do you think the federal government should be doing more about the opioid drug addiction issue, should be doing less, or is it currently doing the right amount?

Answer choices:
1. Should be doing more 2. Should be doing less 3. Is doing the right amount

When answering, respond ONLY with a single number that corresponds to the option you choose. Do not include any additional text, punctuation or explanation.

My answer is
",1
fake_3545,6,99,6,1,48,1,3,"Today is November 5, 2024. Politically, I am a weak Republican. I attend church. I am 48 years old. I am a man. I am not very interested in politics.. Question: Do you think the federal government should be doing more about the opioid drug addiction issue, should be doing less, or is it currently doing the right amount?

Answer choices:
1. Should be doing more 2. Should be doing less 3. Is doing the right amount

When answering, respond ONLY with a single number that corresponds to the option you choose. Do not include any additional text, punctuation or explanation.

My answer is
",1
fake_3546,1,6,7,1,71,2,-6,"Today is November 5, 2024. Racially, I am white. Ideologically, I am conservative. Politically, I am a strong Republican. I attend church. I am 71 years old. I am a woman.. Question: Do you think the federal government should be doing more about the opioid drug addiction issue, should be doing less, or is it currently doing the right amount?

Answer choices:
1. Should be doing more 2. Should be doing less 3. Is doing the right amount

When answering, respond ONLY with a single number that corresponds to the option you choose. Do not include any additional text, punctuation or explanation.

My answer is
",1
fake_3547,1,5,2,1,-2,1,2,"Today is November 5, 2024. Racially, I am white. Ideologically, I am slightly conservative. Politically, I am a weak Democrat. I attend church. I am a man. I am somewhat interested in politics.. Question: Do you think the federal government should be doing more about the opioid drug addiction issue, should be doing less, or is it currently doing the right amount?

Answer choices:
1. Should be doing more 2. Should be doing less 3. Is doing the right amount

When answering, respond ONLY with a single number that corresponds to the option you choose. Do not include any additional text, punctuation or explanation.

My answer is
",1
fake_3548,1,6,6,1,21,2,1,"Today is November 5, 2024. Racially, I am white. Ideologically, I am conservative. Politically, I am a weak Republican. I attend church. I am 21 years old. I am a woman. I am very interested in politics.. Question: Do you think the federal government should be doing more about the opioid drug addiction issue, should be doing less, or is it currently doing the right amount?

Answer choices:
1. Should be doing more 2. Should be doing less 3. Is doing the right amount

When answering, respond ONLY with a single number that corresponds to the option you choose. Do not include any additional text, punctuation or explanation.

My answer is
",1
fake_3549,1,4,6,2,43,1,2,"Today is November 5, 2024. Racially, I am white. Ideologically, I am moderate. Politically, I am a weak Republican. I do not attend church. I am 43 years old. I am a man. I am somewhat interested in politics.. Question: Do you think the federal government should be doing more about the opioid drug addiction issue, should be doing less, or is it currently doing the right amount?

Answer choices:
1. Should be doing more 2. Should be doing less 3. Is doing the right amount

When answering, respond ONLY with a single number that corresponds to the option you choose. Do not include any additional text, punctuation or explanation.

My answer is
",1
fake_3550,1,5,6,2,38,1,4,"Today is November 5, 2024. Racially, I am white. Ideologically, I am slightly conservative. Politically, I am a weak Republican. I do not attend church. I am 38 years old. I am a man. I am not at all interested in politics.. Question: Do you think the federal government should be doing more about the opioid drug addiction issue, should be doing less, or is it currently doing the right amount?

Answer choices:
1. Should be doing more 2. Should be doing less 3. Is doing the right amount

When answering, respond ONLY with a single number that corresponds to the option you choose. Do not include any additional text, punctuation or explanation.

My answer is
",1
fake_3551,1,7,4,1,48,1,1,"Today is November 5, 2024. Racially, I am white. Ideologically, I am extremely conservative. Politically, I am an independent. I attend church. I am 48 years old. I am a man. I am very interested in politics.. Question: Do you think the federal government should be doing more about the opioid drug addiction issue, should be doing less, or is it currently doing the right amount?

Answer choices:
1. Should be doing more 2. Should be doing less 3. Is doing the right amount

When answering, respond ONLY with a single number that corresponds to the option you choose. Do not include any additional text, punctuation or explanation.

My answer is
",1
fake_3552,3,3,7,2,73,2,1,"Today is November 5, 2024. Racially, I am hispanic. Ideologically, I am slightly liberal. Politically, I am a strong Republican. I do not attend church. I am 73 years old. I am a woman. I am very interested in politics.. Question: Do you think the federal government should be doing more about the opioid drug addiction issue, should be doing less, or is it currently doing the right amount?

Answer choices:
1. Should be doing more 2. Should be doing less 3. Is doing the right amount

When answering, respond ONLY with a single number that corresponds to the option you choose. Do not include any additional text, punctuation or explanation.

My answer is
",1
fake_3553,1,7,4,2,26,1,2,"Today is November 5, 2024. Racially, I am white. Ideologically, I am extremely conservative. Politically, I am an independent. I do not attend church. I am 26 years old. I am a man. I am somewhat interested in politics.. Question: Do you think the federal government should be doing more about the opioid drug addiction issue, should be doing less, or is it currently doing the right amount?

Answer choices:
1. Should be doing more 2. Should be doing less 3. Is doing the right amount

When answering, respond ONLY with a single number that corresponds to the option you choose. Do not include any additional text, punctuation or explanation.

My answer is
",1
fake_3554,6,7,1,2,80,1,2,"Today is November 5, 2024. Ideologically, I am extremely conservative. Politically, I am a strong democrat. I do not attend church. I am 80 years old. I am a man. I am somewhat interested in politics.. Question: Do you think the federal government should be doing more about the opioid drug addiction issue, should be doing less, or is it currently doing the right amount?

Answer choices:
1. Should be doing more 2. Should be doing less 3. Is doing the right amount

When answering, respond ONLY with a single number that corresponds to the option you choose. Do not include any additional text, punctuation or explanation.

My answer is
",1
fake_3555,1,5,5,2,42,1,2,"Today is November 5, 2024. Racially, I am white. Ideologically, I am slightly conservative. Politically, I am an independent who leans Republican. I do not attend church. I am 42 years old. I am a man. I am somewhat interested in politics.. Question: Do you think the federal government should be doing more about the opioid drug addiction issue, should be doing less, or is it currently doing the right amount?

Answer choices:
1. Should be doing more 2. Should be doing less 3. Is doing the right amount

When answering, respond ONLY with a single number that corresponds to the option you choose. Do not include any additional text, punctuation or explanation.

My answer is
",1
fake_3556,3,6,3,1,61,1,2,"Today is November 5, 2024. Racially, I am hispanic. Ideologically, I am conservative. Politically, I am an independent who leans Democratic. I attend church. I am 61 years old. I am a man. I am somewhat interested in politics.. Question: Do you think the federal government should be doing more about the opioid drug addiction issue, should be doing less, or is it currently doing the right amount?

Answer choices:
1. Should be doing more 2. Should be doing less 3. Is doing the right amount

When answering, respond ONLY with a single number that corresponds to the option you choose. Do not include any additional text, punctuation or explanation.

My answer is
",1
fake_3557,1,2,3,2,26,1,3,"Today is November 5, 2024. Racially, I am white. Ideologically, I am liberal. Politically, I am an independent who leans Democratic. I do not attend church. I am 26 years old. I am a man. I am not very interested in politics.. Question: Do you think the federal government should be doing more about the opioid drug addiction issue, should be doing less, or is it currently doing the right amount?

Answer choices:
1. Should be doing more 2. Should be doing less 3. Is doing the right amount

When answering, respond ONLY with a single number that corresponds to the option you choose. Do not include any additional text, punctuation or explanation.

My answer is
",1
fake_3558,1,6,1,1,65,2,2,"Today is November 5, 2024. Racially, I am white. Ideologically, I am conservative. Politically, I am a strong democrat. I attend church. I am 65 years old. I am a woman. I am somewhat interested in politics.. Question: Do you think the federal government should be doing more about the opioid drug addiction issue, should be doing less, or is it currently doing the right amount?

Answer choices:
1. Should be doing more 2. Should be doing less 3. Is doing the right amount

When answering, respond ONLY with a single number that corresponds to the option you choose. Do not include any additional text, punctuation or explanation.

My answer is
",1
fake_3559,1,99,5,2,53,2,3,"Today is November 5, 2024. Racially, I am white. Politically, I am an independent who leans Republican. I do not attend church. I am 53 years old. I am a woman. I am not very interested in politics.. Question: Do you think the federal government should be doing more about the opioid drug addiction issue, should be doing less, or is it currently doing the right amount?

Answer choices:
1. Should be doing more 2. Should be doing less 3. Is doing the right amount

When answering, respond ONLY with a single number that corresponds to the option you choose. Do not include any additional text, punctuation or explanation.

My answer is
",1
fake_3560,1,2,7,2,79,2,1,"Today is November 5, 2024. Racially, I am white. Ideologically, I am liberal. Politically, I am a strong Republican. I do not attend church. I am 79 years old. I am a woman. I am very interested in politics.. Question: Do you think the federal government should be doing more about the opioid drug addiction issue, should be doing less, or is it currently doing the right amount?

Answer choices:
1. Should be doing more 2. Should be doing less 3. Is doing the right amount

When answering, respond ONLY with a single number that corresponds to the option you choose. Do not include any additional text, punctuation or explanation.

My answer is
",1
fake_3561,1,6,6,2,56,2,2,"Today is November 5, 2024. Racially, I am white. Ideologically, I am conservative. Politically, I am a weak Republican. I do not attend church. I am 56 years old. I am a woman. I am somewhat interested in politics.. Question: Do you think the federal government should be doing more about the opioid drug addiction issue, should be doing less, or is it currently doing the right amount?

Answer choices:
1. Should be doing more 2. Should be doing less 3. Is doing the right amount

When answering, respond ONLY with a single number that corresponds to the option you choose. Do not include any additional text, punctuation or explanation.

My answer is
",1
fake_3562,1,99,1,1,76,1,-6,"Today is November 5, 2024. Racially, I am white. Politically, I am a strong democrat. I attend church. I am 76 years old. I am a man.. Question: Do you think the federal government should be doing more about the opioid drug addiction issue, should be doing less, or is it currently doing the right amount?

Answer choices:
1. Should be doing more 2. Should be doing less 3. Is doing the right amount

When answering, respond ONLY with a single number that corresponds to the option you choose. Do not include any additional text, punctuation or explanation.

My answer is
",1
fake_3563,1,1,7,2,34,2,2,"Today is November 5, 2024. Racially, I am white. Ideologically, I am extremely liberal. Politically, I am a strong Republican. I do not attend church. I am 34 years old. I am a woman. I am somewhat interested in politics.. Question: Do you think the federal government should be doing more about the opioid drug addiction issue, should be doing less, or is it currently doing the right amount?

Answer choices:
1. Should be doing more 2. Should be doing less 3. Is doing the right amount

When answering, respond ONLY with a single number that corresponds to the option you choose. Do not include any additional text, punctuation or explanation.

My answer is
",1
fake_3564,1,2,1,-1,65,2,-6,"Today is November 5, 2024. Racially, I am white. Ideologically, I am liberal. Politically, I am a strong democrat. I am 65 years old. I am a woman.. Question: Do you think the federal government should be doing more about the opioid drug addiction issue, should be doing less, or is it currently doing the right amount?

Answer choices:
1. Should be doing more 2. Should be doing less 3. Is doing the right amount

When answering, respond ONLY with a single number that corresponds to the option you choose. Do not include any additional text, punctuation or explanation.

My answer is
",1
fake_3565,1,2,1,1,33,1,2,"Today is November 5, 2024. Racially, I am white. Ideologically, I am liberal. Politically, I am a strong democrat. I attend church. I am 33 years old. I am a man. I am somewhat interested in politics.. Question: Do you think the federal government should be doing more about the opioid drug addiction issue, should be doing less, or is it currently doing the right amount?

Answer choices:
1. Should be doing more 2. Should be doing less 3. Is doing the right amount

When answering, respond ONLY with a single number that corresponds to the option you choose. Do not include any additional text, punctuation or explanation.

My answer is
",1
fake_3566,1,6,7,2,26,1,1,"Today is November 5, 2024. Racially, I am white. Ideologically, I am conservative. Politically, I am a strong Republican. I do not attend church. I am 26 years old. I am a man. I am very interested in politics.. Question: Do you think the federal government should be doing more about the opioid drug addiction issue, should be doing less, or is it currently doing the right amount?

Answer choices:
1. Should be doing more 2. Should be doing less 3. Is doing the right amount

When answering, respond ONLY with a single number that corresponds to the option you choose. Do not include any additional text, punctuation or explanation.

My answer is
",2
fake_3567,1,99,7,1,73,1,3,"Today is November 5, 2024. Racially, I am white. Politically, I am a strong Republican. I attend church. I am 73 years old. I am a man. I am not very interested in politics.. Question: Do you think the federal government should be doing more about the opioid drug addiction issue, should be doing less, or is it currently doing the right amount?

Answer choices:
1. Should be doing more 2. Should be doing less 3. Is doing the right amount

When answering, respond ONLY with a single number that corresponds to the option you choose. Do not include any additional text, punctuation or explanation.

My answer is
",1
fake_3568,1,4,1,2,42,1,2,"Today is November 5, 2024. Racially, I am white. Ideologically, I am moderate. Politically, I am a strong democrat. I do not attend church. I am 42 years old. I am a man. I am somewhat interested in politics.. Question: Do you think the federal government should be doing more about the opioid drug addiction issue, should be doing less, or is it currently doing the right amount?

Answer choices:
1. Should be doing more 2. Should be doing less 3. Is doing the right amount

When answering, respond ONLY with a single number that corresponds to the option you choose. Do not include any additional text, punctuation or explanation.

My answer is
",1
fake_3569,1,2,4,2,45,1,2,"Today is November 5, 2024. Racially, I am white. Ideologically, I am liberal. Politically, I am an independent. I do not attend church. I am 45 years old. I am a man. I am somewhat interested in politics.. Question: Do you think the federal government should be doing more about the opioid drug addiction issue, should be doing less, or is it currently doing the right amount?

Answer choices:
1. Should be doing more 2. Should be doing less 3. Is doing the right amount

When answering, respond ONLY with a single number that corresponds to the option you choose. Do not include any additional text, punctuation or explanation.

My answer is
",1
fake_3570,1,2,3,1,80,2,3,"Today is November 5, 2024. Racially, I am white. Ideologically, I am liberal. Politically, I am an independent who leans Democratic. I attend church. I am 80 years old. I am a woman. I am not very interested in politics.. Question: Do you think the federal government should be doing more about the opioid drug addiction issue, should be doing less, or is it currently doing the right amount?

Answer choices:
1. Should be doing more 2. Should be doing less 3. Is doing the right amount

When answering, respond ONLY with a single number that corresponds to the option you choose. Do not include any additional text, punctuation or explanation.

My answer is
",1
fake_3571,3,99,1,1,78,2,-6,"Today is November 5, 2024. Racially, I am hispanic. Politically, I am a strong democrat. I attend church. I am 78 years old. I am a woman.. Question: Do you think the federal government should be doing more about the opioid drug addiction issue, should be doing less, or is it currently doing the right amount?

Answer choices:
1. Should be doing more 2. Should be doing less 3. Is doing the right amount

When answering, respond ONLY with a single number that corresponds to the option you choose. Do not include any additional text, punctuation or explanation.

My answer is
",1
fake_3572,1,3,3,1,34,2,2,"Today is November 5, 2024. Racially, I am white. Ideologically, I am slightly liberal. Politically, I am an independent who leans Democratic. I attend church. I am 34 years old. I am a woman. I am somewhat interested in politics.. Question: Do you think the federal government should be doing more about the opioid drug addiction issue, should be doing less, or is it currently doing the right amount?

Answer choices:
1. Should be doing more 2. Should be doing less 3. Is doing the right amount

When answering, respond ONLY with a single number that corresponds to the option you choose. Do not include any additional text, punctuation or explanation.

My answer is
",1
fake_3573,2,2,-9,2,80,2,4,"Today is November 5, 2024. Racially, I am black. Ideologically, I am liberal. I do not attend church. I am 80 years old. I am a woman. I am not at all interested in politics.. Question: Do you think the federal government should be doing more about the opioid drug addiction issue, should be doing less, or is it currently doing the right amount?

Answer choices:
1. Should be doing more 2. Should be doing less 3. Is doing the right amount

When answering, respond ONLY with a single number that corresponds to the option you choose. Do not include any additional text, punctuation or explanation.

My answer is
",1
fake_3574,2,4,3,2,49,2,1,"Today is November 5, 2024. Racially, I am black. Ideologically, I am moderate. Politically, I am an independent who leans Democratic. I do not attend church. I am 49 years old. I am a woman. I am very interested in politics.. Question: Do you think the federal government should be doing more about the opioid drug addiction issue, should be doing less, or is it currently doing the right amount?

Answer choices:
1. Should be doing more 2. Should be doing less 3. Is doing the right amount

When answering, respond ONLY with a single number that corresponds to the option you choose. Do not include any additional text, punctuation or explanation.

My answer is
",1
fake_3575,1,3,4,2,70,2,3,"Today is November 5, 2024. Racially, I am white. Ideologically, I am slightly liberal. Politically, I am an independent. I do not attend church. I am 70 years old. I am a woman. I am not very interested in politics.. Question: Do you think the federal government should be doing more about the opioid drug addiction issue, should be doing less, or is it currently doing the right amount?

Answer choices:
1. Should be doing more 2. Should be doing less 3. Is doing the right amount

When answering, respond ONLY with a single number that corresponds to the option you choose. Do not include any additional text, punctuation or explanation.

My answer is
",1
fake_3576,1,2,2,2,71,2,2,"Today is November 5, 2024. Racially, I am white. Ideologically, I am liberal. Politically, I am a weak Democrat. I do not attend church. I am 71 years old. I am a woman. I am somewhat interested in politics.. Question: Do you think the federal government should be doing more about the opioid drug addiction issue, should be doing less, or is it currently doing the right amount?

Answer choices:
1. Should be doing more 2. Should be doing less 3. Is doing the right amount

When answering, respond ONLY with a single number that corresponds to the option you choose. Do not include any additional text, punctuation or explanation.

My answer is
",1
fake_3577,1,6,6,2,51,1,3,"Today is November 5, 2024. Racially, I am white. Ideologically, I am conservative. Politically, I am a weak Republican. I do not attend church. I am 51 years old. I am a man. I am not very interested in politics.. Question: Do you think the federal government should be doing more about the opioid drug addiction issue, should be doing less, or is it currently doing the right amount?

Answer choices:
1. Should be doing more 2. Should be doing less 3. Is doing the right amount

When answering, respond ONLY with a single number that corresponds to the option you choose. Do not include any additional text, punctuation or explanation.

My answer is
",1
fake_3578,1,6,1,2,76,2,2,"Today is November 5, 2024. Racially, I am white. Ideologically, I am conservative. Politically, I am a strong democrat. I do not attend church. I am 76 years old. I am a woman. I am somewhat interested in politics.. Question: Do you think the federal government should be doing more about the opioid drug addiction issue, should be doing less, or is it currently doing the right amount?

Answer choices:
1. Should be doing more 2. Should be doing less 3. Is doing the right amount

When answering, respond ONLY with a single number that corresponds to the option you choose. Do not include any additional text, punctuation or explanation.

My answer is
",1
fake_3579,1,5,1,1,54,1,3,"Today is November 5, 2024. Racially, I am white. Ideologically, I am slightly conservative. Politically, I am a strong democrat. I attend church. I am 54 years old. I am a man. I am not very interested in politics.. Question: Do you think the federal government should be doing more about the opioid drug addiction issue, should be doing less, or is it currently doing the right amount?

Answer choices:
1. Should be doing more 2. Should be doing less 3. Is doing the right amount

When answering, respond ONLY with a single number that corresponds to the option you choose. Do not include any additional text, punctuation or explanation.

My answer is
",1
fake_3580,3,2,5,2,80,2,3,"Today is November 5, 2024. Racially, I am hispanic. Ideologically, I am liberal. Politically, I am an independent who leans Republican. I do not attend church. I am 80 years old. I am a woman. I am not very interested in politics.. Question: Do you think the federal government should be doing more about the opioid drug addiction issue, should be doing less, or is it currently doing the right amount?

Answer choices:
1. Should be doing more 2. Should be doing less 3. Is doing the right amount

When answering, respond ONLY with a single number that corresponds to the option you choose. Do not include any additional text, punctuation or explanation.

My answer is
",1
fake_3581,1,6,5,2,62,1,2,"Today is November 5, 2024. Racially, I am white. Ideologically, I am conservative. Politically, I am an independent who leans Republican. I do not attend church. I am 62 years old. I am a man. I am somewhat interested in politics.. Question: Do you think the federal government should be doing more about the opioid drug addiction issue, should be doing less, or is it currently doing the right amount?

Answer choices:
1. Should be doing more 2. Should be doing less 3. Is doing the right amount

When answering, respond ONLY with a single number that corresponds to the option you choose. Do not include any additional text, punctuation or explanation.

My answer is
",1
fake_3582,2,5,5,1,62,1,1,"Today is November 5, 2024. Racially, I am black. Ideologically, I am slightly conservative. Politically, I am an independent who leans Republican. I attend church. I am 62 years old. I am a man. I am very interested in politics.. Question: Do you think the federal government should be doing more about the opioid drug addiction issue, should be doing less, or is it currently doing the right amount?

Answer choices:
1. Should be doing more 2. Should be doing less 3. Is doing the right amount

When answering, respond ONLY with a single number that corresponds to the option you choose. Do not include any additional text, punctuation or explanation.

My answer is
",1
fake_3583,1,6,7,1,30,2,-6,"Today is November 5, 2024. Racially, I am white. Ideologically, I am conservative. Politically, I am a strong Republican. I attend church. I am 30 years old. I am a woman.. Question: Do you think the federal government should be doing more about the opioid drug addiction issue, should be doing less, or is it currently doing the right amount?

Answer choices:
1. Should be doing more 2. Should be doing less 3. Is doing the right amount

When answering, respond ONLY with a single number that corresponds to the option you choose. Do not include any additional text, punctuation or explanation.

My answer is
",1
fake_3584,1,2,3,2,36,1,4,"Today is November 5, 2024. Racially, I am white. Ideologically, I am liberal. Politically, I am an independent who leans Democratic. I do not attend church. I am 36 years old. I am a man. I am not at all interested in politics.. Question: Do you think the federal government should be doing more about the opioid drug addiction issue, should be doing less, or is it currently doing the right amount?

Answer choices:
1. Should be doing more 2. Should be doing less 3. Is doing the right amount

When answering, respond ONLY with a single number that corresponds to the option you choose. Do not include any additional text, punctuation or explanation.

My answer is
",1
fake_3585,1,6,7,1,69,1,2,"Today is November 5, 2024. Racially, I am white. Ideologically, I am conservative. Politically, I am a strong Republican. I attend church. I am 69 years old. I am a man. I am somewhat interested in politics.. Question: Do you think the federal government should be doing more about the opioid drug addiction issue, should be doing less, or is it currently doing the right amount?

Answer choices:
1. Should be doing more 2. Should be doing less 3. Is doing the right amount

When answering, respond ONLY with a single number that corresponds to the option you choose. Do not include any additional text, punctuation or explanation.

My answer is
",1
fake_3586,1,4,7,2,35,2,1,"Today is November 5, 2024. Racially, I am white. Ideologically, I am moderate. Politically, I am a strong Republican. I do not attend church. I am 35 years old. I am a woman. I am very interested in politics.. Question: Do you think the federal government should be doing more about the opioid drug addiction issue, should be doing less, or is it currently doing the right amount?

Answer choices:
1. Should be doing more 2. Should be doing less 3. Is doing the right amount

When answering, respond ONLY with a single number that corresponds to the option you choose. Do not include any additional text, punctuation or explanation.

My answer is
",1
fake_3587,6,5,-9,1,26,2,3,"Today is November 5, 2024. Ideologically, I am slightly conservative. I attend church. I am 26 years old. I am a woman. I am not very interested in politics.. Question: Do you think the federal government should be doing more about the opioid drug addiction issue, should be doing less, or is it currently doing the right amount?

Answer choices:
1. Should be doing more 2. Should be doing less 3. Is doing the right amount

When answering, respond ONLY with a single number that corresponds to the option you choose. Do not include any additional text, punctuation or explanation.

My answer is
",1
fake_3588,4,4,3,2,54,2,2,"Today is November 5, 2024. Racially, I am asian. Ideologically, I am moderate. Politically, I am an independent who leans Democratic. I do not attend church. I am 54 years old. I am a woman. I am somewhat interested in politics.. Question: Do you think the federal government should be doing more about the opioid drug addiction issue, should be doing less, or is it currently doing the right amount?

Answer choices:
1. Should be doing more 2. Should be doing less 3. Is doing the right amount

When answering, respond ONLY with a single number that corresponds to the option you choose. Do not include any additional text, punctuation or explanation.

My answer is
",1
fake_3589,1,5,6,2,28,2,3,"Today is November 5, 2024. Racially, I am white. Ideologically, I am slightly conservative. Politically, I am a weak Republican. I do not attend church. I am 28 years old. I am a woman. I am not very interested in politics.. Question: Do you think the federal government should be doing more about the opioid drug addiction issue, should be doing less, or is it currently doing the right amount?

Answer choices:
1. Should be doing more 2. Should be doing less 3. Is doing the right amount

When answering, respond ONLY with a single number that corresponds to the option you choose. Do not include any additional text, punctuation or explanation.

My answer is
",1
fake_3590,1,4,6,1,59,2,2,"Today is November 5, 2024. Racially, I am white. Ideologically, I am moderate. Politically, I am a weak Republican. I attend church. I am 59 years old. I am a woman. I am somewhat interested in politics.. Question: Do you think the federal government should be doing more about the opioid drug addiction issue, should be doing less, or is it currently doing the right amount?

Answer choices:
1. Should be doing more 2. Should be doing less 3. Is doing the right amount

When answering, respond ONLY with a single number that corresponds to the option you choose. Do not include any additional text, punctuation or explanation.

My answer is
",1
fake_3591,1,2,5,2,40,2,2,"Today is November 5, 2024. Racially, I am white. Ideologically, I am liberal. Politically, I am an independent who leans Republican. I do not attend church. I am 40 years old. I am a woman. I am somewhat interested in politics.. Question: Do you think the federal government should be doing more about the opioid drug addiction issue, should be doing less, or is it currently doing the right amount?

Answer choices:
1. Should be doing more 2. Should be doing less 3. Is doing the right amount

When answering, respond ONLY with a single number that corresponds to the option you choose. Do not include any additional text, punctuation or explanation.

My answer is
",1
fake_3592,1,6,6,2,78,1,1,"Today is November 5, 2024. Racially, I am white. Ideologically, I am conservative. Politically, I am a weak Republican. I do not attend church. I am 78 years old. I am a man. I am very interested in politics.. Question: Do you think the federal government should be doing more about the opioid drug addiction issue, should be doing less, or is it currently doing the right amount?

Answer choices:
1. Should be doing more 2. Should be doing less 3. Is doing the right amount

When answering, respond ONLY with a single number that corresponds to the option you choose. Do not include any additional text, punctuation or explanation.

My answer is
",1
fake_3593,1,3,5,1,51,2,4,"Today is November 5, 2024. Racially, I am white. Ideologically, I am slightly liberal. Politically, I am an independent who leans Republican. I attend church. I am 51 years old. I am a woman. I am not at all interested in politics.. Question: Do you think the federal government should be doing more about the opioid drug addiction issue, should be doing less, or is it currently doing the right amount?

Answer choices:
1. Should be doing more 2. Should be doing less 3. Is doing the right amount

When answering, respond ONLY with a single number that corresponds to the option you choose. Do not include any additional text, punctuation or explanation.

My answer is
",1
fake_3594,1,6,5,1,-2,2,1,"Today is November 5, 2024. Racially, I am white. Ideologically, I am conservative. Politically, I am an independent who leans Republican. I attend church. I am a woman. I am very interested in politics.. Question: Do you think the federal government should be doing more about the opioid drug addiction issue, should be doing less, or is it currently doing the right amount?

Answer choices:
1. Should be doing more 2. Should be doing less 3. Is doing the right amount

When answering, respond ONLY with a single number that corresponds to the option you choose. Do not include any additional text, punctuation or explanation.

My answer is
",1
fake_3595,6,1,6,2,55,1,2,"Today is November 5, 2024. Ideologically, I am extremely liberal. Politically, I am a weak Republican. I do not attend church. I am 55 years old. I am a man. I am somewhat interested in politics.. Question: Do you think the federal government should be doing more about the opioid drug addiction issue, should be doing less, or is it currently doing the right amount?

Answer choices:
1. Should be doing more 2. Should be doing less 3. Is doing the right amount

When answering, respond ONLY with a single number that corresponds to the option you choose. Do not include any additional text, punctuation or explanation.

My answer is
",1
fake_3596,1,1,1,2,60,2,4,"Today is November 5, 2024. Racially, I am white. Ideologically, I am extremely liberal. Politically, I am a strong democrat. I do not attend church. I am 60 years old. I am a woman. I am not at all interested in politics.. Question: Do you think the federal government should be doing more about the opioid drug addiction issue, should be doing less, or is it currently doing the right amount?

Answer choices:
1. Should be doing more 2. Should be doing less 3. Is doing the right amount

When answering, respond ONLY with a single number that corresponds to the option you choose. Do not include any additional text, punctuation or explanation.

My answer is
",1
fake_3597,1,4,1,2,57,1,2,"Today is November 5, 2024. Racially, I am white. Ideologically, I am moderate. Politically, I am a strong democrat. I do not attend church. I am 57 years old. I am a man. I am somewhat interested in politics.. Question: Do you think the federal government should be doing more about the opioid drug addiction issue, should be doing less, or is it currently doing the right amount?

Answer choices:
1. Should be doing more 2. Should be doing less 3. Is doing the right amount

When answering, respond ONLY with a single number that corresponds to the option you choose. Do not include any additional text, punctuation or explanation.

My answer is
",1
fake_3598,1,4,3,1,80,1,-6,"Today is November 5, 2024. Racially, I am white. Ideologically, I am moderate. Politically, I am an independent who leans Democratic. I attend church. I am 80 years old. I am a man.. Question: Do you think the federal government should be doing more about the opioid drug addiction issue, should be doing less, or is it currently doing the right amount?

Answer choices:
1. Should be doing more 2. Should be doing less 3. Is doing the right amount

When answering, respond ONLY with a single number that corresponds to the option you choose. Do not include any additional text, punctuation or explanation.

My answer is
",1
fake_3599,1,99,1,1,54,2,2,"Today is November 5, 2024. Racially, I am white. Politically, I am a strong democrat. I attend church. I am 54 years old. I am a woman. I am somewhat interested in politics.. Question: Do you think the federal government should be doing more about the opioid drug addiction issue, should be doing less, or is it currently doing the right amount?

Answer choices:
1. Should be doing more 2. Should be doing less 3. Is doing the right amount

When answering, respond ONLY with a single number that corresponds to the option you choose. Do not include any additional text, punctuation or explanation.

My answer is
",1
fake_3600,1,7,7,2,60,2,1,"Today is November 5, 2024. Racially, I am white. Ideologically, I am extremely conservative. Politically, I am a strong Republican. I do not attend church. I am 60 years old. I am a woman. I am very interested in politics.. Question: Do you think the federal government should be doing more about the opioid drug addiction issue, should be doing less, or is it currently doing the right amount?

Answer choices:
1. Should be doing more 2. Should be doing less 3. Is doing the right amount

When answering, respond ONLY with a single number that corresponds to the option you choose. Do not include any additional text, punctuation or explanation.

My answer is
",2
fake_3601,1,5,4,2,54,2,2,"Today is November 5, 2024. Racially, I am white. Ideologically, I am slightly conservative. Politically, I am an independent. I do not attend church. I am 54 years old. I am a woman. I am somewhat interested in politics.. Question: Do you think the federal government should be doing more about the opioid drug addiction issue, should be doing less, or is it currently doing the right amount?

Answer choices:
1. Should be doing more 2. Should be doing less 3. Is doing the right amount

When answering, respond ONLY with a single number that corresponds to the option you choose. Do not include any additional text, punctuation or explanation.

My answer is
",1
fake_3602,6,2,1,1,42,2,3,"Today is November 5, 2024. Ideologically, I am liberal. Politically, I am a strong democrat. I attend church. I am 42 years old. I am a woman. I am not very interested in politics.. Question: Do you think the federal government should be doing more about the opioid drug addiction issue, should be doing less, or is it currently doing the right amount?

Answer choices:
1. Should be doing more 2. Should be doing less 3. Is doing the right amount

When answering, respond ONLY with a single number that corresponds to the option you choose. Do not include any additional text, punctuation or explanation.

My answer is
",1
fake_3603,1,7,6,1,46,1,2,"Today is November 5, 2024. Racially, I am white. Ideologically, I am extremely conservative. Politically, I am a weak Republican. I attend church. I am 46 years old. I am a man. I am somewhat interested in politics.. Question: Do you think the federal government should be doing more about the opioid drug addiction issue, should be doing less, or is it currently doing the right amount?

Answer choices:
1. Should be doing more 2. Should be doing less 3. Is doing the right amount

When answering, respond ONLY with a single number that corresponds to the option you choose. Do not include any additional text, punctuation or explanation.

My answer is
",1
fake_3604,1,4,6,1,42,1,1,"Today is November 5, 2024. Racially, I am white. Ideologically, I am moderate. Politically, I am a weak Republican. I attend church. I am 42 years old. I am a man. I am very interested in politics.. Question: Do you think the federal government should be doing more about the opioid drug addiction issue, should be doing less, or is it currently doing the right amount?

Answer choices:
1. Should be doing more 2. Should be doing less 3. Is doing the right amount

When answering, respond ONLY with a single number that corresponds to the option you choose. Do not include any additional text, punctuation or explanation.

My answer is
",1
fake_3605,1,5,2,2,75,2,3,"Today is November 5, 2024. Racially, I am white. Ideologically, I am slightly conservative. Politically, I am a weak Democrat. I do not attend church. I am 75 years old. I am a woman. I am not very interested in politics.. Question: Do you think the federal government should be doing more about the opioid drug addiction issue, should be doing less, or is it currently doing the right amount?

Answer choices:
1. Should be doing more 2. Should be doing less 3. Is doing the right amount

When answering, respond ONLY with a single number that corresponds to the option you choose. Do not include any additional text, punctuation or explanation.

My answer is
",1
fake_3606,1,4,1,2,54,1,2,"Today is November 5, 2024. Racially, I am white. Ideologically, I am moderate. Politically, I am a strong democrat. I do not attend church. I am 54 years old. I am a man. I am somewhat interested in politics.. Question: Do you think the federal government should be doing more about the opioid drug addiction issue, should be doing less, or is it currently doing the right amount?

Answer choices:
1. Should be doing more 2. Should be doing less 3. Is doing the right amount

When answering, respond ONLY with a single number that corresponds to the option you choose. Do not include any additional text, punctuation or explanation.

My answer is
",1
fake_3607,3,7,3,2,68,2,2,"Today is November 5, 2024. Racially, I am hispanic. Ideologically, I am extremely conservative. Politically, I am an independent who leans Democratic. I do not attend church. I am 68 years old. I am a woman. I am somewhat interested in politics.. Question: Do you think the federal government should be doing more about the opioid drug addiction issue, should be doing less, or is it currently doing the right amount?

Answer choices:
1. Should be doing more 2. Should be doing less 3. Is doing the right amount

When answering, respond ONLY with a single number that corresponds to the option you choose. Do not include any additional text, punctuation or explanation.

My answer is
",1
fake_3608,3,99,6,2,64,2,1,"Today is November 5, 2024. Racially, I am hispanic. Politically, I am a weak Republican. I do not attend church. I am 64 years old. I am a woman. I am very interested in politics.. Question: Do you think the federal government should be doing more about the opioid drug addiction issue, should be doing less, or is it currently doing the right amount?

Answer choices:
1. Should be doing more 2. Should be doing less 3. Is doing the right amount

When answering, respond ONLY with a single number that corresponds to the option you choose. Do not include any additional text, punctuation or explanation.

My answer is
",1
fake_3609,1,3,7,2,70,2,3,"Today is November 5, 2024. Racially, I am white. Ideologically, I am slightly liberal. Politically, I am a strong Republican. I do not attend church. I am 70 years old. I am a woman. I am not very interested in politics.. Question: Do you think the federal government should be doing more about the opioid drug addiction issue, should be doing less, or is it currently doing the right amount?

Answer choices:
1. Should be doing more 2. Should be doing less 3. Is doing the right amount

When answering, respond ONLY with a single number that corresponds to the option you choose. Do not include any additional text, punctuation or explanation.

My answer is
",1
fake_3610,1,5,1,2,66,2,2,"Today is November 5, 2024. Racially, I am white. Ideologically, I am slightly conservative. Politically, I am a strong democrat. I do not attend church. I am 66 years old. I am a woman. I am somewhat interested in politics.. Question: Do you think the federal government should be doing more about the opioid drug addiction issue, should be doing less, or is it currently doing the right amount?

Answer choices:
1. Should be doing more 2. Should be doing less 3. Is doing the right amount

When answering, respond ONLY with a single number that corresponds to the option you choose. Do not include any additional text, punctuation or explanation.

My answer is
",1
fake_3611,1,4,7,1,70,2,-7,"Today is November 5, 2024. Racially, I am white. Ideologically, I am moderate. Politically, I am a strong Republican. I attend church. I am 70 years old. I am a woman.. Question: Do you think the federal government should be doing more about the opioid drug addiction issue, should be doing less, or is it currently doing the right amount?

Answer choices:
1. Should be doing more 2. Should be doing less 3. Is doing the right amount

When answering, respond ONLY with a single number that corresponds to the option you choose. Do not include any additional text, punctuation or explanation.

My answer is
",1
fake_3612,1,7,1,1,68,2,1,"Today is November 5, 2024. Racially, I am white. Ideologically, I am extremely conservative. Politically, I am a strong democrat. I attend church. I am 68 years old. I am a woman. I am very interested in politics.. Question: Do you think the federal government should be doing more about the opioid drug addiction issue, should be doing less, or is it currently doing the right amount?

Answer choices:
1. Should be doing more 2. Should be doing less 3. Is doing the right amount

When answering, respond ONLY with a single number that corresponds to the option you choose. Do not include any additional text, punctuation or explanation.

My answer is
",1
fake_3613,1,99,7,2,-2,2,2,"Today is November 5, 2024. Racially, I am white. Politically, I am a strong Republican. I do not attend church. I am a woman. I am somewhat interested in politics.. Question: Do you think the federal government should be doing more about the opioid drug addiction issue, should be doing less, or is it currently doing the right amount?

Answer choices:
1. Should be doing more 2. Should be doing less 3. Is doing the right amount

When answering, respond ONLY with a single number that corresponds to the option you choose. Do not include any additional text, punctuation or explanation.

My answer is
",1
fake_3614,1,4,7,1,-2,1,2,"Today is November 5, 2024. Racially, I am white. Ideologically, I am moderate. Politically, I am a strong Republican. I attend church. I am a man. I am somewhat interested in politics.. Question: Do you think the federal government should be doing more about the opioid drug addiction issue, should be doing less, or is it currently doing the right amount?

Answer choices:
1. Should be doing more 2. Should be doing less 3. Is doing the right amount

When answering, respond ONLY with a single number that corresponds to the option you choose. Do not include any additional text, punctuation or explanation.

My answer is
",1
fake_3615,3,4,6,1,66,1,-7,"Today is November 5, 2024. Racially, I am hispanic. Ideologically, I am moderate. Politically, I am a weak Republican. I attend church. I am 66 years old. I am a man.. Question: Do you think the federal government should be doing more about the opioid drug addiction issue, should be doing less, or is it currently doing the right amount?

Answer choices:
1. Should be doing more 2. Should be doing less 3. Is doing the right amount

When answering, respond ONLY with a single number that corresponds to the option you choose. Do not include any additional text, punctuation or explanation.

My answer is
",1
fake_3616,1,6,2,1,67,1,-6,"Today is November 5, 2024. Racially, I am white. Ideologically, I am conservative. Politically, I am a weak Democrat. I attend church. I am 67 years old. I am a man.. Question: Do you think the federal government should be doing more about the opioid drug addiction issue, should be doing less, or is it currently doing the right amount?

Answer choices:
1. Should be doing more 2. Should be doing less 3. Is doing the right amount

When answering, respond ONLY with a single number that corresponds to the option you choose. Do not include any additional text, punctuation or explanation.

My answer is
",1
fake_3617,1,4,7,2,42,-9,2,"Today is November 5, 2024. Racially, I am white. Ideologically, I am moderate. Politically, I am a strong Republican. I do not attend church. I am 42 years old. I am somewhat interested in politics.. Question: Do you think the federal government should be doing more about the opioid drug addiction issue, should be doing less, or is it currently doing the right amount?

Answer choices:
1. Should be doing more 2. Should be doing less 3. Is doing the right amount

When answering, respond ONLY with a single number that corresponds to the option you choose. Do not include any additional text, punctuation or explanation.

My answer is
",1
fake_3618,1,3,1,1,73,1,2,"Today is November 5, 2024. Racially, I am white. Ideologically, I am slightly liberal. Politically, I am a strong democrat. I attend church. I am 73 years old. I am a man. I am somewhat interested in politics.. Question: Do you think the federal government should be doing more about the opioid drug addiction issue, should be doing less, or is it currently doing the right amount?

Answer choices:
1. Should be doing more 2. Should be doing less 3. Is doing the right amount

When answering, respond ONLY with a single number that corresponds to the option you choose. Do not include any additional text, punctuation or explanation.

My answer is
",1
fake_3619,3,4,3,1,42,2,2,"Today is November 5, 2024. Racially, I am hispanic. Ideologically, I am moderate. Politically, I am an independent who leans Democratic. I attend church. I am 42 years old. I am a woman. I am somewhat interested in politics.. Question: Do you think the federal government should be doing more about the opioid drug addiction issue, should be doing less, or is it currently doing the right amount?

Answer choices:
1. Should be doing more 2. Should be doing less 3. Is doing the right amount

When answering, respond ONLY with a single number that corresponds to the option you choose. Do not include any additional text, punctuation or explanation.

My answer is
",1
fake_3620,1,99,2,1,28,2,1,"Today is November 5, 2024. Racially, I am white. Politically, I am a weak Democrat. I attend church. I am 28 years old. I am a woman. I am very interested in politics.. Question: Do you think the federal government should be doing more about the opioid drug addiction issue, should be doing less, or is it currently doing the right amount?

Answer choices:
1. Should be doing more 2. Should be doing less 3. Is doing the right amount

When answering, respond ONLY with a single number that corresponds to the option you choose. Do not include any additional text, punctuation or explanation.

My answer is
",1
fake_3621,1,6,1,1,40,1,3,"Today is November 5, 2024. Racially, I am white. Ideologically, I am conservative. Politically, I am a strong democrat. I attend church. I am 40 years old. I am a man. I am not very interested in politics.. Question: Do you think the federal government should be doing more about the opioid drug addiction issue, should be doing less, or is it currently doing the right amount?

Answer choices:
1. Should be doing more 2. Should be doing less 3. Is doing the right amount

When answering, respond ONLY with a single number that corresponds to the option you choose. Do not include any additional text, punctuation or explanation.

My answer is
",1
fake_3622,1,99,1,1,53,2,2,"Today is November 5, 2024. Racially, I am white. Politically, I am a strong democrat. I attend church. I am 53 years old. I am a woman. I am somewhat interested in politics.. Question: Do you think the federal government should be doing more about the opioid drug addiction issue, should be doing less, or is it currently doing the right amount?

Answer choices:
1. Should be doing more 2. Should be doing less 3. Is doing the right amount

When answering, respond ONLY with a single number that corresponds to the option you choose. Do not include any additional text, punctuation or explanation.

My answer is
",1
fake_3623,1,99,2,1,66,2,3,"Today is November 5, 2024. Racially, I am white. Politically, I am a weak Democrat. I attend church. I am 66 years old. I am a woman. I am not very interested in politics.. Question: Do you think the federal government should be doing more about the opioid drug addiction issue, should be doing less, or is it currently doing the right amount?

Answer choices:
1. Should be doing more 2. Should be doing less 3. Is doing the right amount

When answering, respond ONLY with a single number that corresponds to the option you choose. Do not include any additional text, punctuation or explanation.

My answer is
",1
fake_3624,1,4,2,2,-2,2,4,"Today is November 5, 2024. Racially, I am white. Ideologically, I am moderate. Politically, I am a weak Democrat. I do not attend church. I am a woman. I am not at all interested in politics.. Question: Do you think the federal government should be doing more about the opioid drug addiction issue, should be doing less, or is it currently doing the right amount?

Answer choices:
1. Should be doing more 2. Should be doing less 3. Is doing the right amount

When answering, respond ONLY with a single number that corresponds to the option you choose. Do not include any additional text, punctuation or explanation.

My answer is
",1
fake_3625,1,99,1,2,54,2,-6,"Today is November 5, 2024. Racially, I am white. Politically, I am a strong democrat. I do not attend church. I am 54 years old. I am a woman.. Question: Do you think the federal government should be doing more about the opioid drug addiction issue, should be doing less, or is it currently doing the right amount?

Answer choices:
1. Should be doing more 2. Should be doing less 3. Is doing the right amount

When answering, respond ONLY with a single number that corresponds to the option you choose. Do not include any additional text, punctuation or explanation.

My answer is
",1
fake_3626,1,99,7,1,74,2,-6,"Today is November 5, 2024. Racially, I am white. Politically, I am a strong Republican. I attend church. I am 74 years old. I am a woman.. Question: Do you think the federal government should be doing more about the opioid drug addiction issue, should be doing less, or is it currently doing the right amount?

Answer choices:
1. Should be doing more 2. Should be doing less 3. Is doing the right amount

When answering, respond ONLY with a single number that corresponds to the option you choose. Do not include any additional text, punctuation or explanation.

My answer is
",1
fake_3627,1,5,6,2,67,2,2,"Today is November 5, 2024. Racially, I am white. Ideologically, I am slightly conservative. Politically, I am a weak Republican. I do not attend church. I am 67 years old. I am a woman. I am somewhat interested in politics.. Question: Do you think the federal government should be doing more about the opioid drug addiction issue, should be doing less, or is it currently doing the right amount?

Answer choices:
1. Should be doing more 2. Should be doing less 3. Is doing the right amount

When answering, respond ONLY with a single number that corresponds to the option you choose. Do not include any additional text, punctuation or explanation.

My answer is
",1
fake_3628,1,4,5,2,67,1,2,"Today is November 5, 2024. Racially, I am white. Ideologically, I am moderate. Politically, I am an independent who leans Republican. I do not attend church. I am 67 years old. I am a man. I am somewhat interested in politics.. Question: Do you think the federal government should be doing more about the opioid drug addiction issue, should be doing less, or is it currently doing the right amount?

Answer choices:
1. Should be doing more 2. Should be doing less 3. Is doing the right amount

When answering, respond ONLY with a single number that corresponds to the option you choose. Do not include any additional text, punctuation or explanation.

My answer is
",1
fake_3629,3,2,1,2,58,1,-6,"Today is November 5, 2024. Racially, I am hispanic. Ideologically, I am liberal. Politically, I am a strong democrat. I do not attend church. I am 58 years old. I am a man.. Question: Do you think the federal government should be doing more about the opioid drug addiction issue, should be doing less, or is it currently doing the right amount?

Answer choices:
1. Should be doing more 2. Should be doing less 3. Is doing the right amount

When answering, respond ONLY with a single number that corresponds to the option you choose. Do not include any additional text, punctuation or explanation.

My answer is
",1
fake_3630,1,5,7,1,41,1,1,"Today is November 5, 2024. Racially, I am white. Ideologically, I am slightly conservative. Politically, I am a strong Republican. I attend church. I am 41 years old. I am a man. I am very interested in politics.. Question: Do you think the federal government should be doing more about the opioid drug addiction issue, should be doing less, or is it currently doing the right amount?

Answer choices:
1. Should be doing more 2. Should be doing less 3. Is doing the right amount

When answering, respond ONLY with a single number that corresponds to the option you choose. Do not include any additional text, punctuation or explanation.

My answer is
",1
fake_3631,1,2,7,1,32,2,4,"Today is November 5, 2024. Racially, I am white. Ideologically, I am liberal. Politically, I am a strong Republican. I attend church. I am 32 years old. I am a woman. I am not at all interested in politics.. Question: Do you think the federal government should be doing more about the opioid drug addiction issue, should be doing less, or is it currently doing the right amount?

Answer choices:
1. Should be doing more 2. Should be doing less 3. Is doing the right amount

When answering, respond ONLY with a single number that corresponds to the option you choose. Do not include any additional text, punctuation or explanation.

My answer is
",1
fake_3632,1,6,7,1,-2,2,1,"Today is November 5, 2024. Racially, I am white. Ideologically, I am conservative. Politically, I am a strong Republican. I attend church. I am a woman. I am very interested in politics.. Question: Do you think the federal government should be doing more about the opioid drug addiction issue, should be doing less, or is it currently doing the right amount?

Answer choices:
1. Should be doing more 2. Should be doing less 3. Is doing the right amount

When answering, respond ONLY with a single number that corresponds to the option you choose. Do not include any additional text, punctuation or explanation.

My answer is
",1
fake_3633,1,6,7,1,67,1,2,"Today is November 5, 2024. Racially, I am white. Ideologically, I am conservative. Politically, I am a strong Republican. I attend church. I am 67 years old. I am a man. I am somewhat interested in politics.. Question: Do you think the federal government should be doing more about the opioid drug addiction issue, should be doing less, or is it currently doing the right amount?

Answer choices:
1. Should be doing more 2. Should be doing less 3. Is doing the right amount

When answering, respond ONLY with a single number that corresponds to the option you choose. Do not include any additional text, punctuation or explanation.

My answer is
",1
fake_3634,1,-9,1,1,73,1,1,"Today is November 5, 2024. Racially, I am white. Politically, I am a strong democrat. I attend church. I am 73 years old. I am a man. I am very interested in politics.. Question: Do you think the federal government should be doing more about the opioid drug addiction issue, should be doing less, or is it currently doing the right amount?

Answer choices:
1. Should be doing more 2. Should be doing less 3. Is doing the right amount

When answering, respond ONLY with a single number that corresponds to the option you choose. Do not include any additional text, punctuation or explanation.

My answer is
",1
fake_3635,1,4,1,1,70,2,1,"Today is November 5, 2024. Racially, I am white. Ideologically, I am moderate. Politically, I am a strong democrat. I attend church. I am 70 years old. I am a woman. I am very interested in politics.. Question: Do you think the federal government should be doing more about the opioid drug addiction issue, should be doing less, or is it currently doing the right amount?

Answer choices:
1. Should be doing more 2. Should be doing less 3. Is doing the right amount

When answering, respond ONLY with a single number that corresponds to the option you choose. Do not include any additional text, punctuation or explanation.

My answer is
",1
fake_3636,1,1,6,2,46,2,1,"Today is November 5, 2024. Racially, I am white. Ideologically, I am extremely liberal. Politically, I am a weak Republican. I do not attend church. I am 46 years old. I am a woman. I am very interested in politics.. Question: Do you think the federal government should be doing more about the opioid drug addiction issue, should be doing less, or is it currently doing the right amount?

Answer choices:
1. Should be doing more 2. Should be doing less 3. Is doing the right amount

When answering, respond ONLY with a single number that corresponds to the option you choose. Do not include any additional text, punctuation or explanation.

My answer is
",1
fake_3637,2,6,5,1,62,1,1,"Today is November 5, 2024. Racially, I am black. Ideologically, I am conservative. Politically, I am an independent who leans Republican. I attend church. I am 62 years old. I am a man. I am very interested in politics.. Question: Do you think the federal government should be doing more about the opioid drug addiction issue, should be doing less, or is it currently doing the right amount?

Answer choices:
1. Should be doing more 2. Should be doing less 3. Is doing the right amount

When answering, respond ONLY with a single number that corresponds to the option you choose. Do not include any additional text, punctuation or explanation.

My answer is
",1
fake_3638,5,2,6,1,28,1,2,"Today is November 5, 2024. Racially, I am native American. Ideologically, I am liberal. Politically, I am a weak Republican. I attend church. I am 28 years old. I am a man. I am somewhat interested in politics.. Question: Do you think the federal government should be doing more about the opioid drug addiction issue, should be doing less, or is it currently doing the right amount?

Answer choices:
1. Should be doing more 2. Should be doing less 3. Is doing the right amount

When answering, respond ONLY with a single number that corresponds to the option you choose. Do not include any additional text, punctuation or explanation.

My answer is
",1
fake_3639,1,7,1,2,46,1,2,"Today is November 5, 2024. Racially, I am white. Ideologically, I am extremely conservative. Politically, I am a strong democrat. I do not attend church. I am 46 years old. I am a man. I am somewhat interested in politics.. Question: Do you think the federal government should be doing more about the opioid drug addiction issue, should be doing less, or is it currently doing the right amount?

Answer choices:
1. Should be doing more 2. Should be doing less 3. Is doing the right amount

When answering, respond ONLY with a single number that corresponds to the option you choose. Do not include any additional text, punctuation or explanation.

My answer is
",1
fake_3640,3,99,6,1,54,1,1,"Today is November 5, 2024. Racially, I am hispanic. Politically, I am a weak Republican. I attend church. I am 54 years old. I am a man. I am very interested in politics.. Question: Do you think the federal government should be doing more about the opioid drug addiction issue, should be doing less, or is it currently doing the right amount?

Answer choices:
1. Should be doing more 2. Should be doing less 3. Is doing the right amount

When answering, respond ONLY with a single number that corresponds to the option you choose. Do not include any additional text, punctuation or explanation.

My answer is
",1
fake_3641,4,6,7,2,73,2,2,"Today is November 5, 2024. Racially, I am asian. Ideologically, I am conservative. Politically, I am a strong Republican. I do not attend church. I am 73 years old. I am a woman. I am somewhat interested in politics.. Question: Do you think the federal government should be doing more about the opioid drug addiction issue, should be doing less, or is it currently doing the right amount?

Answer choices:
1. Should be doing more 2. Should be doing less 3. Is doing the right amount

When answering, respond ONLY with a single number that corresponds to the option you choose. Do not include any additional text, punctuation or explanation.

My answer is
",1
fake_3642,-9,5,1,2,74,2,4,"Today is November 5, 2024. Ideologically, I am slightly conservative. Politically, I am a strong democrat. I do not attend church. I am 74 years old. I am a woman. I am not at all interested in politics.. Question: Do you think the federal government should be doing more about the opioid drug addiction issue, should be doing less, or is it currently doing the right amount?

Answer choices:
1. Should be doing more 2. Should be doing less 3. Is doing the right amount

When answering, respond ONLY with a single number that corresponds to the option you choose. Do not include any additional text, punctuation or explanation.

My answer is
",1
fake_3643,2,2,7,1,50,2,3,"Today is November 5, 2024. Racially, I am black. Ideologically, I am liberal. Politically, I am a strong Republican. I attend church. I am 50 years old. I am a woman. I am not very interested in politics.. Question: Do you think the federal government should be doing more about the opioid drug addiction issue, should be doing less, or is it currently doing the right amount?

Answer choices:
1. Should be doing more 2. Should be doing less 3. Is doing the right amount

When answering, respond ONLY with a single number that corresponds to the option you choose. Do not include any additional text, punctuation or explanation.

My answer is
",1
fake_3644,1,1,4,1,55,2,-6,"Today is November 5, 2024. Racially, I am white. Ideologically, I am extremely liberal. Politically, I am an independent. I attend church. I am 55 years old. I am a woman.. Question: Do you think the federal government should be doing more about the opioid drug addiction issue, should be doing less, or is it currently doing the right amount?

Answer choices:
1. Should be doing more 2. Should be doing less 3. Is doing the right amount

When answering, respond ONLY with a single number that corresponds to the option you choose. Do not include any additional text, punctuation or explanation.

My answer is
",1
fake_3645,1,4,7,1,34,1,3,"Today is November 5, 2024. Racially, I am white. Ideologically, I am moderate. Politically, I am a strong Republican. I attend church. I am 34 years old. I am a man. I am not very interested in politics.. Question: Do you think the federal government should be doing more about the opioid drug addiction issue, should be doing less, or is it currently doing the right amount?

Answer choices:
1. Should be doing more 2. Should be doing less 3. Is doing the right amount

When answering, respond ONLY with a single number that corresponds to the option you choose. Do not include any additional text, punctuation or explanation.

My answer is
",1
fake_3646,1,1,2,1,80,2,2,"Today is November 5, 2024. Racially, I am white. Ideologically, I am extremely liberal. Politically, I am a weak Democrat. I attend church. I am 80 years old. I am a woman. I am somewhat interested in politics.. Question: Do you think the federal government should be doing more about the opioid drug addiction issue, should be doing less, or is it currently doing the right amount?

Answer choices:
1. Should be doing more 2. Should be doing less 3. Is doing the right amount

When answering, respond ONLY with a single number that corresponds to the option you choose. Do not include any additional text, punctuation or explanation.

My answer is
",1
fake_3647,1,3,2,1,49,1,2,"Today is November 5, 2024. Racially, I am white. Ideologically, I am slightly liberal. Politically, I am a weak Democrat. I attend church. I am 49 years old. I am a man. I am somewhat interested in politics.. Question: Do you think the federal government should be doing more about the opioid drug addiction issue, should be doing less, or is it currently doing the right amount?

Answer choices:
1. Should be doing more 2. Should be doing less 3. Is doing the right amount

When answering, respond ONLY with a single number that corresponds to the option you choose. Do not include any additional text, punctuation or explanation.

My answer is
",1
fake_3648,1,99,6,1,48,2,-6,"Today is November 5, 2024. Racially, I am white. Politically, I am a weak Republican. I attend church. I am 48 years old. I am a woman.. Question: Do you think the federal government should be doing more about the opioid drug addiction issue, should be doing less, or is it currently doing the right amount?

Answer choices:
1. Should be doing more 2. Should be doing less 3. Is doing the right amount

When answering, respond ONLY with a single number that corresponds to the option you choose. Do not include any additional text, punctuation or explanation.

My answer is
",1
fake_3649,1,6,6,2,46,2,2,"Today is November 5, 2024. Racially, I am white. Ideologically, I am conservative. Politically, I am a weak Republican. I do not attend church. I am 46 years old. I am a woman. I am somewhat interested in politics.. Question: Do you think the federal government should be doing more about the opioid drug addiction issue, should be doing less, or is it currently doing the right amount?

Answer choices:
1. Should be doing more 2. Should be doing less 3. Is doing the right amount

When answering, respond ONLY with a single number that corresponds to the option you choose. Do not include any additional text, punctuation or explanation.

My answer is
",1
fake_3650,6,3,4,1,55,2,2,"Today is November 5, 2024. Ideologically, I am slightly liberal. Politically, I am an independent. I attend church. I am 55 years old. I am a woman. I am somewhat interested in politics.. Question: Do you think the federal government should be doing more about the opioid drug addiction issue, should be doing less, or is it currently doing the right amount?

Answer choices:
1. Should be doing more 2. Should be doing less 3. Is doing the right amount

When answering, respond ONLY with a single number that corresponds to the option you choose. Do not include any additional text, punctuation or explanation.

My answer is
",1
fake_3651,1,4,5,1,70,2,2,"Today is November 5, 2024. Racially, I am white. Ideologically, I am moderate. Politically, I am an independent who leans Republican. I attend church. I am 70 years old. I am a woman. I am somewhat interested in politics.. Question: Do you think the federal government should be doing more about the opioid drug addiction issue, should be doing less, or is it currently doing the right amount?

Answer choices:
1. Should be doing more 2. Should be doing less 3. Is doing the right amount

When answering, respond ONLY with a single number that corresponds to the option you choose. Do not include any additional text, punctuation or explanation.

My answer is
",1
fake_3652,1,2,6,1,45,1,-6,"Today is November 5, 2024. Racially, I am white. Ideologically, I am liberal. Politically, I am a weak Republican. I attend church. I am 45 years old. I am a man.. Question: Do you think the federal government should be doing more about the opioid drug addiction issue, should be doing less, or is it currently doing the right amount?

Answer choices:
1. Should be doing more 2. Should be doing less 3. Is doing the right amount

When answering, respond ONLY with a single number that corresponds to the option you choose. Do not include any additional text, punctuation or explanation.

My answer is
",1
fake_3653,1,2,7,2,46,2,2,"Today is November 5, 2024. Racially, I am white. Ideologically, I am liberal. Politically, I am a strong Republican. I do not attend church. I am 46 years old. I am a woman. I am somewhat interested in politics.. Question: Do you think the federal government should be doing more about the opioid drug addiction issue, should be doing less, or is it currently doing the right amount?

Answer choices:
1. Should be doing more 2. Should be doing less 3. Is doing the right amount

When answering, respond ONLY with a single number that corresponds to the option you choose. Do not include any additional text, punctuation or explanation.

My answer is
",1
fake_3654,1,6,6,1,73,1,3,"Today is November 5, 2024. Racially, I am white. Ideologically, I am conservative. Politically, I am a weak Republican. I attend church. I am 73 years old. I am a man. I am not very interested in politics.. Question: Do you think the federal government should be doing more about the opioid drug addiction issue, should be doing less, or is it currently doing the right amount?

Answer choices:
1. Should be doing more 2. Should be doing less 3. Is doing the right amount

When answering, respond ONLY with a single number that corresponds to the option you choose. Do not include any additional text, punctuation or explanation.

My answer is
",1
fake_3655,1,4,2,2,42,1,2,"Today is November 5, 2024. Racially, I am white. Ideologically, I am moderate. Politically, I am a weak Democrat. I do not attend church. I am 42 years old. I am a man. I am somewhat interested in politics.. Question: Do you think the federal government should be doing more about the opioid drug addiction issue, should be doing less, or is it currently doing the right amount?

Answer choices:
1. Should be doing more 2. Should be doing less 3. Is doing the right amount

When answering, respond ONLY with a single number that corresponds to the option you choose. Do not include any additional text, punctuation or explanation.

My answer is
",1
fake_3656,2,4,7,1,49,2,2,"Today is November 5, 2024. Racially, I am black. Ideologically, I am moderate. Politically, I am a strong Republican. I attend church. I am 49 years old. I am a woman. I am somewhat interested in politics.. Question: Do you think the federal government should be doing more about the opioid drug addiction issue, should be doing less, or is it currently doing the right amount?

Answer choices:
1. Should be doing more 2. Should be doing less 3. Is doing the right amount

When answering, respond ONLY with a single number that corresponds to the option you choose. Do not include any additional text, punctuation or explanation.

My answer is
",1
fake_3657,1,6,3,1,80,2,3,"Today is November 5, 2024. Racially, I am white. Ideologically, I am conservative. Politically, I am an independent who leans Democratic. I attend church. I am 80 years old. I am a woman. I am not very interested in politics.. Question: Do you think the federal government should be doing more about the opioid drug addiction issue, should be doing less, or is it currently doing the right amount?

Answer choices:
1. Should be doing more 2. Should be doing less 3. Is doing the right amount

When answering, respond ONLY with a single number that corresponds to the option you choose. Do not include any additional text, punctuation or explanation.

My answer is
",1
fake_3658,3,99,6,1,37,2,2,"Today is November 5, 2024. Racially, I am hispanic. Politically, I am a weak Republican. I attend church. I am 37 years old. I am a woman. I am somewhat interested in politics.. Question: Do you think the federal government should be doing more about the opioid drug addiction issue, should be doing less, or is it currently doing the right amount?

Answer choices:
1. Should be doing more 2. Should be doing less 3. Is doing the right amount

When answering, respond ONLY with a single number that corresponds to the option you choose. Do not include any additional text, punctuation or explanation.

My answer is
",1
fake_3659,1,6,2,1,71,1,1,"Today is November 5, 2024. Racially, I am white. Ideologically, I am conservative. Politically, I am a weak Democrat. I attend church. I am 71 years old. I am a man. I am very interested in politics.. Question: Do you think the federal government should be doing more about the opioid drug addiction issue, should be doing less, or is it currently doing the right amount?

Answer choices:
1. Should be doing more 2. Should be doing less 3. Is doing the right amount

When answering, respond ONLY with a single number that corresponds to the option you choose. Do not include any additional text, punctuation or explanation.

My answer is
",1
fake_3660,3,6,1,1,69,1,2,"Today is November 5, 2024. Racially, I am hispanic. Ideologically, I am conservative. Politically, I am a strong democrat. I attend church. I am 69 years old. I am a man. I am somewhat interested in politics.. Question: Do you think the federal government should be doing more about the opioid drug addiction issue, should be doing less, or is it currently doing the right amount?

Answer choices:
1. Should be doing more 2. Should be doing less 3. Is doing the right amount

When answering, respond ONLY with a single number that corresponds to the option you choose. Do not include any additional text, punctuation or explanation.

My answer is
",1
fake_3661,4,4,6,2,-2,1,4,"Today is November 5, 2024. Racially, I am asian. Ideologically, I am moderate. Politically, I am a weak Republican. I do not attend church. I am a man. I am not at all interested in politics.. Question: Do you think the federal government should be doing more about the opioid drug addiction issue, should be doing less, or is it currently doing the right amount?

Answer choices:
1. Should be doing more 2. Should be doing less 3. Is doing the right amount

When answering, respond ONLY with a single number that corresponds to the option you choose. Do not include any additional text, punctuation or explanation.

My answer is
",1
fake_3662,1,5,5,1,39,1,4,"Today is November 5, 2024. Racially, I am white. Ideologically, I am slightly conservative. Politically, I am an independent who leans Republican. I attend church. I am 39 years old. I am a man. I am not at all interested in politics.. Question: Do you think the federal government should be doing more about the opioid drug addiction issue, should be doing less, or is it currently doing the right amount?

Answer choices:
1. Should be doing more 2. Should be doing less 3. Is doing the right amount

When answering, respond ONLY with a single number that corresponds to the option you choose. Do not include any additional text, punctuation or explanation.

My answer is
",1
fake_3663,1,6,1,2,42,1,2,"Today is November 5, 2024. Racially, I am white. Ideologically, I am conservative. Politically, I am a strong democrat. I do not attend church. I am 42 years old. I am a man. I am somewhat interested in politics.. Question: Do you think the federal government should be doing more about the opioid drug addiction issue, should be doing less, or is it currently doing the right amount?

Answer choices:
1. Should be doing more 2. Should be doing less 3. Is doing the right amount

When answering, respond ONLY with a single number that corresponds to the option you choose. Do not include any additional text, punctuation or explanation.

My answer is
",1
fake_3664,3,-9,2,2,32,2,1,"Today is November 5, 2024. Racially, I am hispanic. Politically, I am a weak Democrat. I do not attend church. I am 32 years old. I am a woman. I am very interested in politics.. Question: Do you think the federal government should be doing more about the opioid drug addiction issue, should be doing less, or is it currently doing the right amount?

Answer choices:
1. Should be doing more 2. Should be doing less 3. Is doing the right amount

When answering, respond ONLY with a single number that corresponds to the option you choose. Do not include any additional text, punctuation or explanation.

My answer is
",1
fake_3665,3,2,3,2,28,1,2,"Today is November 5, 2024. Racially, I am hispanic. Ideologically, I am liberal. Politically, I am an independent who leans Democratic. I do not attend church. I am 28 years old. I am a man. I am somewhat interested in politics.. Question: Do you think the federal government should be doing more about the opioid drug addiction issue, should be doing less, or is it currently doing the right amount?

Answer choices:
1. Should be doing more 2. Should be doing less 3. Is doing the right amount

When answering, respond ONLY with a single number that corresponds to the option you choose. Do not include any additional text, punctuation or explanation.

My answer is
",1
fake_3666,2,3,7,1,66,2,4,"Today is November 5, 2024. Racially, I am black. Ideologically, I am slightly liberal. Politically, I am a strong Republican. I attend church. I am 66 years old. I am a woman. I am not at all interested in politics.. Question: Do you think the federal government should be doing more about the opioid drug addiction issue, should be doing less, or is it currently doing the right amount?

Answer choices:
1. Should be doing more 2. Should be doing less 3. Is doing the right amount

When answering, respond ONLY with a single number that corresponds to the option you choose. Do not include any additional text, punctuation or explanation.

My answer is
",1
fake_3667,1,6,7,1,43,1,2,"Today is November 5, 2024. Racially, I am white. Ideologically, I am conservative. Politically, I am a strong Republican. I attend church. I am 43 years old. I am a man. I am somewhat interested in politics.. Question: Do you think the federal government should be doing more about the opioid drug addiction issue, should be doing less, or is it currently doing the right amount?

Answer choices:
1. Should be doing more 2. Should be doing less 3. Is doing the right amount

When answering, respond ONLY with a single number that corresponds to the option you choose. Do not include any additional text, punctuation or explanation.

My answer is
",1
fake_3668,1,99,2,1,71,2,-6,"Today is November 5, 2024. Racially, I am white. Politically, I am a weak Democrat. I attend church. I am 71 years old. I am a woman.. Question: Do you think the federal government should be doing more about the opioid drug addiction issue, should be doing less, or is it currently doing the right amount?

Answer choices:
1. Should be doing more 2. Should be doing less 3. Is doing the right amount

When answering, respond ONLY with a single number that corresponds to the option you choose. Do not include any additional text, punctuation or explanation.

My answer is
",1
fake_3669,1,2,7,1,43,1,2,"Today is November 5, 2024. Racially, I am white. Ideologically, I am liberal. Politically, I am a strong Republican. I attend church. I am 43 years old. I am a man. I am somewhat interested in politics.. Question: Do you think the federal government should be doing more about the opioid drug addiction issue, should be doing less, or is it currently doing the right amount?

Answer choices:
1. Should be doing more 2. Should be doing less 3. Is doing the right amount

When answering, respond ONLY with a single number that corresponds to the option you choose. Do not include any additional text, punctuation or explanation.

My answer is
",1
fake_3670,2,5,1,1,38,1,3,"Today is November 5, 2024. Racially, I am black. Ideologically, I am slightly conservative. Politically, I am a strong democrat. I attend church. I am 38 years old. I am a man. I am not very interested in politics.. Question: Do you think the federal government should be doing more about the opioid drug addiction issue, should be doing less, or is it currently doing the right amount?

Answer choices:
1. Should be doing more 2. Should be doing less 3. Is doing the right amount

When answering, respond ONLY with a single number that corresponds to the option you choose. Do not include any additional text, punctuation or explanation.

My answer is
",1
fake_3671,1,6,2,1,56,2,2,"Today is November 5, 2024. Racially, I am white. Ideologically, I am conservative. Politically, I am a weak Democrat. I attend church. I am 56 years old. I am a woman. I am somewhat interested in politics.. Question: Do you think the federal government should be doing more about the opioid drug addiction issue, should be doing less, or is it currently doing the right amount?

Answer choices:
1. Should be doing more 2. Should be doing less 3. Is doing the right amount

When answering, respond ONLY with a single number that corresponds to the option you choose. Do not include any additional text, punctuation or explanation.

My answer is
",1
fake_3672,1,6,1,1,28,1,2,"Today is November 5, 2024. Racially, I am white. Ideologically, I am conservative. Politically, I am a strong democrat. I attend church. I am 28 years old. I am a man. I am somewhat interested in politics.. Question: Do you think the federal government should be doing more about the opioid drug addiction issue, should be doing less, or is it currently doing the right amount?

Answer choices:
1. Should be doing more 2. Should be doing less 3. Is doing the right amount

When answering, respond ONLY with a single number that corresponds to the option you choose. Do not include any additional text, punctuation or explanation.

My answer is
",1
fake_3673,1,99,2,2,20,1,2,"Today is November 5, 2024. Racially, I am white. Politically, I am a weak Democrat. I do not attend church. I am 20 years old. I am a man. I am somewhat interested in politics.. Question: Do you think the federal government should be doing more about the opioid drug addiction issue, should be doing less, or is it currently doing the right amount?

Answer choices:
1. Should be doing more 2. Should be doing less 3. Is doing the right amount

When answering, respond ONLY with a single number that corresponds to the option you choose. Do not include any additional text, punctuation or explanation.

My answer is
",1
fake_3674,1,4,5,1,54,2,2,"Today is November 5, 2024. Racially, I am white. Ideologically, I am moderate. Politically, I am an independent who leans Republican. I attend church. I am 54 years old. I am a woman. I am somewhat interested in politics.. Question: Do you think the federal government should be doing more about the opioid drug addiction issue, should be doing less, or is it currently doing the right amount?

Answer choices:
1. Should be doing more 2. Should be doing less 3. Is doing the right amount

When answering, respond ONLY with a single number that corresponds to the option you choose. Do not include any additional text, punctuation or explanation.

My answer is
",1
fake_3675,3,3,3,1,74,2,3,"Today is November 5, 2024. Racially, I am hispanic. Ideologically, I am slightly liberal. Politically, I am an independent who leans Democratic. I attend church. I am 74 years old. I am a woman. I am not very interested in politics.. Question: Do you think the federal government should be doing more about the opioid drug addiction issue, should be doing less, or is it currently doing the right amount?

Answer choices:
1. Should be doing more 2. Should be doing less 3. Is doing the right amount

When answering, respond ONLY with a single number that corresponds to the option you choose. Do not include any additional text, punctuation or explanation.

My answer is
",1
fake_3676,1,4,4,1,50,2,1,"Today is November 5, 2024. Racially, I am white. Ideologically, I am moderate. Politically, I am an independent. I attend church. I am 50 years old. I am a woman. I am very interested in politics.. Question: Do you think the federal government should be doing more about the opioid drug addiction issue, should be doing less, or is it currently doing the right amount?

Answer choices:
1. Should be doing more 2. Should be doing less 3. Is doing the right amount

When answering, respond ONLY with a single number that corresponds to the option you choose. Do not include any additional text, punctuation or explanation.

My answer is
",1
fake_3677,1,99,7,1,68,1,1,"Today is November 5, 2024. Racially, I am white. Politically, I am a strong Republican. I attend church. I am 68 years old. I am a man. I am very interested in politics.. Question: Do you think the federal government should be doing more about the opioid drug addiction issue, should be doing less, or is it currently doing the right amount?

Answer choices:
1. Should be doing more 2. Should be doing less 3. Is doing the right amount

When answering, respond ONLY with a single number that corresponds to the option you choose. Do not include any additional text, punctuation or explanation.

My answer is
",1
fake_3678,2,4,4,1,42,1,2,"Today is November 5, 2024. Racially, I am black. Ideologically, I am moderate. Politically, I am an independent. I attend church. I am 42 years old. I am a man. I am somewhat interested in politics.. Question: Do you think the federal government should be doing more about the opioid drug addiction issue, should be doing less, or is it currently doing the right amount?

Answer choices:
1. Should be doing more 2. Should be doing less 3. Is doing the right amount

When answering, respond ONLY with a single number that corresponds to the option you choose. Do not include any additional text, punctuation or explanation.

My answer is
",1
fake_3679,4,4,3,2,-2,1,2,"Today is November 5, 2024. Racially, I am asian. Ideologically, I am moderate. Politically, I am an independent who leans Democratic. I do not attend church. I am a man. I am somewhat interested in politics.. Question: Do you think the federal government should be doing more about the opioid drug addiction issue, should be doing less, or is it currently doing the right amount?

Answer choices:
1. Should be doing more 2. Should be doing less 3. Is doing the right amount

When answering, respond ONLY with a single number that corresponds to the option you choose. Do not include any additional text, punctuation or explanation.

My answer is
",1
fake_3680,1,4,5,1,62,2,2,"Today is November 5, 2024. Racially, I am white. Ideologically, I am moderate. Politically, I am an independent who leans Republican. I attend church. I am 62 years old. I am a woman. I am somewhat interested in politics.. Question: Do you think the federal government should be doing more about the opioid drug addiction issue, should be doing less, or is it currently doing the right amount?

Answer choices:
1. Should be doing more 2. Should be doing less 3. Is doing the right amount

When answering, respond ONLY with a single number that corresponds to the option you choose. Do not include any additional text, punctuation or explanation.

My answer is
",1
fake_3681,2,6,6,2,43,2,4,"Today is November 5, 2024. Racially, I am black. Ideologically, I am conservative. Politically, I am a weak Republican. I do not attend church. I am 43 years old. I am a woman. I am not at all interested in politics.. Question: Do you think the federal government should be doing more about the opioid drug addiction issue, should be doing less, or is it currently doing the right amount?

Answer choices:
1. Should be doing more 2. Should be doing less 3. Is doing the right amount

When answering, respond ONLY with a single number that corresponds to the option you choose. Do not include any additional text, punctuation or explanation.

My answer is
",1
fake_3682,2,1,4,1,23,2,1,"Today is November 5, 2024. Racially, I am black. Ideologically, I am extremely liberal. Politically, I am an independent. I attend church. I am 23 years old. I am a woman. I am very interested in politics.. Question: Do you think the federal government should be doing more about the opioid drug addiction issue, should be doing less, or is it currently doing the right amount?

Answer choices:
1. Should be doing more 2. Should be doing less 3. Is doing the right amount

When answering, respond ONLY with a single number that corresponds to the option you choose. Do not include any additional text, punctuation or explanation.

My answer is
",1
fake_3683,1,99,2,2,78,1,2,"Today is November 5, 2024. Racially, I am white. Politically, I am a weak Democrat. I do not attend church. I am 78 years old. I am a man. I am somewhat interested in politics.. Question: Do you think the federal government should be doing more about the opioid drug addiction issue, should be doing less, or is it currently doing the right amount?

Answer choices:
1. Should be doing more 2. Should be doing less 3. Is doing the right amount

When answering, respond ONLY with a single number that corresponds to the option you choose. Do not include any additional text, punctuation or explanation.

My answer is
",1
fake_3684,1,99,7,1,72,2,2,"Today is November 5, 2024. Racially, I am white. Politically, I am a strong Republican. I attend church. I am 72 years old. I am a woman. I am somewhat interested in politics.. Question: Do you think the federal government should be doing more about the opioid drug addiction issue, should be doing less, or is it currently doing the right amount?

Answer choices:
1. Should be doing more 2. Should be doing less 3. Is doing the right amount

When answering, respond ONLY with a single number that corresponds to the option you choose. Do not include any additional text, punctuation or explanation.

My answer is
",1
fake_3685,1,1,5,1,-2,2,-6,"Today is November 5, 2024. Racially, I am white. Ideologically, I am extremely liberal. Politically, I am an independent who leans Republican. I attend church. I am a woman.. Question: Do you think the federal government should be doing more about the opioid drug addiction issue, should be doing less, or is it currently doing the right amount?

Answer choices:
1. Should be doing more 2. Should be doing less 3. Is doing the right amount

When answering, respond ONLY with a single number that corresponds to the option you choose. Do not include any additional text, punctuation or explanation.

My answer is
",1
fake_3686,1,3,2,1,43,1,1,"Today is November 5, 2024. Racially, I am white. Ideologically, I am slightly liberal. Politically, I am a weak Democrat. I attend church. I am 43 years old. I am a man. I am very interested in politics.. Question: Do you think the federal government should be doing more about the opioid drug addiction issue, should be doing less, or is it currently doing the right amount?

Answer choices:
1. Should be doing more 2. Should be doing less 3. Is doing the right amount

When answering, respond ONLY with a single number that corresponds to the option you choose. Do not include any additional text, punctuation or explanation.

My answer is
",1
fake_3687,2,4,-8,2,68,2,2,"Today is November 5, 2024. Racially, I am black. Ideologically, I am moderate. I do not attend church. I am 68 years old. I am a woman. I am somewhat interested in politics.. Question: Do you think the federal government should be doing more about the opioid drug addiction issue, should be doing less, or is it currently doing the right amount?

Answer choices:
1. Should be doing more 2. Should be doing less 3. Is doing the right amount

When answering, respond ONLY with a single number that corresponds to the option you choose. Do not include any additional text, punctuation or explanation.

My answer is
",1
fake_3688,1,6,1,2,80,1,3,"Today is November 5, 2024. Racially, I am white. Ideologically, I am conservative. Politically, I am a strong democrat. I do not attend church. I am 80 years old. I am a man. I am not very interested in politics.. Question: Do you think the federal government should be doing more about the opioid drug addiction issue, should be doing less, or is it currently doing the right amount?

Answer choices:
1. Should be doing more 2. Should be doing less 3. Is doing the right amount

When answering, respond ONLY with a single number that corresponds to the option you choose. Do not include any additional text, punctuation or explanation.

My answer is
",1
fake_3689,1,3,7,1,18,2,3,"Today is November 5, 2024. Racially, I am white. Ideologically, I am slightly liberal. Politically, I am a strong Republican. I attend church. I am 18 years old. I am a woman. I am not very interested in politics.. Question: Do you think the federal government should be doing more about the opioid drug addiction issue, should be doing less, or is it currently doing the right amount?

Answer choices:
1. Should be doing more 2. Should be doing less 3. Is doing the right amount

When answering, respond ONLY with a single number that corresponds to the option you choose. Do not include any additional text, punctuation or explanation.

My answer is
",1
fake_3690,1,99,7,1,68,1,1,"Today is November 5, 2024. Racially, I am white. Politically, I am a strong Republican. I attend church. I am 68 years old. I am a man. I am very interested in politics.. Question: Do you think the federal government should be doing more about the opioid drug addiction issue, should be doing less, or is it currently doing the right amount?

Answer choices:
1. Should be doing more 2. Should be doing less 3. Is doing the right amount

When answering, respond ONLY with a single number that corresponds to the option you choose. Do not include any additional text, punctuation or explanation.

My answer is
",1
fake_3691,1,4,2,2,80,1,2,"Today is November 5, 2024. Racially, I am white. Ideologically, I am moderate. Politically, I am a weak Democrat. I do not attend church. I am 80 years old. I am a man. I am somewhat interested in politics.. Question: Do you think the federal government should be doing more about the opioid drug addiction issue, should be doing less, or is it currently doing the right amount?

Answer choices:
1. Should be doing more 2. Should be doing less 3. Is doing the right amount

When answering, respond ONLY with a single number that corresponds to the option you choose. Do not include any additional text, punctuation or explanation.

My answer is
",1
fake_3692,1,99,5,2,41,2,3,"Today is November 5, 2024. Racially, I am white. Politically, I am an independent who leans Republican. I do not attend church. I am 41 years old. I am a woman. I am not very interested in politics.. Question: Do you think the federal government should be doing more about the opioid drug addiction issue, should be doing less, or is it currently doing the right amount?

Answer choices:
1. Should be doing more 2. Should be doing less 3. Is doing the right amount

When answering, respond ONLY with a single number that corresponds to the option you choose. Do not include any additional text, punctuation or explanation.

My answer is
",1
fake_3693,1,6,7,2,25,2,2,"Today is November 5, 2024. Racially, I am white. Ideologically, I am conservative. Politically, I am a strong Republican. I do not attend church. I am 25 years old. I am a woman. I am somewhat interested in politics.. Question: Do you think the federal government should be doing more about the opioid drug addiction issue, should be doing less, or is it currently doing the right amount?

Answer choices:
1. Should be doing more 2. Should be doing less 3. Is doing the right amount

When answering, respond ONLY with a single number that corresponds to the option you choose. Do not include any additional text, punctuation or explanation.

My answer is
",1
fake_3694,1,4,6,1,70,1,4,"Today is November 5, 2024. Racially, I am white. Ideologically, I am moderate. Politically, I am a weak Republican. I attend church. I am 70 years old. I am a man. I am not at all interested in politics.. Question: Do you think the federal government should be doing more about the opioid drug addiction issue, should be doing less, or is it currently doing the right amount?

Answer choices:
1. Should be doing more 2. Should be doing less 3. Is doing the right amount

When answering, respond ONLY with a single number that corresponds to the option you choose. Do not include any additional text, punctuation or explanation.

My answer is
",1
fake_3695,1,4,2,1,71,1,1,"Today is November 5, 2024. Racially, I am white. Ideologically, I am moderate. Politically, I am a weak Democrat. I attend church. I am 71 years old. I am a man. I am very interested in politics.. Question: Do you think the federal government should be doing more about the opioid drug addiction issue, should be doing less, or is it currently doing the right amount?

Answer choices:
1. Should be doing more 2. Should be doing less 3. Is doing the right amount

When answering, respond ONLY with a single number that corresponds to the option you choose. Do not include any additional text, punctuation or explanation.

My answer is
",1
fake_3696,1,4,4,1,80,2,1,"Today is November 5, 2024. Racially, I am white. Ideologically, I am moderate. Politically, I am an independent. I attend church. I am 80 years old. I am a woman. I am very interested in politics.. Question: Do you think the federal government should be doing more about the opioid drug addiction issue, should be doing less, or is it currently doing the right amount?

Answer choices:
1. Should be doing more 2. Should be doing less 3. Is doing the right amount

When answering, respond ONLY with a single number that corresponds to the option you choose. Do not include any additional text, punctuation or explanation.

My answer is
",1
fake_3697,1,4,7,1,-2,1,2,"Today is November 5, 2024. Racially, I am white. Ideologically, I am moderate. Politically, I am a strong Republican. I attend church. I am a man. I am somewhat interested in politics.. Question: Do you think the federal government should be doing more about the opioid drug addiction issue, should be doing less, or is it currently doing the right amount?

Answer choices:
1. Should be doing more 2. Should be doing less 3. Is doing the right amount

When answering, respond ONLY with a single number that corresponds to the option you choose. Do not include any additional text, punctuation or explanation.

My answer is
",1
fake_3698,1,99,4,1,53,2,2,"Today is November 5, 2024. Racially, I am white. Politically, I am an independent. I attend church. I am 53 years old. I am a woman. I am somewhat interested in politics.. Question: Do you think the federal government should be doing more about the opioid drug addiction issue, should be doing less, or is it currently doing the right amount?

Answer choices:
1. Should be doing more 2. Should be doing less 3. Is doing the right amount

When answering, respond ONLY with a single number that corresponds to the option you choose. Do not include any additional text, punctuation or explanation.

My answer is
",1
fake_3699,1,2,5,2,55,1,3,"Today is November 5, 2024. Racially, I am white. Ideologically, I am liberal. Politically, I am an independent who leans Republican. I do not attend church. I am 55 years old. I am a man. I am not very interested in politics.. Question: Do you think the federal government should be doing more about the opioid drug addiction issue, should be doing less, or is it currently doing the right amount?

Answer choices:
1. Should be doing more 2. Should be doing less 3. Is doing the right amount

When answering, respond ONLY with a single number that corresponds to the option you choose. Do not include any additional text, punctuation or explanation.

My answer is
",1
fake_3700,1,3,4,2,34,1,3,"Today is November 5, 2024. Racially, I am white. Ideologically, I am slightly liberal. Politically, I am an independent. I do not attend church. I am 34 years old. I am a man. I am not very interested in politics.. Question: Do you think the federal government should be doing more about the opioid drug addiction issue, should be doing less, or is it currently doing the right amount?

Answer choices:
1. Should be doing more 2. Should be doing less 3. Is doing the right amount

When answering, respond ONLY with a single number that corresponds to the option you choose. Do not include any additional text, punctuation or explanation.

My answer is
",1
fake_3701,1,4,5,1,49,1,-6,"Today is November 5, 2024. Racially, I am white. Ideologically, I am moderate. Politically, I am an independent who leans Republican. I attend church. I am 49 years old. I am a man.. Question: Do you think the federal government should be doing more about the opioid drug addiction issue, should be doing less, or is it currently doing the right amount?

Answer choices:
1. Should be doing more 2. Should be doing less 3. Is doing the right amount

When answering, respond ONLY with a single number that corresponds to the option you choose. Do not include any additional text, punctuation or explanation.

My answer is
",1
fake_3702,3,99,2,1,22,2,2,"Today is November 5, 2024. Racially, I am hispanic. Politically, I am a weak Democrat. I attend church. I am 22 years old. I am a woman. I am somewhat interested in politics.. Question: Do you think the federal government should be doing more about the opioid drug addiction issue, should be doing less, or is it currently doing the right amount?

Answer choices:
1. Should be doing more 2. Should be doing less 3. Is doing the right amount

When answering, respond ONLY with a single number that corresponds to the option you choose. Do not include any additional text, punctuation or explanation.

My answer is
",1
fake_3703,1,7,3,2,52,2,3,"Today is November 5, 2024. Racially, I am white. Ideologically, I am extremely conservative. Politically, I am an independent who leans Democratic. I do not attend church. I am 52 years old. I am a woman. I am not very interested in politics.. Question: Do you think the federal government should be doing more about the opioid drug addiction issue, should be doing less, or is it currently doing the right amount?

Answer choices:
1. Should be doing more 2. Should be doing less 3. Is doing the right amount

When answering, respond ONLY with a single number that corresponds to the option you choose. Do not include any additional text, punctuation or explanation.

My answer is
",1
fake_3704,1,4,2,-1,35,2,4,"Today is November 5, 2024. Racially, I am white. Ideologically, I am moderate. Politically, I am a weak Democrat. I am 35 years old. I am a woman. I am not at all interested in politics.. Question: Do you think the federal government should be doing more about the opioid drug addiction issue, should be doing less, or is it currently doing the right amount?

Answer choices:
1. Should be doing more 2. Should be doing less 3. Is doing the right amount

When answering, respond ONLY with a single number that corresponds to the option you choose. Do not include any additional text, punctuation or explanation.

My answer is
",1
fake_3705,1,2,6,1,61,-9,1,"Today is November 5, 2024. Racially, I am white. Ideologically, I am liberal. Politically, I am a weak Republican. I attend church. I am 61 years old. I am very interested in politics.. Question: Do you think the federal government should be doing more about the opioid drug addiction issue, should be doing less, or is it currently doing the right amount?

Answer choices:
1. Should be doing more 2. Should be doing less 3. Is doing the right amount

When answering, respond ONLY with a single number that corresponds to the option you choose. Do not include any additional text, punctuation or explanation.

My answer is
",1
fake_3706,1,2,2,2,-2,2,4,"Today is November 5, 2024. Racially, I am white. Ideologically, I am liberal. Politically, I am a weak Democrat. I do not attend church. I am a woman. I am not at all interested in politics.. Question: Do you think the federal government should be doing more about the opioid drug addiction issue, should be doing less, or is it currently doing the right amount?

Answer choices:
1. Should be doing more 2. Should be doing less 3. Is doing the right amount

When answering, respond ONLY with a single number that corresponds to the option you choose. Do not include any additional text, punctuation or explanation.

My answer is
",1
fake_3707,3,99,7,2,-2,2,-6,"Today is November 5, 2024. Racially, I am hispanic. Politically, I am a strong Republican. I do not attend church. I am a woman.. Question: Do you think the federal government should be doing more about the opioid drug addiction issue, should be doing less, or is it currently doing the right amount?

Answer choices:
1. Should be doing more 2. Should be doing less 3. Is doing the right amount

When answering, respond ONLY with a single number that corresponds to the option you choose. Do not include any additional text, punctuation or explanation.

My answer is
",1
fake_3708,4,7,2,2,63,1,-6,"Today is November 5, 2024. Racially, I am asian. Ideologically, I am extremely conservative. Politically, I am a weak Democrat. I do not attend church. I am 63 years old. I am a man.. Question: Do you think the federal government should be doing more about the opioid drug addiction issue, should be doing less, or is it currently doing the right amount?

Answer choices:
1. Should be doing more 2. Should be doing less 3. Is doing the right amount

When answering, respond ONLY with a single number that corresponds to the option you choose. Do not include any additional text, punctuation or explanation.

My answer is
",1
fake_3709,2,6,3,1,43,1,2,"Today is November 5, 2024. Racially, I am black. Ideologically, I am conservative. Politically, I am an independent who leans Democratic. I attend church. I am 43 years old. I am a man. I am somewhat interested in politics.. Question: Do you think the federal government should be doing more about the opioid drug addiction issue, should be doing less, or is it currently doing the right amount?

Answer choices:
1. Should be doing more 2. Should be doing less 3. Is doing the right amount

When answering, respond ONLY with a single number that corresponds to the option you choose. Do not include any additional text, punctuation or explanation.

My answer is
",1
fake_3710,1,2,7,1,36,2,3,"Today is November 5, 2024. Racially, I am white. Ideologically, I am liberal. Politically, I am a strong Republican. I attend church. I am 36 years old. I am a woman. I am not very interested in politics.. Question: Do you think the federal government should be doing more about the opioid drug addiction issue, should be doing less, or is it currently doing the right amount?

Answer choices:
1. Should be doing more 2. Should be doing less 3. Is doing the right amount

When answering, respond ONLY with a single number that corresponds to the option you choose. Do not include any additional text, punctuation or explanation.

My answer is
",1
fake_3711,1,3,6,1,58,1,2,"Today is November 5, 2024. Racially, I am white. Ideologically, I am slightly liberal. Politically, I am a weak Republican. I attend church. I am 58 years old. I am a man. I am somewhat interested in politics.. Question: Do you think the federal government should be doing more about the opioid drug addiction issue, should be doing less, or is it currently doing the right amount?

Answer choices:
1. Should be doing more 2. Should be doing less 3. Is doing the right amount

When answering, respond ONLY with a single number that corresponds to the option you choose. Do not include any additional text, punctuation or explanation.

My answer is
",1
fake_3712,-9,7,7,2,68,1,-6,"Today is November 5, 2024. Ideologically, I am extremely conservative. Politically, I am a strong Republican. I do not attend church. I am 68 years old. I am a man.. Question: Do you think the federal government should be doing more about the opioid drug addiction issue, should be doing less, or is it currently doing the right amount?

Answer choices:
1. Should be doing more 2. Should be doing less 3. Is doing the right amount

When answering, respond ONLY with a single number that corresponds to the option you choose. Do not include any additional text, punctuation or explanation.

My answer is
",2
fake_3713,1,6,7,2,21,2,1,"Today is November 5, 2024. Racially, I am white. Ideologically, I am conservative. Politically, I am a strong Republican. I do not attend church. I am 21 years old. I am a woman. I am very interested in politics.. Question: Do you think the federal government should be doing more about the opioid drug addiction issue, should be doing less, or is it currently doing the right amount?

Answer choices:
1. Should be doing more 2. Should be doing less 3. Is doing the right amount

When answering, respond ONLY with a single number that corresponds to the option you choose. Do not include any additional text, punctuation or explanation.

My answer is
",1
fake_3714,1,6,1,1,68,2,2,"Today is November 5, 2024. Racially, I am white. Ideologically, I am conservative. Politically, I am a strong democrat. I attend church. I am 68 years old. I am a woman. I am somewhat interested in politics.. Question: Do you think the federal government should be doing more about the opioid drug addiction issue, should be doing less, or is it currently doing the right amount?

Answer choices:
1. Should be doing more 2. Should be doing less 3. Is doing the right amount

When answering, respond ONLY with a single number that corresponds to the option you choose. Do not include any additional text, punctuation or explanation.

My answer is
",1
fake_3715,3,4,6,1,64,1,1,"Today is November 5, 2024. Racially, I am hispanic. Ideologically, I am moderate. Politically, I am a weak Republican. I attend church. I am 64 years old. I am a man. I am very interested in politics.. Question: Do you think the federal government should be doing more about the opioid drug addiction issue, should be doing less, or is it currently doing the right amount?

Answer choices:
1. Should be doing more 2. Should be doing less 3. Is doing the right amount

When answering, respond ONLY with a single number that corresponds to the option you choose. Do not include any additional text, punctuation or explanation.

My answer is
",1
fake_3716,3,1,7,2,22,1,3,"Today is November 5, 2024. Racially, I am hispanic. Ideologically, I am extremely liberal. Politically, I am a strong Republican. I do not attend church. I am 22 years old. I am a man. I am not very interested in politics.. Question: Do you think the federal government should be doing more about the opioid drug addiction issue, should be doing less, or is it currently doing the right amount?

Answer choices:
1. Should be doing more 2. Should be doing less 3. Is doing the right amount

When answering, respond ONLY with a single number that corresponds to the option you choose. Do not include any additional text, punctuation or explanation.

My answer is
",1
fake_3717,3,6,3,1,61,1,1,"Today is November 5, 2024. Racially, I am hispanic. Ideologically, I am conservative. Politically, I am an independent who leans Democratic. I attend church. I am 61 years old. I am a man. I am very interested in politics.. Question: Do you think the federal government should be doing more about the opioid drug addiction issue, should be doing less, or is it currently doing the right amount?

Answer choices:
1. Should be doing more 2. Should be doing less 3. Is doing the right amount

When answering, respond ONLY with a single number that corresponds to the option you choose. Do not include any additional text, punctuation or explanation.

My answer is
",1
fake_3718,2,5,6,2,69,1,3,"Today is November 5, 2024. Racially, I am black. Ideologically, I am slightly conservative. Politically, I am a weak Republican. I do not attend church. I am 69 years old. I am a man. I am not very interested in politics.. Question: Do you think the federal government should be doing more about the opioid drug addiction issue, should be doing less, or is it currently doing the right amount?

Answer choices:
1. Should be doing more 2. Should be doing less 3. Is doing the right amount

When answering, respond ONLY with a single number that corresponds to the option you choose. Do not include any additional text, punctuation or explanation.

My answer is
",1
fake_3719,1,5,5,2,43,1,2,"Today is November 5, 2024. Racially, I am white. Ideologically, I am slightly conservative. Politically, I am an independent who leans Republican. I do not attend church. I am 43 years old. I am a man. I am somewhat interested in politics.. Question: Do you think the federal government should be doing more about the opioid drug addiction issue, should be doing less, or is it currently doing the right amount?

Answer choices:
1. Should be doing more 2. Should be doing less 3. Is doing the right amount

When answering, respond ONLY with a single number that corresponds to the option you choose. Do not include any additional text, punctuation or explanation.

My answer is
",1
fake_3720,1,4,3,1,37,1,2,"Today is November 5, 2024. Racially, I am white. Ideologically, I am moderate. Politically, I am an independent who leans Democratic. I attend church. I am 37 years old. I am a man. I am somewhat interested in politics.. Question: Do you think the federal government should be doing more about the opioid drug addiction issue, should be doing less, or is it currently doing the right amount?

Answer choices:
1. Should be doing more 2. Should be doing less 3. Is doing the right amount

When answering, respond ONLY with a single number that corresponds to the option you choose. Do not include any additional text, punctuation or explanation.

My answer is
",1
fake_3721,1,4,1,2,80,1,4,"Today is November 5, 2024. Racially, I am white. Ideologically, I am moderate. Politically, I am a strong democrat. I do not attend church. I am 80 years old. I am a man. I am not at all interested in politics.. Question: Do you think the federal government should be doing more about the opioid drug addiction issue, should be doing less, or is it currently doing the right amount?

Answer choices:
1. Should be doing more 2. Should be doing less 3. Is doing the right amount

When answering, respond ONLY with a single number that corresponds to the option you choose. Do not include any additional text, punctuation or explanation.

My answer is
",1
fake_3722,1,2,7,2,50,2,4,"Today is November 5, 2024. Racially, I am white. Ideologically, I am liberal. Politically, I am a strong Republican. I do not attend church. I am 50 years old. I am a woman. I am not at all interested in politics.. Question: Do you think the federal government should be doing more about the opioid drug addiction issue, should be doing less, or is it currently doing the right amount?

Answer choices:
1. Should be doing more 2. Should be doing less 3. Is doing the right amount

When answering, respond ONLY with a single number that corresponds to the option you choose. Do not include any additional text, punctuation or explanation.

My answer is
",1
fake_3723,2,5,7,1,74,2,-6,"Today is November 5, 2024. Racially, I am black. Ideologically, I am slightly conservative. Politically, I am a strong Republican. I attend church. I am 74 years old. I am a woman.. Question: Do you think the federal government should be doing more about the opioid drug addiction issue, should be doing less, or is it currently doing the right amount?

Answer choices:
1. Should be doing more 2. Should be doing less 3. Is doing the right amount

When answering, respond ONLY with a single number that corresponds to the option you choose. Do not include any additional text, punctuation or explanation.

My answer is
",1
fake_3724,4,3,4,1,68,2,3,"Today is November 5, 2024. Racially, I am asian. Ideologically, I am slightly liberal. Politically, I am an independent. I attend church. I am 68 years old. I am a woman. I am not very interested in politics.. Question: Do you think the federal government should be doing more about the opioid drug addiction issue, should be doing less, or is it currently doing the right amount?

Answer choices:
1. Should be doing more 2. Should be doing less 3. Is doing the right amount

When answering, respond ONLY with a single number that corresponds to the option you choose. Do not include any additional text, punctuation or explanation.

My answer is
",1
fake_3725,1,1,5,2,55,2,-6,"Today is November 5, 2024. Racially, I am white. Ideologically, I am extremely liberal. Politically, I am an independent who leans Republican. I do not attend church. I am 55 years old. I am a woman.. Question: Do you think the federal government should be doing more about the opioid drug addiction issue, should be doing less, or is it currently doing the right amount?

Answer choices:
1. Should be doing more 2. Should be doing less 3. Is doing the right amount

When answering, respond ONLY with a single number that corresponds to the option you choose. Do not include any additional text, punctuation or explanation.

My answer is
",1
fake_3726,4,99,3,2,75,2,2,"Today is November 5, 2024. Racially, I am asian. Politically, I am an independent who leans Democratic. I do not attend church. I am 75 years old. I am a woman. I am somewhat interested in politics.. Question: Do you think the federal government should be doing more about the opioid drug addiction issue, should be doing less, or is it currently doing the right amount?

Answer choices:
1. Should be doing more 2. Should be doing less 3. Is doing the right amount

When answering, respond ONLY with a single number that corresponds to the option you choose. Do not include any additional text, punctuation or explanation.

My answer is
",1
fake_3727,1,7,2,1,22,2,2,"Today is November 5, 2024. Racially, I am white. Ideologically, I am extremely conservative. Politically, I am a weak Democrat. I attend church. I am 22 years old. I am a woman. I am somewhat interested in politics.. Question: Do you think the federal government should be doing more about the opioid drug addiction issue, should be doing less, or is it currently doing the right amount?

Answer choices:
1. Should be doing more 2. Should be doing less 3. Is doing the right amount

When answering, respond ONLY with a single number that corresponds to the option you choose. Do not include any additional text, punctuation or explanation.

My answer is
",1
fake_3728,1,6,6,1,45,2,2,"Today is November 5, 2024. Racially, I am white. Ideologically, I am conservative. Politically, I am a weak Republican. I attend church. I am 45 years old. I am a woman. I am somewhat interested in politics.. Question: Do you think the federal government should be doing more about the opioid drug addiction issue, should be doing less, or is it currently doing the right amount?

Answer choices:
1. Should be doing more 2. Should be doing less 3. Is doing the right amount

When answering, respond ONLY with a single number that corresponds to the option you choose. Do not include any additional text, punctuation or explanation.

My answer is
",1
fake_3729,2,6,7,1,69,-9,2,"Today is November 5, 2024. Racially, I am black. Ideologically, I am conservative. Politically, I am a strong Republican. I attend church. I am 69 years old. I am somewhat interested in politics.. Question: Do you think the federal government should be doing more about the opioid drug addiction issue, should be doing less, or is it currently doing the right amount?

Answer choices:
1. Should be doing more 2. Should be doing less 3. Is doing the right amount

When answering, respond ONLY with a single number that corresponds to the option you choose. Do not include any additional text, punctuation or explanation.

My answer is
",1
fake_3730,1,3,3,1,-2,2,2,"Today is November 5, 2024. Racially, I am white. Ideologically, I am slightly liberal. Politically, I am an independent who leans Democratic. I attend church. I am a woman. I am somewhat interested in politics.. Question: Do you think the federal government should be doing more about the opioid drug addiction issue, should be doing less, or is it currently doing the right amount?

Answer choices:
1. Should be doing more 2. Should be doing less 3. Is doing the right amount

When answering, respond ONLY with a single number that corresponds to the option you choose. Do not include any additional text, punctuation or explanation.

My answer is
",1
fake_3731,1,99,3,-1,31,1,2,"Today is November 5, 2024. Racially, I am white. Politically, I am an independent who leans Democratic. I am 31 years old. I am a man. I am somewhat interested in politics.. Question: Do you think the federal government should be doing more about the opioid drug addiction issue, should be doing less, or is it currently doing the right amount?

Answer choices:
1. Should be doing more 2. Should be doing less 3. Is doing the right amount

When answering, respond ONLY with a single number that corresponds to the option you choose. Do not include any additional text, punctuation or explanation.

My answer is
",1
fake_3732,1,5,1,1,59,1,3,"Today is November 5, 2024. Racially, I am white. Ideologically, I am slightly conservative. Politically, I am a strong democrat. I attend church. I am 59 years old. I am a man. I am not very interested in politics.. Question: Do you think the federal government should be doing more about the opioid drug addiction issue, should be doing less, or is it currently doing the right amount?

Answer choices:
1. Should be doing more 2. Should be doing less 3. Is doing the right amount

When answering, respond ONLY with a single number that corresponds to the option you choose. Do not include any additional text, punctuation or explanation.

My answer is
",1
fake_3733,1,5,5,-1,31,2,2,"Today is November 5, 2024. Racially, I am white. Ideologically, I am slightly conservative. Politically, I am an independent who leans Republican. I am 31 years old. I am a woman. I am somewhat interested in politics.. Question: Do you think the federal government should be doing more about the opioid drug addiction issue, should be doing less, or is it currently doing the right amount?

Answer choices:
1. Should be doing more 2. Should be doing less 3. Is doing the right amount

When answering, respond ONLY with a single number that corresponds to the option you choose. Do not include any additional text, punctuation or explanation.

My answer is
",1
fake_3734,1,99,3,-9,34,2,2,"Today is November 5, 2024. Racially, I am white. Politically, I am an independent who leans Democratic. I am 34 years old. I am a woman. I am somewhat interested in politics.. Question: Do you think the federal government should be doing more about the opioid drug addiction issue, should be doing less, or is it currently doing the right amount?

Answer choices:
1. Should be doing more 2. Should be doing less 3. Is doing the right amount

When answering, respond ONLY with a single number that corresponds to the option you choose. Do not include any additional text, punctuation or explanation.

My answer is
",1
fake_3735,1,6,7,1,27,2,4,"Today is November 5, 2024. Racially, I am white. Ideologically, I am conservative. Politically, I am a strong Republican. I attend church. I am 27 years old. I am a woman. I am not at all interested in politics.. Question: Do you think the federal government should be doing more about the opioid drug addiction issue, should be doing less, or is it currently doing the right amount?

Answer choices:
1. Should be doing more 2. Should be doing less 3. Is doing the right amount

When answering, respond ONLY with a single number that corresponds to the option you choose. Do not include any additional text, punctuation or explanation.

My answer is
",1
fake_3736,1,99,4,1,72,2,2,"Today is November 5, 2024. Racially, I am white. Politically, I am an independent. I attend church. I am 72 years old. I am a woman. I am somewhat interested in politics.. Question: Do you think the federal government should be doing more about the opioid drug addiction issue, should be doing less, or is it currently doing the right amount?

Answer choices:
1. Should be doing more 2. Should be doing less 3. Is doing the right amount

When answering, respond ONLY with a single number that corresponds to the option you choose. Do not include any additional text, punctuation or explanation.

My answer is
",1
fake_3737,1,5,3,1,80,2,2,"Today is November 5, 2024. Racially, I am white. Ideologically, I am slightly conservative. Politically, I am an independent who leans Democratic. I attend church. I am 80 years old. I am a woman. I am somewhat interested in politics.. Question: Do you think the federal government should be doing more about the opioid drug addiction issue, should be doing less, or is it currently doing the right amount?

Answer choices:
1. Should be doing more 2. Should be doing less 3. Is doing the right amount

When answering, respond ONLY with a single number that corresponds to the option you choose. Do not include any additional text, punctuation or explanation.

My answer is
",1
fake_3738,1,3,3,1,35,2,2,"Today is November 5, 2024. Racially, I am white. Ideologically, I am slightly liberal. Politically, I am an independent who leans Democratic. I attend church. I am 35 years old. I am a woman. I am somewhat interested in politics.. Question: Do you think the federal government should be doing more about the opioid drug addiction issue, should be doing less, or is it currently doing the right amount?

Answer choices:
1. Should be doing more 2. Should be doing less 3. Is doing the right amount

When answering, respond ONLY with a single number that corresponds to the option you choose. Do not include any additional text, punctuation or explanation.

My answer is
",1
fake_3739,1,6,1,1,53,2,2,"Today is November 5, 2024. Racially, I am white. Ideologically, I am conservative. Politically, I am a strong democrat. I attend church. I am 53 years old. I am a woman. I am somewhat interested in politics.. Question: Do you think the federal government should be doing more about the opioid drug addiction issue, should be doing less, or is it currently doing the right amount?

Answer choices:
1. Should be doing more 2. Should be doing less 3. Is doing the right amount

When answering, respond ONLY with a single number that corresponds to the option you choose. Do not include any additional text, punctuation or explanation.

My answer is
",1
fake_3740,1,6,7,1,67,1,2,"Today is November 5, 2024. Racially, I am white. Ideologically, I am conservative. Politically, I am a strong Republican. I attend church. I am 67 years old. I am a man. I am somewhat interested in politics.. Question: Do you think the federal government should be doing more about the opioid drug addiction issue, should be doing less, or is it currently doing the right amount?

Answer choices:
1. Should be doing more 2. Should be doing less 3. Is doing the right amount

When answering, respond ONLY with a single number that corresponds to the option you choose. Do not include any additional text, punctuation or explanation.

My answer is
",1
fake_3741,1,6,-9,2,80,2,2,"Today is November 5, 2024. Racially, I am white. Ideologically, I am conservative. I do not attend church. I am 80 years old. I am a woman. I am somewhat interested in politics.. Question: Do you think the federal government should be doing more about the opioid drug addiction issue, should be doing less, or is it currently doing the right amount?

Answer choices:
1. Should be doing more 2. Should be doing less 3. Is doing the right amount

When answering, respond ONLY with a single number that corresponds to the option you choose. Do not include any additional text, punctuation or explanation.

My answer is
",1
fake_3742,1,2,4,1,74,2,3,"Today is November 5, 2024. Racially, I am white. Ideologically, I am liberal. Politically, I am an independent. I attend church. I am 74 years old. I am a woman. I am not very interested in politics.. Question: Do you think the federal government should be doing more about the opioid drug addiction issue, should be doing less, or is it currently doing the right amount?

Answer choices:
1. Should be doing more 2. Should be doing less 3. Is doing the right amount

When answering, respond ONLY with a single number that corresponds to the option you choose. Do not include any additional text, punctuation or explanation.

My answer is
",1
fake_3743,1,7,4,2,61,2,2,"Today is November 5, 2024. Racially, I am white. Ideologically, I am extremely conservative. Politically, I am an independent. I do not attend church. I am 61 years old. I am a woman. I am somewhat interested in politics.. Question: Do you think the federal government should be doing more about the opioid drug addiction issue, should be doing less, or is it currently doing the right amount?

Answer choices:
1. Should be doing more 2. Should be doing less 3. Is doing the right amount

When answering, respond ONLY with a single number that corresponds to the option you choose. Do not include any additional text, punctuation or explanation.

My answer is
",1
fake_3744,3,4,3,1,80,2,-6,"Today is November 5, 2024. Racially, I am hispanic. Ideologically, I am moderate. Politically, I am an independent who leans Democratic. I attend church. I am 80 years old. I am a woman.. Question: Do you think the federal government should be doing more about the opioid drug addiction issue, should be doing less, or is it currently doing the right amount?

Answer choices:
1. Should be doing more 2. Should be doing less 3. Is doing the right amount

When answering, respond ONLY with a single number that corresponds to the option you choose. Do not include any additional text, punctuation or explanation.

My answer is
",1
fake_3745,1,5,7,1,77,2,2,"Today is November 5, 2024. Racially, I am white. Ideologically, I am slightly conservative. Politically, I am a strong Republican. I attend church. I am 77 years old. I am a woman. I am somewhat interested in politics.. Question: Do you think the federal government should be doing more about the opioid drug addiction issue, should be doing less, or is it currently doing the right amount?

Answer choices:
1. Should be doing more 2. Should be doing less 3. Is doing the right amount

When answering, respond ONLY with a single number that corresponds to the option you choose. Do not include any additional text, punctuation or explanation.

My answer is
",1
fake_3746,1,99,2,2,-2,1,1,"Today is November 5, 2024. Racially, I am white. Politically, I am a weak Democrat. I do not attend church. I am a man. I am very interested in politics.. Question: Do you think the federal government should be doing more about the opioid drug addiction issue, should be doing less, or is it currently doing the right amount?

Answer choices:
1. Should be doing more 2. Should be doing less 3. Is doing the right amount

When answering, respond ONLY with a single number that corresponds to the option you choose. Do not include any additional text, punctuation or explanation.

My answer is
",1
fake_3747,2,3,7,1,68,1,1,"Today is November 5, 2024. Racially, I am black. Ideologically, I am slightly liberal. Politically, I am a strong Republican. I attend church. I am 68 years old. I am a man. I am very interested in politics.. Question: Do you think the federal government should be doing more about the opioid drug addiction issue, should be doing less, or is it currently doing the right amount?

Answer choices:
1. Should be doing more 2. Should be doing less 3. Is doing the right amount

When answering, respond ONLY with a single number that corresponds to the option you choose. Do not include any additional text, punctuation or explanation.

My answer is
",1
fake_3748,1,4,3,1,48,2,1,"Today is November 5, 2024. Racially, I am white. Ideologically, I am moderate. Politically, I am an independent who leans Democratic. I attend church. I am 48 years old. I am a woman. I am very interested in politics.. Question: Do you think the federal government should be doing more about the opioid drug addiction issue, should be doing less, or is it currently doing the right amount?

Answer choices:
1. Should be doing more 2. Should be doing less 3. Is doing the right amount

When answering, respond ONLY with a single number that corresponds to the option you choose. Do not include any additional text, punctuation or explanation.

My answer is
",1
fake_3749,2,5,3,-1,18,1,1,"Today is November 5, 2024. Racially, I am black. Ideologically, I am slightly conservative. Politically, I am an independent who leans Democratic. I am 18 years old. I am a man. I am very interested in politics.. Question: Do you think the federal government should be doing more about the opioid drug addiction issue, should be doing less, or is it currently doing the right amount?

Answer choices:
1. Should be doing more 2. Should be doing less 3. Is doing the right amount

When answering, respond ONLY with a single number that corresponds to the option you choose. Do not include any additional text, punctuation or explanation.

My answer is
",1
fake_3750,6,99,2,2,36,1,1,"Today is November 5, 2024. Politically, I am a weak Democrat. I do not attend church. I am 36 years old. I am a man. I am very interested in politics.. Question: Do you think the federal government should be doing more about the opioid drug addiction issue, should be doing less, or is it currently doing the right amount?

Answer choices:
1. Should be doing more 2. Should be doing less 3. Is doing the right amount

When answering, respond ONLY with a single number that corresponds to the option you choose. Do not include any additional text, punctuation or explanation.

My answer is
",1
fake_3751,3,6,7,2,60,1,2,"Today is November 5, 2024. Racially, I am hispanic. Ideologically, I am conservative. Politically, I am a strong Republican. I do not attend church. I am 60 years old. I am a man. I am somewhat interested in politics.. Question: Do you think the federal government should be doing more about the opioid drug addiction issue, should be doing less, or is it currently doing the right amount?

Answer choices:
1. Should be doing more 2. Should be doing less 3. Is doing the right amount

When answering, respond ONLY with a single number that corresponds to the option you choose. Do not include any additional text, punctuation or explanation.

My answer is
",1
fake_3752,1,2,7,1,30,2,2,"Today is November 5, 2024. Racially, I am white. Ideologically, I am liberal. Politically, I am a strong Republican. I attend church. I am 30 years old. I am a woman. I am somewhat interested in politics.. Question: Do you think the federal government should be doing more about the opioid drug addiction issue, should be doing less, or is it currently doing the right amount?

Answer choices:
1. Should be doing more 2. Should be doing less 3. Is doing the right amount

When answering, respond ONLY with a single number that corresponds to the option you choose. Do not include any additional text, punctuation or explanation.

My answer is
",1
fake_3753,1,6,1,1,35,2,2,"Today is November 5, 2024. Racially, I am white. Ideologically, I am conservative. Politically, I am a strong democrat. I attend church. I am 35 years old. I am a woman. I am somewhat interested in politics.. Question: Do you think the federal government should be doing more about the opioid drug addiction issue, should be doing less, or is it currently doing the right amount?

Answer choices:
1. Should be doing more 2. Should be doing less 3. Is doing the right amount

When answering, respond ONLY with a single number that corresponds to the option you choose. Do not include any additional text, punctuation or explanation.

My answer is
",1
fake_3754,1,2,1,1,23,2,2,"Today is November 5, 2024. Racially, I am white. Ideologically, I am liberal. Politically, I am a strong democrat. I attend church. I am 23 years old. I am a woman. I am somewhat interested in politics.. Question: Do you think the federal government should be doing more about the opioid drug addiction issue, should be doing less, or is it currently doing the right amount?

Answer choices:
1. Should be doing more 2. Should be doing less 3. Is doing the right amount

When answering, respond ONLY with a single number that corresponds to the option you choose. Do not include any additional text, punctuation or explanation.

My answer is
",1
fake_3755,1,6,1,2,46,1,2,"Today is November 5, 2024. Racially, I am white. Ideologically, I am conservative. Politically, I am a strong democrat. I do not attend church. I am 46 years old. I am a man. I am somewhat interested in politics.. Question: Do you think the federal government should be doing more about the opioid drug addiction issue, should be doing less, or is it currently doing the right amount?

Answer choices:
1. Should be doing more 2. Should be doing less 3. Is doing the right amount

When answering, respond ONLY with a single number that corresponds to the option you choose. Do not include any additional text, punctuation or explanation.

My answer is
",1
fake_3756,1,6,1,2,78,2,2,"Today is November 5, 2024. Racially, I am white. Ideologically, I am conservative. Politically, I am a strong democrat. I do not attend church. I am 78 years old. I am a woman. I am somewhat interested in politics.. Question: Do you think the federal government should be doing more about the opioid drug addiction issue, should be doing less, or is it currently doing the right amount?

Answer choices:
1. Should be doing more 2. Should be doing less 3. Is doing the right amount

When answering, respond ONLY with a single number that corresponds to the option you choose. Do not include any additional text, punctuation or explanation.

My answer is
",1
fake_3757,1,1,7,2,41,2,-5,"Today is November 5, 2024. Racially, I am white. Ideologically, I am extremely liberal. Politically, I am a strong Republican. I do not attend church. I am 41 years old. I am a woman.. Question: Do you think the federal government should be doing more about the opioid drug addiction issue, should be doing less, or is it currently doing the right amount?

Answer choices:
1. Should be doing more 2. Should be doing less 3. Is doing the right amount

When answering, respond ONLY with a single number that corresponds to the option you choose. Do not include any additional text, punctuation or explanation.

My answer is
",1
fake_3758,1,4,4,1,32,1,3,"Today is November 5, 2024. Racially, I am white. Ideologically, I am moderate. Politically, I am an independent. I attend church. I am 32 years old. I am a man. I am not very interested in politics.. Question: Do you think the federal government should be doing more about the opioid drug addiction issue, should be doing less, or is it currently doing the right amount?

Answer choices:
1. Should be doing more 2. Should be doing less 3. Is doing the right amount

When answering, respond ONLY with a single number that corresponds to the option you choose. Do not include any additional text, punctuation or explanation.

My answer is
",1
fake_3759,1,4,3,2,59,2,-6,"Today is November 5, 2024. Racially, I am white. Ideologically, I am moderate. Politically, I am an independent who leans Democratic. I do not attend church. I am 59 years old. I am a woman.. Question: Do you think the federal government should be doing more about the opioid drug addiction issue, should be doing less, or is it currently doing the right amount?

Answer choices:
1. Should be doing more 2. Should be doing less 3. Is doing the right amount

When answering, respond ONLY with a single number that corresponds to the option you choose. Do not include any additional text, punctuation or explanation.

My answer is
",1
fake_3760,2,7,1,1,54,1,2,"Today is November 5, 2024. Racially, I am black. Ideologically, I am extremely conservative. Politically, I am a strong democrat. I attend church. I am 54 years old. I am a man. I am somewhat interested in politics.. Question: Do you think the federal government should be doing more about the opioid drug addiction issue, should be doing less, or is it currently doing the right amount?

Answer choices:
1. Should be doing more 2. Should be doing less 3. Is doing the right amount

When answering, respond ONLY with a single number that corresponds to the option you choose. Do not include any additional text, punctuation or explanation.

My answer is
",1
fake_3761,1,2,3,2,59,1,-5,"Today is November 5, 2024. Racially, I am white. Ideologically, I am liberal. Politically, I am an independent who leans Democratic. I do not attend church. I am 59 years old. I am a man.. Question: Do you think the federal government should be doing more about the opioid drug addiction issue, should be doing less, or is it currently doing the right amount?

Answer choices:
1. Should be doing more 2. Should be doing less 3. Is doing the right amount

When answering, respond ONLY with a single number that corresponds to the option you choose. Do not include any additional text, punctuation or explanation.

My answer is
",1
fake_3762,1,4,6,2,80,1,1,"Today is November 5, 2024. Racially, I am white. Ideologically, I am moderate. Politically, I am a weak Republican. I do not attend church. I am 80 years old. I am a man. I am very interested in politics.. Question: Do you think the federal government should be doing more about the opioid drug addiction issue, should be doing less, or is it currently doing the right amount?

Answer choices:
1. Should be doing more 2. Should be doing less 3. Is doing the right amount

When answering, respond ONLY with a single number that corresponds to the option you choose. Do not include any additional text, punctuation or explanation.

My answer is
",1
fake_3763,1,4,4,2,73,1,2,"Today is November 5, 2024. Racially, I am white. Ideologically, I am moderate. Politically, I am an independent. I do not attend church. I am 73 years old. I am a man. I am somewhat interested in politics.. Question: Do you think the federal government should be doing more about the opioid drug addiction issue, should be doing less, or is it currently doing the right amount?

Answer choices:
1. Should be doing more 2. Should be doing less 3. Is doing the right amount

When answering, respond ONLY with a single number that corresponds to the option you choose. Do not include any additional text, punctuation or explanation.

My answer is
",1
fake_3764,1,99,1,2,27,1,3,"Today is November 5, 2024. Racially, I am white. Politically, I am a strong democrat. I do not attend church. I am 27 years old. I am a man. I am not very interested in politics.. Question: Do you think the federal government should be doing more about the opioid drug addiction issue, should be doing less, or is it currently doing the right amount?

Answer choices:
1. Should be doing more 2. Should be doing less 3. Is doing the right amount

When answering, respond ONLY with a single number that corresponds to the option you choose. Do not include any additional text, punctuation or explanation.

My answer is
",1
fake_3765,4,3,1,2,68,1,1,"Today is November 5, 2024. Racially, I am asian. Ideologically, I am slightly liberal. Politically, I am a strong democrat. I do not attend church. I am 68 years old. I am a man. I am very interested in politics.. Question: Do you think the federal government should be doing more about the opioid drug addiction issue, should be doing less, or is it currently doing the right amount?

Answer choices:
1. Should be doing more 2. Should be doing less 3. Is doing the right amount

When answering, respond ONLY with a single number that corresponds to the option you choose. Do not include any additional text, punctuation or explanation.

My answer is
",1
fake_3766,1,1,6,1,73,2,2,"Today is November 5, 2024. Racially, I am white. Ideologically, I am extremely liberal. Politically, I am a weak Republican. I attend church. I am 73 years old. I am a woman. I am somewhat interested in politics.. Question: Do you think the federal government should be doing more about the opioid drug addiction issue, should be doing less, or is it currently doing the right amount?

Answer choices:
1. Should be doing more 2. Should be doing less 3. Is doing the right amount

When answering, respond ONLY with a single number that corresponds to the option you choose. Do not include any additional text, punctuation or explanation.

My answer is
",1
fake_3767,1,2,6,2,20,1,2,"Today is November 5, 2024. Racially, I am white. Ideologically, I am liberal. Politically, I am a weak Republican. I do not attend church. I am 20 years old. I am a man. I am somewhat interested in politics.. Question: Do you think the federal government should be doing more about the opioid drug addiction issue, should be doing less, or is it currently doing the right amount?

Answer choices:
1. Should be doing more 2. Should be doing less 3. Is doing the right amount

When answering, respond ONLY with a single number that corresponds to the option you choose. Do not include any additional text, punctuation or explanation.

My answer is
",1
fake_3768,1,4,6,1,30,2,3,"Today is November 5, 2024. Racially, I am white. Ideologically, I am moderate. Politically, I am a weak Republican. I attend church. I am 30 years old. I am a woman. I am not very interested in politics.. Question: Do you think the federal government should be doing more about the opioid drug addiction issue, should be doing less, or is it currently doing the right amount?

Answer choices:
1. Should be doing more 2. Should be doing less 3. Is doing the right amount

When answering, respond ONLY with a single number that corresponds to the option you choose. Do not include any additional text, punctuation or explanation.

My answer is
",1
fake_3769,1,-9,7,1,22,2,-6,"Today is November 5, 2024. Racially, I am white. Politically, I am a strong Republican. I attend church. I am 22 years old. I am a woman.. Question: Do you think the federal government should be doing more about the opioid drug addiction issue, should be doing less, or is it currently doing the right amount?

Answer choices:
1. Should be doing more 2. Should be doing less 3. Is doing the right amount

When answering, respond ONLY with a single number that corresponds to the option you choose. Do not include any additional text, punctuation or explanation.

My answer is
",1
fake_3770,1,5,1,2,66,2,2,"Today is November 5, 2024. Racially, I am white. Ideologically, I am slightly conservative. Politically, I am a strong democrat. I do not attend church. I am 66 years old. I am a woman. I am somewhat interested in politics.. Question: Do you think the federal government should be doing more about the opioid drug addiction issue, should be doing less, or is it currently doing the right amount?

Answer choices:
1. Should be doing more 2. Should be doing less 3. Is doing the right amount

When answering, respond ONLY with a single number that corresponds to the option you choose. Do not include any additional text, punctuation or explanation.

My answer is
",1
fake_3771,1,4,2,1,59,1,1,"Today is November 5, 2024. Racially, I am white. Ideologically, I am moderate. Politically, I am a weak Democrat. I attend church. I am 59 years old. I am a man. I am very interested in politics.. Question: Do you think the federal government should be doing more about the opioid drug addiction issue, should be doing less, or is it currently doing the right amount?

Answer choices:
1. Should be doing more 2. Should be doing less 3. Is doing the right amount

When answering, respond ONLY with a single number that corresponds to the option you choose. Do not include any additional text, punctuation or explanation.

My answer is
",1
fake_3772,1,4,1,2,68,2,1,"Today is November 5, 2024. Racially, I am white. Ideologically, I am moderate. Politically, I am a strong democrat. I do not attend church. I am 68 years old. I am a woman. I am very interested in politics.. Question: Do you think the federal government should be doing more about the opioid drug addiction issue, should be doing less, or is it currently doing the right amount?

Answer choices:
1. Should be doing more 2. Should be doing less 3. Is doing the right amount

When answering, respond ONLY with a single number that corresponds to the option you choose. Do not include any additional text, punctuation or explanation.

My answer is
",1
fake_3773,2,2,3,2,68,2,2,"Today is November 5, 2024. Racially, I am black. Ideologically, I am liberal. Politically, I am an independent who leans Democratic. I do not attend church. I am 68 years old. I am a woman. I am somewhat interested in politics.. Question: Do you think the federal government should be doing more about the opioid drug addiction issue, should be doing less, or is it currently doing the right amount?

Answer choices:
1. Should be doing more 2. Should be doing less 3. Is doing the right amount

When answering, respond ONLY with a single number that corresponds to the option you choose. Do not include any additional text, punctuation or explanation.

My answer is
",1
fake_3774,1,4,3,2,26,2,-6,"Today is November 5, 2024. Racially, I am white. Ideologically, I am moderate. Politically, I am an independent who leans Democratic. I do not attend church. I am 26 years old. I am a woman.. Question: Do you think the federal government should be doing more about the opioid drug addiction issue, should be doing less, or is it currently doing the right amount?

Answer choices:
1. Should be doing more 2. Should be doing less 3. Is doing the right amount

When answering, respond ONLY with a single number that corresponds to the option you choose. Do not include any additional text, punctuation or explanation.

My answer is
",1
fake_3775,2,4,6,2,53,1,3,"Today is November 5, 2024. Racially, I am black. Ideologically, I am moderate. Politically, I am a weak Republican. I do not attend church. I am 53 years old. I am a man. I am not very interested in politics.. Question: Do you think the federal government should be doing more about the opioid drug addiction issue, should be doing less, or is it currently doing the right amount?

Answer choices:
1. Should be doing more 2. Should be doing less 3. Is doing the right amount

When answering, respond ONLY with a single number that corresponds to the option you choose. Do not include any additional text, punctuation or explanation.

My answer is
",1
fake_3776,1,6,7,2,65,2,2,"Today is November 5, 2024. Racially, I am white. Ideologically, I am conservative. Politically, I am a strong Republican. I do not attend church. I am 65 years old. I am a woman. I am somewhat interested in politics.. Question: Do you think the federal government should be doing more about the opioid drug addiction issue, should be doing less, or is it currently doing the right amount?

Answer choices:
1. Should be doing more 2. Should be doing less 3. Is doing the right amount

When answering, respond ONLY with a single number that corresponds to the option you choose. Do not include any additional text, punctuation or explanation.

My answer is
",1
fake_3777,1,6,2,1,75,1,2,"Today is November 5, 2024. Racially, I am white. Ideologically, I am conservative. Politically, I am a weak Democrat. I attend church. I am 75 years old. I am a man. I am somewhat interested in politics.. Question: Do you think the federal government should be doing more about the opioid drug addiction issue, should be doing less, or is it currently doing the right amount?

Answer choices:
1. Should be doing more 2. Should be doing less 3. Is doing the right amount

When answering, respond ONLY with a single number that corresponds to the option you choose. Do not include any additional text, punctuation or explanation.

My answer is
",1
fake_3778,1,4,2,1,77,2,1,"Today is November 5, 2024. Racially, I am white. Ideologically, I am moderate. Politically, I am a weak Democrat. I attend church. I am 77 years old. I am a woman. I am very interested in politics.. Question: Do you think the federal government should be doing more about the opioid drug addiction issue, should be doing less, or is it currently doing the right amount?

Answer choices:
1. Should be doing more 2. Should be doing less 3. Is doing the right amount

When answering, respond ONLY with a single number that corresponds to the option you choose. Do not include any additional text, punctuation or explanation.

My answer is
",1
fake_3779,1,6,7,2,30,1,-6,"Today is November 5, 2024. Racially, I am white. Ideologically, I am conservative. Politically, I am a strong Republican. I do not attend church. I am 30 years old. I am a man.. Question: Do you think the federal government should be doing more about the opioid drug addiction issue, should be doing less, or is it currently doing the right amount?

Answer choices:
1. Should be doing more 2. Should be doing less 3. Is doing the right amount

When answering, respond ONLY with a single number that corresponds to the option you choose. Do not include any additional text, punctuation or explanation.

My answer is
",2
fake_3780,1,4,6,1,29,2,1,"Today is November 5, 2024. Racially, I am white. Ideologically, I am moderate. Politically, I am a weak Republican. I attend church. I am 29 years old. I am a woman. I am very interested in politics.. Question: Do you think the federal government should be doing more about the opioid drug addiction issue, should be doing less, or is it currently doing the right amount?

Answer choices:
1. Should be doing more 2. Should be doing less 3. Is doing the right amount

When answering, respond ONLY with a single number that corresponds to the option you choose. Do not include any additional text, punctuation or explanation.

My answer is
",1
fake_3781,1,2,4,2,29,1,-6,"Today is November 5, 2024. Racially, I am white. Ideologically, I am liberal. Politically, I am an independent. I do not attend church. I am 29 years old. I am a man.. Question: Do you think the federal government should be doing more about the opioid drug addiction issue, should be doing less, or is it currently doing the right amount?

Answer choices:
1. Should be doing more 2. Should be doing less 3. Is doing the right amount

When answering, respond ONLY with a single number that corresponds to the option you choose. Do not include any additional text, punctuation or explanation.

My answer is
",1
fake_3782,3,99,1,2,80,1,1,"Today is November 5, 2024. Racially, I am hispanic. Politically, I am a strong democrat. I do not attend church. I am 80 years old. I am a man. I am very interested in politics.. Question: Do you think the federal government should be doing more about the opioid drug addiction issue, should be doing less, or is it currently doing the right amount?

Answer choices:
1. Should be doing more 2. Should be doing less 3. Is doing the right amount

When answering, respond ONLY with a single number that corresponds to the option you choose. Do not include any additional text, punctuation or explanation.

My answer is
",1
fake_3783,1,7,7,1,21,1,2,"Today is November 5, 2024. Racially, I am white. Ideologically, I am extremely conservative. Politically, I am a strong Republican. I attend church. I am 21 years old. I am a man. I am somewhat interested in politics.. Question: Do you think the federal government should be doing more about the opioid drug addiction issue, should be doing less, or is it currently doing the right amount?

Answer choices:
1. Should be doing more 2. Should be doing less 3. Is doing the right amount

When answering, respond ONLY with a single number that corresponds to the option you choose. Do not include any additional text, punctuation or explanation.

My answer is
",1
fake_3784,1,5,1,1,64,2,2,"Today is November 5, 2024. Racially, I am white. Ideologically, I am slightly conservative. Politically, I am a strong democrat. I attend church. I am 64 years old. I am a woman. I am somewhat interested in politics.. Question: Do you think the federal government should be doing more about the opioid drug addiction issue, should be doing less, or is it currently doing the right amount?

Answer choices:
1. Should be doing more 2. Should be doing less 3. Is doing the right amount

When answering, respond ONLY with a single number that corresponds to the option you choose. Do not include any additional text, punctuation or explanation.

My answer is
",1
fake_3785,1,7,1,2,26,1,1,"Today is November 5, 2024. Racially, I am white. Ideologically, I am extremely conservative. Politically, I am a strong democrat. I do not attend church. I am 26 years old. I am a man. I am very interested in politics.. Question: Do you think the federal government should be doing more about the opioid drug addiction issue, should be doing less, or is it currently doing the right amount?

Answer choices:
1. Should be doing more 2. Should be doing less 3. Is doing the right amount

When answering, respond ONLY with a single number that corresponds to the option you choose. Do not include any additional text, punctuation or explanation.

My answer is
",1
fake_3786,1,4,6,2,57,2,3,"Today is November 5, 2024. Racially, I am white. Ideologically, I am moderate. Politically, I am a weak Republican. I do not attend church. I am 57 years old. I am a woman. I am not very interested in politics.. Question: Do you think the federal government should be doing more about the opioid drug addiction issue, should be doing less, or is it currently doing the right amount?

Answer choices:
1. Should be doing more 2. Should be doing less 3. Is doing the right amount

When answering, respond ONLY with a single number that corresponds to the option you choose. Do not include any additional text, punctuation or explanation.

My answer is
",1
fake_3787,1,6,1,2,31,1,1,"Today is November 5, 2024. Racially, I am white. Ideologically, I am conservative. Politically, I am a strong democrat. I do not attend church. I am 31 years old. I am a man. I am very interested in politics.. Question: Do you think the federal government should be doing more about the opioid drug addiction issue, should be doing less, or is it currently doing the right amount?

Answer choices:
1. Should be doing more 2. Should be doing less 3. Is doing the right amount

When answering, respond ONLY with a single number that corresponds to the option you choose. Do not include any additional text, punctuation or explanation.

My answer is
",1
fake_3788,3,7,1,1,75,1,2,"Today is November 5, 2024. Racially, I am hispanic. Ideologically, I am extremely conservative. Politically, I am a strong democrat. I attend church. I am 75 years old. I am a man. I am somewhat interested in politics.. Question: Do you think the federal government should be doing more about the opioid drug addiction issue, should be doing less, or is it currently doing the right amount?

Answer choices:
1. Should be doing more 2. Should be doing less 3. Is doing the right amount

When answering, respond ONLY with a single number that corresponds to the option you choose. Do not include any additional text, punctuation or explanation.

My answer is
",1
fake_3789,1,6,7,1,37,2,2,"Today is November 5, 2024. Racially, I am white. Ideologically, I am conservative. Politically, I am a strong Republican. I attend church. I am 37 years old. I am a woman. I am somewhat interested in politics.. Question: Do you think the federal government should be doing more about the opioid drug addiction issue, should be doing less, or is it currently doing the right amount?

Answer choices:
1. Should be doing more 2. Should be doing less 3. Is doing the right amount

When answering, respond ONLY with a single number that corresponds to the option you choose. Do not include any additional text, punctuation or explanation.

My answer is
",1
fake_3790,1,99,7,2,71,2,-6,"Today is November 5, 2024. Racially, I am white. Politically, I am a strong Republican. I do not attend church. I am 71 years old. I am a woman.. Question: Do you think the federal government should be doing more about the opioid drug addiction issue, should be doing less, or is it currently doing the right amount?

Answer choices:
1. Should be doing more 2. Should be doing less 3. Is doing the right amount

When answering, respond ONLY with a single number that corresponds to the option you choose. Do not include any additional text, punctuation or explanation.

My answer is
",2
fake_3791,1,7,5,1,50,2,1,"Today is November 5, 2024. Racially, I am white. Ideologically, I am extremely conservative. Politically, I am an independent who leans Republican. I attend church. I am 50 years old. I am a woman. I am very interested in politics.. Question: Do you think the federal government should be doing more about the opioid drug addiction issue, should be doing less, or is it currently doing the right amount?

Answer choices:
1. Should be doing more 2. Should be doing less 3. Is doing the right amount

When answering, respond ONLY with a single number that corresponds to the option you choose. Do not include any additional text, punctuation or explanation.

My answer is
",1
fake_3792,1,3,3,1,61,1,1,"Today is November 5, 2024. Racially, I am white. Ideologically, I am slightly liberal. Politically, I am an independent who leans Democratic. I attend church. I am 61 years old. I am a man. I am very interested in politics.. Question: Do you think the federal government should be doing more about the opioid drug addiction issue, should be doing less, or is it currently doing the right amount?

Answer choices:
1. Should be doing more 2. Should be doing less 3. Is doing the right amount

When answering, respond ONLY with a single number that corresponds to the option you choose. Do not include any additional text, punctuation or explanation.

My answer is
",1
fake_3793,1,99,7,-1,55,2,2,"Today is November 5, 2024. Racially, I am white. Politically, I am a strong Republican. I am 55 years old. I am a woman. I am somewhat interested in politics.. Question: Do you think the federal government should be doing more about the opioid drug addiction issue, should be doing less, or is it currently doing the right amount?

Answer choices:
1. Should be doing more 2. Should be doing less 3. Is doing the right amount

When answering, respond ONLY with a single number that corresponds to the option you choose. Do not include any additional text, punctuation or explanation.

My answer is
",1
fake_3794,1,2,2,1,38,2,4,"Today is November 5, 2024. Racially, I am white. Ideologically, I am liberal. Politically, I am a weak Democrat. I attend church. I am 38 years old. I am a woman. I am not at all interested in politics.. Question: Do you think the federal government should be doing more about the opioid drug addiction issue, should be doing less, or is it currently doing the right amount?

Answer choices:
1. Should be doing more 2. Should be doing less 3. Is doing the right amount

When answering, respond ONLY with a single number that corresponds to the option you choose. Do not include any additional text, punctuation or explanation.

My answer is
",1
fake_3795,1,7,5,1,69,1,2,"Today is November 5, 2024. Racially, I am white. Ideologically, I am extremely conservative. Politically, I am an independent who leans Republican. I attend church. I am 69 years old. I am a man. I am somewhat interested in politics.. Question: Do you think the federal government should be doing more about the opioid drug addiction issue, should be doing less, or is it currently doing the right amount?

Answer choices:
1. Should be doing more 2. Should be doing less 3. Is doing the right amount

When answering, respond ONLY with a single number that corresponds to the option you choose. Do not include any additional text, punctuation or explanation.

My answer is
",1
fake_3796,1,1,3,2,40,2,2,"Today is November 5, 2024. Racially, I am white. Ideologically, I am extremely liberal. Politically, I am an independent who leans Democratic. I do not attend church. I am 40 years old. I am a woman. I am somewhat interested in politics.. Question: Do you think the federal government should be doing more about the opioid drug addiction issue, should be doing less, or is it currently doing the right amount?

Answer choices:
1. Should be doing more 2. Should be doing less 3. Is doing the right amount

When answering, respond ONLY with a single number that corresponds to the option you choose. Do not include any additional text, punctuation or explanation.

My answer is
",1
fake_3797,1,7,1,1,35,1,-6,"Today is November 5, 2024. Racially, I am white. Ideologically, I am extremely conservative. Politically, I am a strong democrat. I attend church. I am 35 years old. I am a man.. Question: Do you think the federal government should be doing more about the opioid drug addiction issue, should be doing less, or is it currently doing the right amount?

Answer choices:
1. Should be doing more 2. Should be doing less 3. Is doing the right amount

When answering, respond ONLY with a single number that corresponds to the option you choose. Do not include any additional text, punctuation or explanation.

My answer is
",1
fake_3798,1,6,7,2,53,2,2,"Today is November 5, 2024. Racially, I am white. Ideologically, I am conservative. Politically, I am a strong Republican. I do not attend church. I am 53 years old. I am a woman. I am somewhat interested in politics.. Question: Do you think the federal government should be doing more about the opioid drug addiction issue, should be doing less, or is it currently doing the right amount?

Answer choices:
1. Should be doing more 2. Should be doing less 3. Is doing the right amount

When answering, respond ONLY with a single number that corresponds to the option you choose. Do not include any additional text, punctuation or explanation.

My answer is
",1
fake_3799,1,99,2,1,38,1,1,"Today is November 5, 2024. Racially, I am white. Politically, I am a weak Democrat. I attend church. I am 38 years old. I am a man. I am very interested in politics.. Question: Do you think the federal government should be doing more about the opioid drug addiction issue, should be doing less, or is it currently doing the right amount?

Answer choices:
1. Should be doing more 2. Should be doing less 3. Is doing the right amount

When answering, respond ONLY with a single number that corresponds to the option you choose. Do not include any additional text, punctuation or explanation.

My answer is
",1
fake_3800,1,3,5,2,58,1,4,"Today is November 5, 2024. Racially, I am white. Ideologically, I am slightly liberal. Politically, I am an independent who leans Republican. I do not attend church. I am 58 years old. I am a man. I am not at all interested in politics.. Question: Do you think the federal government should be doing more about the opioid drug addiction issue, should be doing less, or is it currently doing the right amount?

Answer choices:
1. Should be doing more 2. Should be doing less 3. Is doing the right amount

When answering, respond ONLY with a single number that corresponds to the option you choose. Do not include any additional text, punctuation or explanation.

My answer is
",1
fake_3801,1,5,2,2,63,2,3,"Today is November 5, 2024. Racially, I am white. Ideologically, I am slightly conservative. Politically, I am a weak Democrat. I do not attend church. I am 63 years old. I am a woman. I am not very interested in politics.. Question: Do you think the federal government should be doing more about the opioid drug addiction issue, should be doing less, or is it currently doing the right amount?

Answer choices:
1. Should be doing more 2. Should be doing less 3. Is doing the right amount

When answering, respond ONLY with a single number that corresponds to the option you choose. Do not include any additional text, punctuation or explanation.

My answer is
",1
fake_3802,1,4,4,1,42,2,2,"Today is November 5, 2024. Racially, I am white. Ideologically, I am moderate. Politically, I am an independent. I attend church. I am 42 years old. I am a woman. I am somewhat interested in politics.. Question: Do you think the federal government should be doing more about the opioid drug addiction issue, should be doing less, or is it currently doing the right amount?

Answer choices:
1. Should be doing more 2. Should be doing less 3. Is doing the right amount

When answering, respond ONLY with a single number that corresponds to the option you choose. Do not include any additional text, punctuation or explanation.

My answer is
",1
fake_3803,3,6,7,-1,48,1,1,"Today is November 5, 2024. Racially, I am hispanic. Ideologically, I am conservative. Politically, I am a strong Republican. I am 48 years old. I am a man. I am very interested in politics.. Question: Do you think the federal government should be doing more about the opioid drug addiction issue, should be doing less, or is it currently doing the right amount?

Answer choices:
1. Should be doing more 2. Should be doing less 3. Is doing the right amount

When answering, respond ONLY with a single number that corresponds to the option you choose. Do not include any additional text, punctuation or explanation.

My answer is
",1
fake_3804,1,6,3,2,56,2,2,"Today is November 5, 2024. Racially, I am white. Ideologically, I am conservative. Politically, I am an independent who leans Democratic. I do not attend church. I am 56 years old. I am a woman. I am somewhat interested in politics.. Question: Do you think the federal government should be doing more about the opioid drug addiction issue, should be doing less, or is it currently doing the right amount?

Answer choices:
1. Should be doing more 2. Should be doing less 3. Is doing the right amount

When answering, respond ONLY with a single number that corresponds to the option you choose. Do not include any additional text, punctuation or explanation.

My answer is
",1
fake_3805,3,4,2,2,58,2,2,"Today is November 5, 2024. Racially, I am hispanic. Ideologically, I am moderate. Politically, I am a weak Democrat. I do not attend church. I am 58 years old. I am a woman. I am somewhat interested in politics.. Question: Do you think the federal government should be doing more about the opioid drug addiction issue, should be doing less, or is it currently doing the right amount?

Answer choices:
1. Should be doing more 2. Should be doing less 3. Is doing the right amount

When answering, respond ONLY with a single number that corresponds to the option you choose. Do not include any additional text, punctuation or explanation.

My answer is
",1
fake_3806,1,3,1,2,80,2,2,"Today is November 5, 2024. Racially, I am white. Ideologically, I am slightly liberal. Politically, I am a strong democrat. I do not attend church. I am 80 years old. I am a woman. I am somewhat interested in politics.. Question: Do you think the federal government should be doing more about the opioid drug addiction issue, should be doing less, or is it currently doing the right amount?

Answer choices:
1. Should be doing more 2. Should be doing less 3. Is doing the right amount

When answering, respond ONLY with a single number that corresponds to the option you choose. Do not include any additional text, punctuation or explanation.

My answer is
",1
fake_3807,1,6,7,1,47,2,2,"Today is November 5, 2024. Racially, I am white. Ideologically, I am conservative. Politically, I am a strong Republican. I attend church. I am 47 years old. I am a woman. I am somewhat interested in politics.. Question: Do you think the federal government should be doing more about the opioid drug addiction issue, should be doing less, or is it currently doing the right amount?

Answer choices:
1. Should be doing more 2. Should be doing less 3. Is doing the right amount

When answering, respond ONLY with a single number that corresponds to the option you choose. Do not include any additional text, punctuation or explanation.

My answer is
",1
fake_3808,1,3,1,2,65,2,-6,"Today is November 5, 2024. Racially, I am white. Ideologically, I am slightly liberal. Politically, I am a strong democrat. I do not attend church. I am 65 years old. I am a woman.. Question: Do you think the federal government should be doing more about the opioid drug addiction issue, should be doing less, or is it currently doing the right amount?

Answer choices:
1. Should be doing more 2. Should be doing less 3. Is doing the right amount

When answering, respond ONLY with a single number that corresponds to the option you choose. Do not include any additional text, punctuation or explanation.

My answer is
",1
fake_3809,1,7,5,2,71,1,1,"Today is November 5, 2024. Racially, I am white. Ideologically, I am extremely conservative. Politically, I am an independent who leans Republican. I do not attend church. I am 71 years old. I am a man. I am very interested in politics.. Question: Do you think the federal government should be doing more about the opioid drug addiction issue, should be doing less, or is it currently doing the right amount?

Answer choices:
1. Should be doing more 2. Should be doing less 3. Is doing the right amount

When answering, respond ONLY with a single number that corresponds to the option you choose. Do not include any additional text, punctuation or explanation.

My answer is
",1
fake_3810,1,4,2,1,-2,1,2,"Today is November 5, 2024. Racially, I am white. Ideologically, I am moderate. Politically, I am a weak Democrat. I attend church. I am a man. I am somewhat interested in politics.. Question: Do you think the federal government should be doing more about the opioid drug addiction issue, should be doing less, or is it currently doing the right amount?

Answer choices:
1. Should be doing more 2. Should be doing less 3. Is doing the right amount

When answering, respond ONLY with a single number that corresponds to the option you choose. Do not include any additional text, punctuation or explanation.

My answer is
",1
fake_3811,1,4,1,1,-2,2,2,"Today is November 5, 2024. Racially, I am white. Ideologically, I am moderate. Politically, I am a strong democrat. I attend church. I am a woman. I am somewhat interested in politics.. Question: Do you think the federal government should be doing more about the opioid drug addiction issue, should be doing less, or is it currently doing the right amount?

Answer choices:
1. Should be doing more 2. Should be doing less 3. Is doing the right amount

When answering, respond ONLY with a single number that corresponds to the option you choose. Do not include any additional text, punctuation or explanation.

My answer is
",1
fake_3812,1,6,7,1,80,2,2,"Today is November 5, 2024. Racially, I am white. Ideologically, I am conservative. Politically, I am a strong Republican. I attend church. I am 80 years old. I am a woman. I am somewhat interested in politics.. Question: Do you think the federal government should be doing more about the opioid drug addiction issue, should be doing less, or is it currently doing the right amount?

Answer choices:
1. Should be doing more 2. Should be doing less 3. Is doing the right amount

When answering, respond ONLY with a single number that corresponds to the option you choose. Do not include any additional text, punctuation or explanation.

My answer is
",1
fake_3813,1,2,7,1,27,1,2,"Today is November 5, 2024. Racially, I am white. Ideologically, I am liberal. Politically, I am a strong Republican. I attend church. I am 27 years old. I am a man. I am somewhat interested in politics.. Question: Do you think the federal government should be doing more about the opioid drug addiction issue, should be doing less, or is it currently doing the right amount?

Answer choices:
1. Should be doing more 2. Should be doing less 3. Is doing the right amount

When answering, respond ONLY with a single number that corresponds to the option you choose. Do not include any additional text, punctuation or explanation.

My answer is
",1
fake_3814,1,6,3,2,61,2,2,"Today is November 5, 2024. Racially, I am white. Ideologically, I am conservative. Politically, I am an independent who leans Democratic. I do not attend church. I am 61 years old. I am a woman. I am somewhat interested in politics.. Question: Do you think the federal government should be doing more about the opioid drug addiction issue, should be doing less, or is it currently doing the right amount?

Answer choices:
1. Should be doing more 2. Should be doing less 3. Is doing the right amount

When answering, respond ONLY with a single number that corresponds to the option you choose. Do not include any additional text, punctuation or explanation.

My answer is
",1
fake_3815,1,6,2,2,54,1,-6,"Today is November 5, 2024. Racially, I am white. Ideologically, I am conservative. Politically, I am a weak Democrat. I do not attend church. I am 54 years old. I am a man.. Question: Do you think the federal government should be doing more about the opioid drug addiction issue, should be doing less, or is it currently doing the right amount?

Answer choices:
1. Should be doing more 2. Should be doing less 3. Is doing the right amount

When answering, respond ONLY with a single number that corresponds to the option you choose. Do not include any additional text, punctuation or explanation.

My answer is
",1
fake_3816,1,4,6,2,57,2,2,"Today is November 5, 2024. Racially, I am white. Ideologically, I am moderate. Politically, I am a weak Republican. I do not attend church. I am 57 years old. I am a woman. I am somewhat interested in politics.. Question: Do you think the federal government should be doing more about the opioid drug addiction issue, should be doing less, or is it currently doing the right amount?

Answer choices:
1. Should be doing more 2. Should be doing less 3. Is doing the right amount

When answering, respond ONLY with a single number that corresponds to the option you choose. Do not include any additional text, punctuation or explanation.

My answer is
",1
fake_3817,1,6,2,-1,79,2,-6,"Today is November 5, 2024. Racially, I am white. Ideologically, I am conservative. Politically, I am a weak Democrat. I am 79 years old. I am a woman.. Question: Do you think the federal government should be doing more about the opioid drug addiction issue, should be doing less, or is it currently doing the right amount?

Answer choices:
1. Should be doing more 2. Should be doing less 3. Is doing the right amount

When answering, respond ONLY with a single number that corresponds to the option you choose. Do not include any additional text, punctuation or explanation.

My answer is
",1
fake_3818,3,99,1,2,76,1,4,"Today is November 5, 2024. Racially, I am hispanic. Politically, I am a strong democrat. I do not attend church. I am 76 years old. I am a man. I am not at all interested in politics.. Question: Do you think the federal government should be doing more about the opioid drug addiction issue, should be doing less, or is it currently doing the right amount?

Answer choices:
1. Should be doing more 2. Should be doing less 3. Is doing the right amount

When answering, respond ONLY with a single number that corresponds to the option you choose. Do not include any additional text, punctuation or explanation.

My answer is
",1
fake_3819,1,6,7,1,-2,1,2,"Today is November 5, 2024. Racially, I am white. Ideologically, I am conservative. Politically, I am a strong Republican. I attend church. I am a man. I am somewhat interested in politics.. Question: Do you think the federal government should be doing more about the opioid drug addiction issue, should be doing less, or is it currently doing the right amount?

Answer choices:
1. Should be doing more 2. Should be doing less 3. Is doing the right amount

When answering, respond ONLY with a single number that corresponds to the option you choose. Do not include any additional text, punctuation or explanation.

My answer is
",1
fake_3820,1,99,1,2,60,1,2,"Today is November 5, 2024. Racially, I am white. Politically, I am a strong democrat. I do not attend church. I am 60 years old. I am a man. I am somewhat interested in politics.. Question: Do you think the federal government should be doing more about the opioid drug addiction issue, should be doing less, or is it currently doing the right amount?

Answer choices:
1. Should be doing more 2. Should be doing less 3. Is doing the right amount

When answering, respond ONLY with a single number that corresponds to the option you choose. Do not include any additional text, punctuation or explanation.

My answer is
",1
fake_3821,1,3,1,2,51,1,2,"Today is November 5, 2024. Racially, I am white. Ideologically, I am slightly liberal. Politically, I am a strong democrat. I do not attend church. I am 51 years old. I am a man. I am somewhat interested in politics.. Question: Do you think the federal government should be doing more about the opioid drug addiction issue, should be doing less, or is it currently doing the right amount?

Answer choices:
1. Should be doing more 2. Should be doing less 3. Is doing the right amount

When answering, respond ONLY with a single number that corresponds to the option you choose. Do not include any additional text, punctuation or explanation.

My answer is
",1
fake_3822,3,5,7,2,32,2,-6,"Today is November 5, 2024. Racially, I am hispanic. Ideologically, I am slightly conservative. Politically, I am a strong Republican. I do not attend church. I am 32 years old. I am a woman.. Question: Do you think the federal government should be doing more about the opioid drug addiction issue, should be doing less, or is it currently doing the right amount?

Answer choices:
1. Should be doing more 2. Should be doing less 3. Is doing the right amount

When answering, respond ONLY with a single number that corresponds to the option you choose. Do not include any additional text, punctuation or explanation.

My answer is
",1
fake_3823,1,5,1,2,78,1,4,"Today is November 5, 2024. Racially, I am white. Ideologically, I am slightly conservative. Politically, I am a strong democrat. I do not attend church. I am 78 years old. I am a man. I am not at all interested in politics.. Question: Do you think the federal government should be doing more about the opioid drug addiction issue, should be doing less, or is it currently doing the right amount?

Answer choices:
1. Should be doing more 2. Should be doing less 3. Is doing the right amount

When answering, respond ONLY with a single number that corresponds to the option you choose. Do not include any additional text, punctuation or explanation.

My answer is
",1
fake_3824,1,99,3,1,80,2,2,"Today is November 5, 2024. Racially, I am white. Politically, I am an independent who leans Democratic. I attend church. I am 80 years old. I am a woman. I am somewhat interested in politics.. Question: Do you think the federal government should be doing more about the opioid drug addiction issue, should be doing less, or is it currently doing the right amount?

Answer choices:
1. Should be doing more 2. Should be doing less 3. Is doing the right amount

When answering, respond ONLY with a single number that corresponds to the option you choose. Do not include any additional text, punctuation or explanation.

My answer is
",1
fake_3825,1,99,1,2,66,1,3,"Today is November 5, 2024. Racially, I am white. Politically, I am a strong democrat. I do not attend church. I am 66 years old. I am a man. I am not very interested in politics.. Question: Do you think the federal government should be doing more about the opioid drug addiction issue, should be doing less, or is it currently doing the right amount?

Answer choices:
1. Should be doing more 2. Should be doing less 3. Is doing the right amount

When answering, respond ONLY with a single number that corresponds to the option you choose. Do not include any additional text, punctuation or explanation.

My answer is
",1
fake_3826,3,3,1,2,65,2,3,"Today is November 5, 2024. Racially, I am hispanic. Ideologically, I am slightly liberal. Politically, I am a strong democrat. I do not attend church. I am 65 years old. I am a woman. I am not very interested in politics.. Question: Do you think the federal government should be doing more about the opioid drug addiction issue, should be doing less, or is it currently doing the right amount?

Answer choices:
1. Should be doing more 2. Should be doing less 3. Is doing the right amount

When answering, respond ONLY with a single number that corresponds to the option you choose. Do not include any additional text, punctuation or explanation.

My answer is
",1
fake_3827,1,4,6,1,38,1,1,"Today is November 5, 2024. Racially, I am white. Ideologically, I am moderate. Politically, I am a weak Republican. I attend church. I am 38 years old. I am a man. I am very interested in politics.. Question: Do you think the federal government should be doing more about the opioid drug addiction issue, should be doing less, or is it currently doing the right amount?

Answer choices:
1. Should be doing more 2. Should be doing less 3. Is doing the right amount

When answering, respond ONLY with a single number that corresponds to the option you choose. Do not include any additional text, punctuation or explanation.

My answer is
",1
fake_3828,3,7,7,2,53,2,1,"Today is November 5, 2024. Racially, I am hispanic. Ideologically, I am extremely conservative. Politically, I am a strong Republican. I do not attend church. I am 53 years old. I am a woman. I am very interested in politics.. Question: Do you think the federal government should be doing more about the opioid drug addiction issue, should be doing less, or is it currently doing the right amount?

Answer choices:
1. Should be doing more 2. Should be doing less 3. Is doing the right amount

When answering, respond ONLY with a single number that corresponds to the option you choose. Do not include any additional text, punctuation or explanation.

My answer is
",2
fake_3829,1,2,3,2,45,1,2,"Today is November 5, 2024. Racially, I am white. Ideologically, I am liberal. Politically, I am an independent who leans Democratic. I do not attend church. I am 45 years old. I am a man. I am somewhat interested in politics.. Question: Do you think the federal government should be doing more about the opioid drug addiction issue, should be doing less, or is it currently doing the right amount?

Answer choices:
1. Should be doing more 2. Should be doing less 3. Is doing the right amount

When answering, respond ONLY with a single number that corresponds to the option you choose. Do not include any additional text, punctuation or explanation.

My answer is
",1
fake_3830,1,6,7,2,56,1,-6,"Today is November 5, 2024. Racially, I am white. Ideologically, I am conservative. Politically, I am a strong Republican. I do not attend church. I am 56 years old. I am a man.. Question: Do you think the federal government should be doing more about the opioid drug addiction issue, should be doing less, or is it currently doing the right amount?

Answer choices:
1. Should be doing more 2. Should be doing less 3. Is doing the right amount

When answering, respond ONLY with a single number that corresponds to the option you choose. Do not include any additional text, punctuation or explanation.

My answer is
",1
fake_3831,-9,6,5,1,39,1,-7,"Today is November 5, 2024. Ideologically, I am conservative. Politically, I am an independent who leans Republican. I attend church. I am 39 years old. I am a man.. Question: Do you think the federal government should be doing more about the opioid drug addiction issue, should be doing less, or is it currently doing the right amount?

Answer choices:
1. Should be doing more 2. Should be doing less 3. Is doing the right amount

When answering, respond ONLY with a single number that corresponds to the option you choose. Do not include any additional text, punctuation or explanation.

My answer is
",1
fake_3832,1,5,7,2,34,1,2,"Today is November 5, 2024. Racially, I am white. Ideologically, I am slightly conservative. Politically, I am a strong Republican. I do not attend church. I am 34 years old. I am a man. I am somewhat interested in politics.. Question: Do you think the federal government should be doing more about the opioid drug addiction issue, should be doing less, or is it currently doing the right amount?

Answer choices:
1. Should be doing more 2. Should be doing less 3. Is doing the right amount

When answering, respond ONLY with a single number that corresponds to the option you choose. Do not include any additional text, punctuation or explanation.

My answer is
",2
fake_3833,2,6,1,1,26,2,3,"Today is November 5, 2024. Racially, I am black. Ideologically, I am conservative. Politically, I am a strong democrat. I attend church. I am 26 years old. I am a woman. I am not very interested in politics.. Question: Do you think the federal government should be doing more about the opioid drug addiction issue, should be doing less, or is it currently doing the right amount?

Answer choices:
1. Should be doing more 2. Should be doing less 3. Is doing the right amount

When answering, respond ONLY with a single number that corresponds to the option you choose. Do not include any additional text, punctuation or explanation.

My answer is
",1
fake_3834,1,99,7,2,50,2,4,"Today is November 5, 2024. Racially, I am white. Politically, I am a strong Republican. I do not attend church. I am 50 years old. I am a woman. I am not at all interested in politics.. Question: Do you think the federal government should be doing more about the opioid drug addiction issue, should be doing less, or is it currently doing the right amount?

Answer choices:
1. Should be doing more 2. Should be doing less 3. Is doing the right amount

When answering, respond ONLY with a single number that corresponds to the option you choose. Do not include any additional text, punctuation or explanation.

My answer is
",1
fake_3835,1,4,7,1,34,1,2,"Today is November 5, 2024. Racially, I am white. Ideologically, I am moderate. Politically, I am a strong Republican. I attend church. I am 34 years old. I am a man. I am somewhat interested in politics.. Question: Do you think the federal government should be doing more about the opioid drug addiction issue, should be doing less, or is it currently doing the right amount?

Answer choices:
1. Should be doing more 2. Should be doing less 3. Is doing the right amount

When answering, respond ONLY with a single number that corresponds to the option you choose. Do not include any additional text, punctuation or explanation.

My answer is
",1
fake_3836,1,99,6,2,61,2,2,"Today is November 5, 2024. Racially, I am white. Politically, I am a weak Republican. I do not attend church. I am 61 years old. I am a woman. I am somewhat interested in politics.. Question: Do you think the federal government should be doing more about the opioid drug addiction issue, should be doing less, or is it currently doing the right amount?

Answer choices:
1. Should be doing more 2. Should be doing less 3. Is doing the right amount

When answering, respond ONLY with a single number that corresponds to the option you choose. Do not include any additional text, punctuation or explanation.

My answer is
",1
fake_3837,3,99,1,1,58,2,1,"Today is November 5, 2024. Racially, I am hispanic. Politically, I am a strong democrat. I attend church. I am 58 years old. I am a woman. I am very interested in politics.. Question: Do you think the federal government should be doing more about the opioid drug addiction issue, should be doing less, or is it currently doing the right amount?

Answer choices:
1. Should be doing more 2. Should be doing less 3. Is doing the right amount

When answering, respond ONLY with a single number that corresponds to the option you choose. Do not include any additional text, punctuation or explanation.

My answer is
",1
fake_3838,1,4,7,1,68,2,2,"Today is November 5, 2024. Racially, I am white. Ideologically, I am moderate. Politically, I am a strong Republican. I attend church. I am 68 years old. I am a woman. I am somewhat interested in politics.. Question: Do you think the federal government should be doing more about the opioid drug addiction issue, should be doing less, or is it currently doing the right amount?

Answer choices:
1. Should be doing more 2. Should be doing less 3. Is doing the right amount

When answering, respond ONLY with a single number that corresponds to the option you choose. Do not include any additional text, punctuation or explanation.

My answer is
",1
fake_3839,1,5,5,-1,34,2,2,"Today is November 5, 2024. Racially, I am white. Ideologically, I am slightly conservative. Politically, I am an independent who leans Republican. I am 34 years old. I am a woman. I am somewhat interested in politics.. Question: Do you think the federal government should be doing more about the opioid drug addiction issue, should be doing less, or is it currently doing the right amount?

Answer choices:
1. Should be doing more 2. Should be doing less 3. Is doing the right amount

When answering, respond ONLY with a single number that corresponds to the option you choose. Do not include any additional text, punctuation or explanation.

My answer is
",1
fake_3840,1,2,7,1,80,1,4,"Today is November 5, 2024. Racially, I am white. Ideologically, I am liberal. Politically, I am a strong Republican. I attend church. I am 80 years old. I am a man. I am not at all interested in politics.. Question: Do you think the federal government should be doing more about the opioid drug addiction issue, should be doing less, or is it currently doing the right amount?

Answer choices:
1. Should be doing more 2. Should be doing less 3. Is doing the right amount

When answering, respond ONLY with a single number that corresponds to the option you choose. Do not include any additional text, punctuation or explanation.

My answer is
",1
fake_3841,1,2,5,2,76,2,-6,"Today is November 5, 2024. Racially, I am white. Ideologically, I am liberal. Politically, I am an independent who leans Republican. I do not attend church. I am 76 years old. I am a woman.. Question: Do you think the federal government should be doing more about the opioid drug addiction issue, should be doing less, or is it currently doing the right amount?

Answer choices:
1. Should be doing more 2. Should be doing less 3. Is doing the right amount

When answering, respond ONLY with a single number that corresponds to the option you choose. Do not include any additional text, punctuation or explanation.

My answer is
",1
fake_3842,4,5,1,2,48,1,4,"Today is November 5, 2024. Racially, I am asian. Ideologically, I am slightly conservative. Politically, I am a strong democrat. I do not attend church. I am 48 years old. I am a man. I am not at all interested in politics.. Question: Do you think the federal government should be doing more about the opioid drug addiction issue, should be doing less, or is it currently doing the right amount?

Answer choices:
1. Should be doing more 2. Should be doing less 3. Is doing the right amount

When answering, respond ONLY with a single number that corresponds to the option you choose. Do not include any additional text, punctuation or explanation.

My answer is
",1
fake_3843,1,99,3,2,80,1,-6,"Today is November 5, 2024. Racially, I am white. Politically, I am an independent who leans Democratic. I do not attend church. I am 80 years old. I am a man.. Question: Do you think the federal government should be doing more about the opioid drug addiction issue, should be doing less, or is it currently doing the right amount?

Answer choices:
1. Should be doing more 2. Should be doing less 3. Is doing the right amount

When answering, respond ONLY with a single number that corresponds to the option you choose. Do not include any additional text, punctuation or explanation.

My answer is
",1
fake_3844,1,5,7,2,80,1,2,"Today is November 5, 2024. Racially, I am white. Ideologically, I am slightly conservative. Politically, I am a strong Republican. I do not attend church. I am 80 years old. I am a man. I am somewhat interested in politics.. Question: Do you think the federal government should be doing more about the opioid drug addiction issue, should be doing less, or is it currently doing the right amount?

Answer choices:
1. Should be doing more 2. Should be doing less 3. Is doing the right amount

When answering, respond ONLY with a single number that corresponds to the option you choose. Do not include any additional text, punctuation or explanation.

My answer is
",1
fake_3845,4,6,6,-1,30,1,1,"Today is November 5, 2024. Racially, I am asian. Ideologically, I am conservative. Politically, I am a weak Republican. I am 30 years old. I am a man. I am very interested in politics.. Question: Do you think the federal government should be doing more about the opioid drug addiction issue, should be doing less, or is it currently doing the right amount?

Answer choices:
1. Should be doing more 2. Should be doing less 3. Is doing the right amount

When answering, respond ONLY with a single number that corresponds to the option you choose. Do not include any additional text, punctuation or explanation.

My answer is
",1
fake_3846,1,99,4,2,25,1,1,"Today is November 5, 2024. Racially, I am white. Politically, I am an independent. I do not attend church. I am 25 years old. I am a man. I am very interested in politics.. Question: Do you think the federal government should be doing more about the opioid drug addiction issue, should be doing less, or is it currently doing the right amount?

Answer choices:
1. Should be doing more 2. Should be doing less 3. Is doing the right amount

When answering, respond ONLY with a single number that corresponds to the option you choose. Do not include any additional text, punctuation or explanation.

My answer is
",1
fake_3847,6,99,3,2,28,1,2,"Today is November 5, 2024. Politically, I am an independent who leans Democratic. I do not attend church. I am 28 years old. I am a man. I am somewhat interested in politics.. Question: Do you think the federal government should be doing more about the opioid drug addiction issue, should be doing less, or is it currently doing the right amount?

Answer choices:
1. Should be doing more 2. Should be doing less 3. Is doing the right amount

When answering, respond ONLY with a single number that corresponds to the option you choose. Do not include any additional text, punctuation or explanation.

My answer is
",1
fake_3848,3,1,5,1,53,2,-6,"Today is November 5, 2024. Racially, I am hispanic. Ideologically, I am extremely liberal. Politically, I am an independent who leans Republican. I attend church. I am 53 years old. I am a woman.. Question: Do you think the federal government should be doing more about the opioid drug addiction issue, should be doing less, or is it currently doing the right amount?

Answer choices:
1. Should be doing more 2. Should be doing less 3. Is doing the right amount

When answering, respond ONLY with a single number that corresponds to the option you choose. Do not include any additional text, punctuation or explanation.

My answer is
",1
fake_3849,1,4,3,2,73,1,-6,"Today is November 5, 2024. Racially, I am white. Ideologically, I am moderate. Politically, I am an independent who leans Democratic. I do not attend church. I am 73 years old. I am a man.. Question: Do you think the federal government should be doing more about the opioid drug addiction issue, should be doing less, or is it currently doing the right amount?

Answer choices:
1. Should be doing more 2. Should be doing less 3. Is doing the right amount

When answering, respond ONLY with a single number that corresponds to the option you choose. Do not include any additional text, punctuation or explanation.

My answer is
",1
fake_3850,1,1,4,-1,-2,1,2,"Today is November 5, 2024. Racially, I am white. Ideologically, I am extremely liberal. Politically, I am an independent. I am a man. I am somewhat interested in politics.. Question: Do you think the federal government should be doing more about the opioid drug addiction issue, should be doing less, or is it currently doing the right amount?

Answer choices:
1. Should be doing more 2. Should be doing less 3. Is doing the right amount

When answering, respond ONLY with a single number that corresponds to the option you choose. Do not include any additional text, punctuation or explanation.

My answer is
",1
fake_3851,3,2,1,-1,75,1,4,"Today is November 5, 2024. Racially, I am hispanic. Ideologically, I am liberal. Politically, I am a strong democrat. I am 75 years old. I am a man. I am not at all interested in politics.. Question: Do you think the federal government should be doing more about the opioid drug addiction issue, should be doing less, or is it currently doing the right amount?

Answer choices:
1. Should be doing more 2. Should be doing less 3. Is doing the right amount

When answering, respond ONLY with a single number that corresponds to the option you choose. Do not include any additional text, punctuation or explanation.

My answer is
",1
fake_3852,3,2,3,1,80,2,3,"Today is November 5, 2024. Racially, I am hispanic. Ideologically, I am liberal. Politically, I am an independent who leans Democratic. I attend church. I am 80 years old. I am a woman. I am not very interested in politics.. Question: Do you think the federal government should be doing more about the opioid drug addiction issue, should be doing less, or is it currently doing the right amount?

Answer choices:
1. Should be doing more 2. Should be doing less 3. Is doing the right amount

When answering, respond ONLY with a single number that corresponds to the option you choose. Do not include any additional text, punctuation or explanation.

My answer is
",1
fake_3853,1,99,1,1,53,1,2,"Today is November 5, 2024. Racially, I am white. Politically, I am a strong democrat. I attend church. I am 53 years old. I am a man. I am somewhat interested in politics.. Question: Do you think the federal government should be doing more about the opioid drug addiction issue, should be doing less, or is it currently doing the right amount?

Answer choices:
1. Should be doing more 2. Should be doing less 3. Is doing the right amount

When answering, respond ONLY with a single number that corresponds to the option you choose. Do not include any additional text, punctuation or explanation.

My answer is
",1
fake_3854,4,99,2,1,80,1,2,"Today is November 5, 2024. Racially, I am asian. Politically, I am a weak Democrat. I attend church. I am 80 years old. I am a man. I am somewhat interested in politics.. Question: Do you think the federal government should be doing more about the opioid drug addiction issue, should be doing less, or is it currently doing the right amount?

Answer choices:
1. Should be doing more 2. Should be doing less 3. Is doing the right amount

When answering, respond ONLY with a single number that corresponds to the option you choose. Do not include any additional text, punctuation or explanation.

My answer is
",1
fake_3855,1,99,7,1,57,2,2,"Today is November 5, 2024. Racially, I am white. Politically, I am a strong Republican. I attend church. I am 57 years old. I am a woman. I am somewhat interested in politics.. Question: Do you think the federal government should be doing more about the opioid drug addiction issue, should be doing less, or is it currently doing the right amount?

Answer choices:
1. Should be doing more 2. Should be doing less 3. Is doing the right amount

When answering, respond ONLY with a single number that corresponds to the option you choose. Do not include any additional text, punctuation or explanation.

My answer is
",1
fake_3856,1,5,3,1,78,2,2,"Today is November 5, 2024. Racially, I am white. Ideologically, I am slightly conservative. Politically, I am an independent who leans Democratic. I attend church. I am 78 years old. I am a woman. I am somewhat interested in politics.. Question: Do you think the federal government should be doing more about the opioid drug addiction issue, should be doing less, or is it currently doing the right amount?

Answer choices:
1. Should be doing more 2. Should be doing less 3. Is doing the right amount

When answering, respond ONLY with a single number that corresponds to the option you choose. Do not include any additional text, punctuation or explanation.

My answer is
",1
fake_3857,1,7,2,2,66,1,2,"Today is November 5, 2024. Racially, I am white. Ideologically, I am extremely conservative. Politically, I am a weak Democrat. I do not attend church. I am 66 years old. I am a man. I am somewhat interested in politics.. Question: Do you think the federal government should be doing more about the opioid drug addiction issue, should be doing less, or is it currently doing the right amount?

Answer choices:
1. Should be doing more 2. Should be doing less 3. Is doing the right amount

When answering, respond ONLY with a single number that corresponds to the option you choose. Do not include any additional text, punctuation or explanation.

My answer is
",1
fake_3858,3,3,7,1,74,1,2,"Today is November 5, 2024. Racially, I am hispanic. Ideologically, I am slightly liberal. Politically, I am a strong Republican. I attend church. I am 74 years old. I am a man. I am somewhat interested in politics.. Question: Do you think the federal government should be doing more about the opioid drug addiction issue, should be doing less, or is it currently doing the right amount?

Answer choices:
1. Should be doing more 2. Should be doing less 3. Is doing the right amount

When answering, respond ONLY with a single number that corresponds to the option you choose. Do not include any additional text, punctuation or explanation.

My answer is
",1
fake_3859,4,6,3,-1,73,1,3,"Today is November 5, 2024. Racially, I am asian. Ideologically, I am conservative. Politically, I am an independent who leans Democratic. I am 73 years old. I am a man. I am not very interested in politics.. Question: Do you think the federal government should be doing more about the opioid drug addiction issue, should be doing less, or is it currently doing the right amount?

Answer choices:
1. Should be doing more 2. Should be doing less 3. Is doing the right amount

When answering, respond ONLY with a single number that corresponds to the option you choose. Do not include any additional text, punctuation or explanation.

My answer is
",1
fake_3860,1,4,6,2,25,1,2,"Today is November 5, 2024. Racially, I am white. Ideologically, I am moderate. Politically, I am a weak Republican. I do not attend church. I am 25 years old. I am a man. I am somewhat interested in politics.. Question: Do you think the federal government should be doing more about the opioid drug addiction issue, should be doing less, or is it currently doing the right amount?

Answer choices:
1. Should be doing more 2. Should be doing less 3. Is doing the right amount

When answering, respond ONLY with a single number that corresponds to the option you choose. Do not include any additional text, punctuation or explanation.

My answer is
",1
fake_3861,2,4,1,1,64,1,3,"Today is November 5, 2024. Racially, I am black. Ideologically, I am moderate. Politically, I am a strong democrat. I attend church. I am 64 years old. I am a man. I am not very interested in politics.. Question: Do you think the federal government should be doing more about the opioid drug addiction issue, should be doing less, or is it currently doing the right amount?

Answer choices:
1. Should be doing more 2. Should be doing less 3. Is doing the right amount

When answering, respond ONLY with a single number that corresponds to the option you choose. Do not include any additional text, punctuation or explanation.

My answer is
",1
fake_3862,1,4,5,1,75,1,2,"Today is November 5, 2024. Racially, I am white. Ideologically, I am moderate. Politically, I am an independent who leans Republican. I attend church. I am 75 years old. I am a man. I am somewhat interested in politics.. Question: Do you think the federal government should be doing more about the opioid drug addiction issue, should be doing less, or is it currently doing the right amount?

Answer choices:
1. Should be doing more 2. Should be doing less 3. Is doing the right amount

When answering, respond ONLY with a single number that corresponds to the option you choose. Do not include any additional text, punctuation or explanation.

My answer is
",1
fake_3863,1,2,7,1,37,2,-6,"Today is November 5, 2024. Racially, I am white. Ideologically, I am liberal. Politically, I am a strong Republican. I attend church. I am 37 years old. I am a woman.. Question: Do you think the federal government should be doing more about the opioid drug addiction issue, should be doing less, or is it currently doing the right amount?

Answer choices:
1. Should be doing more 2. Should be doing less 3. Is doing the right amount

When answering, respond ONLY with a single number that corresponds to the option you choose. Do not include any additional text, punctuation or explanation.

My answer is
",1
fake_3864,1,99,3,2,52,1,1,"Today is November 5, 2024. Racially, I am white. Politically, I am an independent who leans Democratic. I do not attend church. I am 52 years old. I am a man. I am very interested in politics.. Question: Do you think the federal government should be doing more about the opioid drug addiction issue, should be doing less, or is it currently doing the right amount?

Answer choices:
1. Should be doing more 2. Should be doing less 3. Is doing the right amount

When answering, respond ONLY with a single number that corresponds to the option you choose. Do not include any additional text, punctuation or explanation.

My answer is
",1
fake_3865,1,3,7,1,29,2,3,"Today is November 5, 2024. Racially, I am white. Ideologically, I am slightly liberal. Politically, I am a strong Republican. I attend church. I am 29 years old. I am a woman. I am not very interested in politics.. Question: Do you think the federal government should be doing more about the opioid drug addiction issue, should be doing less, or is it currently doing the right amount?

Answer choices:
1. Should be doing more 2. Should be doing less 3. Is doing the right amount

When answering, respond ONLY with a single number that corresponds to the option you choose. Do not include any additional text, punctuation or explanation.

My answer is
",1
fake_3866,1,5,5,1,35,1,3,"Today is November 5, 2024. Racially, I am white. Ideologically, I am slightly conservative. Politically, I am an independent who leans Republican. I attend church. I am 35 years old. I am a man. I am not very interested in politics.. Question: Do you think the federal government should be doing more about the opioid drug addiction issue, should be doing less, or is it currently doing the right amount?

Answer choices:
1. Should be doing more 2. Should be doing less 3. Is doing the right amount

When answering, respond ONLY with a single number that corresponds to the option you choose. Do not include any additional text, punctuation or explanation.

My answer is
",1
fake_3867,1,2,7,2,67,2,1,"Today is November 5, 2024. Racially, I am white. Ideologically, I am liberal. Politically, I am a strong Republican. I do not attend church. I am 67 years old. I am a woman. I am very interested in politics.. Question: Do you think the federal government should be doing more about the opioid drug addiction issue, should be doing less, or is it currently doing the right amount?

Answer choices:
1. Should be doing more 2. Should be doing less 3. Is doing the right amount

When answering, respond ONLY with a single number that corresponds to the option you choose. Do not include any additional text, punctuation or explanation.

My answer is
",1
fake_3868,1,6,7,1,71,2,3,"Today is November 5, 2024. Racially, I am white. Ideologically, I am conservative. Politically, I am a strong Republican. I attend church. I am 71 years old. I am a woman. I am not very interested in politics.. Question: Do you think the federal government should be doing more about the opioid drug addiction issue, should be doing less, or is it currently doing the right amount?

Answer choices:
1. Should be doing more 2. Should be doing less 3. Is doing the right amount

When answering, respond ONLY with a single number that corresponds to the option you choose. Do not include any additional text, punctuation or explanation.

My answer is
",1
fake_3869,1,2,1,2,40,1,1,"Today is November 5, 2024. Racially, I am white. Ideologically, I am liberal. Politically, I am a strong democrat. I do not attend church. I am 40 years old. I am a man. I am very interested in politics.. Question: Do you think the federal government should be doing more about the opioid drug addiction issue, should be doing less, or is it currently doing the right amount?

Answer choices:
1. Should be doing more 2. Should be doing less 3. Is doing the right amount

When answering, respond ONLY with a single number that corresponds to the option you choose. Do not include any additional text, punctuation or explanation.

My answer is
",1
fake_3870,1,4,7,1,52,2,2,"Today is November 5, 2024. Racially, I am white. Ideologically, I am moderate. Politically, I am a strong Republican. I attend church. I am 52 years old. I am a woman. I am somewhat interested in politics.. Question: Do you think the federal government should be doing more about the opioid drug addiction issue, should be doing less, or is it currently doing the right amount?

Answer choices:
1. Should be doing more 2. Should be doing less 3. Is doing the right amount

When answering, respond ONLY with a single number that corresponds to the option you choose. Do not include any additional text, punctuation or explanation.

My answer is
",1
fake_3871,3,5,1,1,43,2,3,"Today is November 5, 2024. Racially, I am hispanic. Ideologically, I am slightly conservative. Politically, I am a strong democrat. I attend church. I am 43 years old. I am a woman. I am not very interested in politics.. Question: Do you think the federal government should be doing more about the opioid drug addiction issue, should be doing less, or is it currently doing the right amount?

Answer choices:
1. Should be doing more 2. Should be doing less 3. Is doing the right amount

When answering, respond ONLY with a single number that corresponds to the option you choose. Do not include any additional text, punctuation or explanation.

My answer is
",1
fake_3872,1,4,3,2,50,2,1,"Today is November 5, 2024. Racially, I am white. Ideologically, I am moderate. Politically, I am an independent who leans Democratic. I do not attend church. I am 50 years old. I am a woman. I am very interested in politics.. Question: Do you think the federal government should be doing more about the opioid drug addiction issue, should be doing less, or is it currently doing the right amount?

Answer choices:
1. Should be doing more 2. Should be doing less 3. Is doing the right amount

When answering, respond ONLY with a single number that corresponds to the option you choose. Do not include any additional text, punctuation or explanation.

My answer is
",1
fake_3873,1,5,1,2,58,-9,3,"Today is November 5, 2024. Racially, I am white. Ideologically, I am slightly conservative. Politically, I am a strong democrat. I do not attend church. I am 58 years old. I am not very interested in politics.. Question: Do you think the federal government should be doing more about the opioid drug addiction issue, should be doing less, or is it currently doing the right amount?

Answer choices:
1. Should be doing more 2. Should be doing less 3. Is doing the right amount

When answering, respond ONLY with a single number that corresponds to the option you choose. Do not include any additional text, punctuation or explanation.

My answer is
",1
fake_3874,1,4,2,1,29,1,2,"Today is November 5, 2024. Racially, I am white. Ideologically, I am moderate. Politically, I am a weak Democrat. I attend church. I am 29 years old. I am a man. I am somewhat interested in politics.. Question: Do you think the federal government should be doing more about the opioid drug addiction issue, should be doing less, or is it currently doing the right amount?

Answer choices:
1. Should be doing more 2. Should be doing less 3. Is doing the right amount

When answering, respond ONLY with a single number that corresponds to the option you choose. Do not include any additional text, punctuation or explanation.

My answer is
",1
fake_3875,1,3,1,2,43,2,4,"Today is November 5, 2024. Racially, I am white. Ideologically, I am slightly liberal. Politically, I am a strong democrat. I do not attend church. I am 43 years old. I am a woman. I am not at all interested in politics.. Question: Do you think the federal government should be doing more about the opioid drug addiction issue, should be doing less, or is it currently doing the right amount?

Answer choices:
1. Should be doing more 2. Should be doing less 3. Is doing the right amount

When answering, respond ONLY with a single number that corresponds to the option you choose. Do not include any additional text, punctuation or explanation.

My answer is
",1
fake_3876,3,2,1,1,37,2,-6,"Today is November 5, 2024. Racially, I am hispanic. Ideologically, I am liberal. Politically, I am a strong democrat. I attend church. I am 37 years old. I am a woman.. Question: Do you think the federal government should be doing more about the opioid drug addiction issue, should be doing less, or is it currently doing the right amount?

Answer choices:
1. Should be doing more 2. Should be doing less 3. Is doing the right amount

When answering, respond ONLY with a single number that corresponds to the option you choose. Do not include any additional text, punctuation or explanation.

My answer is
",1
fake_3877,1,3,1,1,50,1,1,"Today is November 5, 2024. Racially, I am white. Ideologically, I am slightly liberal. Politically, I am a strong democrat. I attend church. I am 50 years old. I am a man. I am very interested in politics.. Question: Do you think the federal government should be doing more about the opioid drug addiction issue, should be doing less, or is it currently doing the right amount?

Answer choices:
1. Should be doing more 2. Should be doing less 3. Is doing the right amount

When answering, respond ONLY with a single number that corresponds to the option you choose. Do not include any additional text, punctuation or explanation.

My answer is
",1
fake_3878,1,2,4,2,62,2,4,"Today is November 5, 2024. Racially, I am white. Ideologically, I am liberal. Politically, I am an independent. I do not attend church. I am 62 years old. I am a woman. I am not at all interested in politics.. Question: Do you think the federal government should be doing more about the opioid drug addiction issue, should be doing less, or is it currently doing the right amount?

Answer choices:
1. Should be doing more 2. Should be doing less 3. Is doing the right amount

When answering, respond ONLY with a single number that corresponds to the option you choose. Do not include any additional text, punctuation or explanation.

My answer is
",1
fake_3879,1,6,5,2,65,2,-6,"Today is November 5, 2024. Racially, I am white. Ideologically, I am conservative. Politically, I am an independent who leans Republican. I do not attend church. I am 65 years old. I am a woman.. Question: Do you think the federal government should be doing more about the opioid drug addiction issue, should be doing less, or is it currently doing the right amount?

Answer choices:
1. Should be doing more 2. Should be doing less 3. Is doing the right amount

When answering, respond ONLY with a single number that corresponds to the option you choose. Do not include any additional text, punctuation or explanation.

My answer is
",1
fake_3880,1,6,4,1,67,2,-6,"Today is November 5, 2024. Racially, I am white. Ideologically, I am conservative. Politically, I am an independent. I attend church. I am 67 years old. I am a woman.. Question: Do you think the federal government should be doing more about the opioid drug addiction issue, should be doing less, or is it currently doing the right amount?

Answer choices:
1. Should be doing more 2. Should be doing less 3. Is doing the right amount

When answering, respond ONLY with a single number that corresponds to the option you choose. Do not include any additional text, punctuation or explanation.

My answer is
",1
fake_3881,1,5,1,2,38,2,2,"Today is November 5, 2024. Racially, I am white. Ideologically, I am slightly conservative. Politically, I am a strong democrat. I do not attend church. I am 38 years old. I am a woman. I am somewhat interested in politics.. Question: Do you think the federal government should be doing more about the opioid drug addiction issue, should be doing less, or is it currently doing the right amount?

Answer choices:
1. Should be doing more 2. Should be doing less 3. Is doing the right amount

When answering, respond ONLY with a single number that corresponds to the option you choose. Do not include any additional text, punctuation or explanation.

My answer is
",1
fake_3882,4,5,3,2,31,1,2,"Today is November 5, 2024. Racially, I am asian. Ideologically, I am slightly conservative. Politically, I am an independent who leans Democratic. I do not attend church. I am 31 years old. I am a man. I am somewhat interested in politics.. Question: Do you think the federal government should be doing more about the opioid drug addiction issue, should be doing less, or is it currently doing the right amount?

Answer choices:
1. Should be doing more 2. Should be doing less 3. Is doing the right amount

When answering, respond ONLY with a single number that corresponds to the option you choose. Do not include any additional text, punctuation or explanation.

My answer is
",1
fake_3883,1,2,7,2,73,2,2,"Today is November 5, 2024. Racially, I am white. Ideologically, I am liberal. Politically, I am a strong Republican. I do not attend church. I am 73 years old. I am a woman. I am somewhat interested in politics.. Question: Do you think the federal government should be doing more about the opioid drug addiction issue, should be doing less, or is it currently doing the right amount?

Answer choices:
1. Should be doing more 2. Should be doing less 3. Is doing the right amount

When answering, respond ONLY with a single number that corresponds to the option you choose. Do not include any additional text, punctuation or explanation.

My answer is
",1
fake_3884,1,3,2,1,32,2,4,"Today is November 5, 2024. Racially, I am white. Ideologically, I am slightly liberal. Politically, I am a weak Democrat. I attend church. I am 32 years old. I am a woman. I am not at all interested in politics.. Question: Do you think the federal government should be doing more about the opioid drug addiction issue, should be doing less, or is it currently doing the right amount?

Answer choices:
1. Should be doing more 2. Should be doing less 3. Is doing the right amount

When answering, respond ONLY with a single number that corresponds to the option you choose. Do not include any additional text, punctuation or explanation.

My answer is
",1
fake_3885,1,2,1,1,80,2,1,"Today is November 5, 2024. Racially, I am white. Ideologically, I am liberal. Politically, I am a strong democrat. I attend church. I am 80 years old. I am a woman. I am very interested in politics.. Question: Do you think the federal government should be doing more about the opioid drug addiction issue, should be doing less, or is it currently doing the right amount?

Answer choices:
1. Should be doing more 2. Should be doing less 3. Is doing the right amount

When answering, respond ONLY with a single number that corresponds to the option you choose. Do not include any additional text, punctuation or explanation.

My answer is
",1
fake_3886,6,6,6,2,22,1,2,"Today is November 5, 2024. Ideologically, I am conservative. Politically, I am a weak Republican. I do not attend church. I am 22 years old. I am a man. I am somewhat interested in politics.. Question: Do you think the federal government should be doing more about the opioid drug addiction issue, should be doing less, or is it currently doing the right amount?

Answer choices:
1. Should be doing more 2. Should be doing less 3. Is doing the right amount

When answering, respond ONLY with a single number that corresponds to the option you choose. Do not include any additional text, punctuation or explanation.

My answer is
",1
fake_3887,1,6,7,2,66,2,-6,"Today is November 5, 2024. Racially, I am white. Ideologically, I am conservative. Politically, I am a strong Republican. I do not attend church. I am 66 years old. I am a woman.. Question: Do you think the federal government should be doing more about the opioid drug addiction issue, should be doing less, or is it currently doing the right amount?

Answer choices:
1. Should be doing more 2. Should be doing less 3. Is doing the right amount

When answering, respond ONLY with a single number that corresponds to the option you choose. Do not include any additional text, punctuation or explanation.

My answer is
",1
fake_3888,1,2,1,2,67,2,2,"Today is November 5, 2024. Racially, I am white. Ideologically, I am liberal. Politically, I am a strong democrat. I do not attend church. I am 67 years old. I am a woman. I am somewhat interested in politics.. Question: Do you think the federal government should be doing more about the opioid drug addiction issue, should be doing less, or is it currently doing the right amount?

Answer choices:
1. Should be doing more 2. Should be doing less 3. Is doing the right amount

When answering, respond ONLY with a single number that corresponds to the option you choose. Do not include any additional text, punctuation or explanation.

My answer is
",1
fake_3889,4,5,5,1,47,2,2,"Today is November 5, 2024. Racially, I am asian. Ideologically, I am slightly conservative. Politically, I am an independent who leans Republican. I attend church. I am 47 years old. I am a woman. I am somewhat interested in politics.. Question: Do you think the federal government should be doing more about the opioid drug addiction issue, should be doing less, or is it currently doing the right amount?

Answer choices:
1. Should be doing more 2. Should be doing less 3. Is doing the right amount

When answering, respond ONLY with a single number that corresponds to the option you choose. Do not include any additional text, punctuation or explanation.

My answer is
",1
fake_3890,6,2,5,1,-2,2,3,"Today is November 5, 2024. Ideologically, I am liberal. Politically, I am an independent who leans Republican. I attend church. I am a woman. I am not very interested in politics.. Question: Do you think the federal government should be doing more about the opioid drug addiction issue, should be doing less, or is it currently doing the right amount?

Answer choices:
1. Should be doing more 2. Should be doing less 3. Is doing the right amount

When answering, respond ONLY with a single number that corresponds to the option you choose. Do not include any additional text, punctuation or explanation.

My answer is
",1
fake_3891,3,7,6,1,75,1,2,"Today is November 5, 2024. Racially, I am hispanic. Ideologically, I am extremely conservative. Politically, I am a weak Republican. I attend church. I am 75 years old. I am a man. I am somewhat interested in politics.. Question: Do you think the federal government should be doing more about the opioid drug addiction issue, should be doing less, or is it currently doing the right amount?

Answer choices:
1. Should be doing more 2. Should be doing less 3. Is doing the right amount

When answering, respond ONLY with a single number that corresponds to the option you choose. Do not include any additional text, punctuation or explanation.

My answer is
",1
fake_3892,1,6,7,1,66,1,3,"Today is November 5, 2024. Racially, I am white. Ideologically, I am conservative. Politically, I am a strong Republican. I attend church. I am 66 years old. I am a man. I am not very interested in politics.. Question: Do you think the federal government should be doing more about the opioid drug addiction issue, should be doing less, or is it currently doing the right amount?

Answer choices:
1. Should be doing more 2. Should be doing less 3. Is doing the right amount

When answering, respond ONLY with a single number that corresponds to the option you choose. Do not include any additional text, punctuation or explanation.

My answer is
",1
fake_3893,1,5,6,-1,71,2,3,"Today is November 5, 2024. Racially, I am white. Ideologically, I am slightly conservative. Politically, I am a weak Republican. I am 71 years old. I am a woman. I am not very interested in politics.. Question: Do you think the federal government should be doing more about the opioid drug addiction issue, should be doing less, or is it currently doing the right amount?

Answer choices:
1. Should be doing more 2. Should be doing less 3. Is doing the right amount

When answering, respond ONLY with a single number that corresponds to the option you choose. Do not include any additional text, punctuation or explanation.

My answer is
",1
fake_3894,1,99,5,1,69,2,3,"Today is November 5, 2024. Racially, I am white. Politically, I am an independent who leans Republican. I attend church. I am 69 years old. I am a woman. I am not very interested in politics.. Question: Do you think the federal government should be doing more about the opioid drug addiction issue, should be doing less, or is it currently doing the right amount?

Answer choices:
1. Should be doing more 2. Should be doing less 3. Is doing the right amount

When answering, respond ONLY with a single number that corresponds to the option you choose. Do not include any additional text, punctuation or explanation.

My answer is
",1
fake_3895,5,6,1,1,-2,2,2,"Today is November 5, 2024. Racially, I am native American. Ideologically, I am conservative. Politically, I am a strong democrat. I attend church. I am a woman. I am somewhat interested in politics.. Question: Do you think the federal government should be doing more about the opioid drug addiction issue, should be doing less, or is it currently doing the right amount?

Answer choices:
1. Should be doing more 2. Should be doing less 3. Is doing the right amount

When answering, respond ONLY with a single number that corresponds to the option you choose. Do not include any additional text, punctuation or explanation.

My answer is
",1
fake_3896,1,3,3,1,69,2,2,"Today is November 5, 2024. Racially, I am white. Ideologically, I am slightly liberal. Politically, I am an independent who leans Democratic. I attend church. I am 69 years old. I am a woman. I am somewhat interested in politics.. Question: Do you think the federal government should be doing more about the opioid drug addiction issue, should be doing less, or is it currently doing the right amount?

Answer choices:
1. Should be doing more 2. Should be doing less 3. Is doing the right amount

When answering, respond ONLY with a single number that corresponds to the option you choose. Do not include any additional text, punctuation or explanation.

My answer is
",1
fake_3897,1,4,1,2,63,1,2,"Today is November 5, 2024. Racially, I am white. Ideologically, I am moderate. Politically, I am a strong democrat. I do not attend church. I am 63 years old. I am a man. I am somewhat interested in politics.. Question: Do you think the federal government should be doing more about the opioid drug addiction issue, should be doing less, or is it currently doing the right amount?

Answer choices:
1. Should be doing more 2. Should be doing less 3. Is doing the right amount

When answering, respond ONLY with a single number that corresponds to the option you choose. Do not include any additional text, punctuation or explanation.

My answer is
",1
fake_3898,1,6,5,1,26,1,3,"Today is November 5, 2024. Racially, I am white. Ideologically, I am conservative. Politically, I am an independent who leans Republican. I attend church. I am 26 years old. I am a man. I am not very interested in politics.. Question: Do you think the federal government should be doing more about the opioid drug addiction issue, should be doing less, or is it currently doing the right amount?

Answer choices:
1. Should be doing more 2. Should be doing less 3. Is doing the right amount

When answering, respond ONLY with a single number that corresponds to the option you choose. Do not include any additional text, punctuation or explanation.

My answer is
",1
fake_3899,1,99,6,1,80,2,3,"Today is November 5, 2024. Racially, I am white. Politically, I am a weak Republican. I attend church. I am 80 years old. I am a woman. I am not very interested in politics.. Question: Do you think the federal government should be doing more about the opioid drug addiction issue, should be doing less, or is it currently doing the right amount?

Answer choices:
1. Should be doing more 2. Should be doing less 3. Is doing the right amount

When answering, respond ONLY with a single number that corresponds to the option you choose. Do not include any additional text, punctuation or explanation.

My answer is
",1
fake_3900,1,4,5,2,46,2,2,"Today is November 5, 2024. Racially, I am white. Ideologically, I am moderate. Politically, I am an independent who leans Republican. I do not attend church. I am 46 years old. I am a woman. I am somewhat interested in politics.. Question: Do you think the federal government should be doing more about the opioid drug addiction issue, should be doing less, or is it currently doing the right amount?

Answer choices:
1. Should be doing more 2. Should be doing less 3. Is doing the right amount

When answering, respond ONLY with a single number that corresponds to the option you choose. Do not include any additional text, punctuation or explanation.

My answer is
",1
fake_3901,1,2,1,1,23,1,1,"Today is November 5, 2024. Racially, I am white. Ideologically, I am liberal. Politically, I am a strong democrat. I attend church. I am 23 years old. I am a man. I am very interested in politics.. Question: Do you think the federal government should be doing more about the opioid drug addiction issue, should be doing less, or is it currently doing the right amount?

Answer choices:
1. Should be doing more 2. Should be doing less 3. Is doing the right amount

When answering, respond ONLY with a single number that corresponds to the option you choose. Do not include any additional text, punctuation or explanation.

My answer is
",1
fake_3902,-9,1,7,1,67,2,2,"Today is November 5, 2024. Ideologically, I am extremely liberal. Politically, I am a strong Republican. I attend church. I am 67 years old. I am a woman. I am somewhat interested in politics.. Question: Do you think the federal government should be doing more about the opioid drug addiction issue, should be doing less, or is it currently doing the right amount?

Answer choices:
1. Should be doing more 2. Should be doing less 3. Is doing the right amount

When answering, respond ONLY with a single number that corresponds to the option you choose. Do not include any additional text, punctuation or explanation.

My answer is
",1
fake_3903,1,4,4,2,76,1,2,"Today is November 5, 2024. Racially, I am white. Ideologically, I am moderate. Politically, I am an independent. I do not attend church. I am 76 years old. I am a man. I am somewhat interested in politics.. Question: Do you think the federal government should be doing more about the opioid drug addiction issue, should be doing less, or is it currently doing the right amount?

Answer choices:
1. Should be doing more 2. Should be doing less 3. Is doing the right amount

When answering, respond ONLY with a single number that corresponds to the option you choose. Do not include any additional text, punctuation or explanation.

My answer is
",1
fake_3904,1,6,3,2,72,1,-6,"Today is November 5, 2024. Racially, I am white. Ideologically, I am conservative. Politically, I am an independent who leans Democratic. I do not attend church. I am 72 years old. I am a man.. Question: Do you think the federal government should be doing more about the opioid drug addiction issue, should be doing less, or is it currently doing the right amount?

Answer choices:
1. Should be doing more 2. Should be doing less 3. Is doing the right amount

When answering, respond ONLY with a single number that corresponds to the option you choose. Do not include any additional text, punctuation or explanation.

My answer is
",1
fake_3905,1,6,1,2,78,2,2,"Today is November 5, 2024. Racially, I am white. Ideologically, I am conservative. Politically, I am a strong democrat. I do not attend church. I am 78 years old. I am a woman. I am somewhat interested in politics.. Question: Do you think the federal government should be doing more about the opioid drug addiction issue, should be doing less, or is it currently doing the right amount?

Answer choices:
1. Should be doing more 2. Should be doing less 3. Is doing the right amount

When answering, respond ONLY with a single number that corresponds to the option you choose. Do not include any additional text, punctuation or explanation.

My answer is
",1
fake_3906,1,5,5,2,63,2,1,"Today is November 5, 2024. Racially, I am white. Ideologically, I am slightly conservative. Politically, I am an independent who leans Republican. I do not attend church. I am 63 years old. I am a woman. I am very interested in politics.. Question: Do you think the federal government should be doing more about the opioid drug addiction issue, should be doing less, or is it currently doing the right amount?

Answer choices:
1. Should be doing more 2. Should be doing less 3. Is doing the right amount

When answering, respond ONLY with a single number that corresponds to the option you choose. Do not include any additional text, punctuation or explanation.

My answer is
",1
fake_3907,1,5,1,1,21,1,4,"Today is November 5, 2024. Racially, I am white. Ideologically, I am slightly conservative. Politically, I am a strong democrat. I attend church. I am 21 years old. I am a man. I am not at all interested in politics.. Question: Do you think the federal government should be doing more about the opioid drug addiction issue, should be doing less, or is it currently doing the right amount?

Answer choices:
1. Should be doing more 2. Should be doing less 3. Is doing the right amount

When answering, respond ONLY with a single number that corresponds to the option you choose. Do not include any additional text, punctuation or explanation.

My answer is
",1
fake_3908,1,6,6,1,42,2,1,"Today is November 5, 2024. Racially, I am white. Ideologically, I am conservative. Politically, I am a weak Republican. I attend church. I am 42 years old. I am a woman. I am very interested in politics.. Question: Do you think the federal government should be doing more about the opioid drug addiction issue, should be doing less, or is it currently doing the right amount?

Answer choices:
1. Should be doing more 2. Should be doing less 3. Is doing the right amount

When answering, respond ONLY with a single number that corresponds to the option you choose. Do not include any additional text, punctuation or explanation.

My answer is
",1
fake_3909,1,99,3,1,32,1,2,"Today is November 5, 2024. Racially, I am white. Politically, I am an independent who leans Democratic. I attend church. I am 32 years old. I am a man. I am somewhat interested in politics.. Question: Do you think the federal government should be doing more about the opioid drug addiction issue, should be doing less, or is it currently doing the right amount?

Answer choices:
1. Should be doing more 2. Should be doing less 3. Is doing the right amount

When answering, respond ONLY with a single number that corresponds to the option you choose. Do not include any additional text, punctuation or explanation.

My answer is
",1
fake_3910,1,2,7,2,29,1,2,"Today is November 5, 2024. Racially, I am white. Ideologically, I am liberal. Politically, I am a strong Republican. I do not attend church. I am 29 years old. I am a man. I am somewhat interested in politics.. Question: Do you think the federal government should be doing more about the opioid drug addiction issue, should be doing less, or is it currently doing the right amount?

Answer choices:
1. Should be doing more 2. Should be doing less 3. Is doing the right amount

When answering, respond ONLY with a single number that corresponds to the option you choose. Do not include any additional text, punctuation or explanation.

My answer is
",1
fake_3911,1,4,7,1,63,2,1,"Today is November 5, 2024. Racially, I am white. Ideologically, I am moderate. Politically, I am a strong Republican. I attend church. I am 63 years old. I am a woman. I am very interested in politics.. Question: Do you think the federal government should be doing more about the opioid drug addiction issue, should be doing less, or is it currently doing the right amount?

Answer choices:
1. Should be doing more 2. Should be doing less 3. Is doing the right amount

When answering, respond ONLY with a single number that corresponds to the option you choose. Do not include any additional text, punctuation or explanation.

My answer is
",1
fake_3912,2,4,2,1,65,1,2,"Today is November 5, 2024. Racially, I am black. Ideologically, I am moderate. Politically, I am a weak Democrat. I attend church. I am 65 years old. I am a man. I am somewhat interested in politics.. Question: Do you think the federal government should be doing more about the opioid drug addiction issue, should be doing less, or is it currently doing the right amount?

Answer choices:
1. Should be doing more 2. Should be doing less 3. Is doing the right amount

When answering, respond ONLY with a single number that corresponds to the option you choose. Do not include any additional text, punctuation or explanation.

My answer is
",1
fake_3913,1,99,7,2,59,1,-7,"Today is November 5, 2024. Racially, I am white. Politically, I am a strong Republican. I do not attend church. I am 59 years old. I am a man.. Question: Do you think the federal government should be doing more about the opioid drug addiction issue, should be doing less, or is it currently doing the right amount?

Answer choices:
1. Should be doing more 2. Should be doing less 3. Is doing the right amount

When answering, respond ONLY with a single number that corresponds to the option you choose. Do not include any additional text, punctuation or explanation.

My answer is
",1
fake_3914,3,6,5,1,43,1,1,"Today is November 5, 2024. Racially, I am hispanic. Ideologically, I am conservative. Politically, I am an independent who leans Republican. I attend church. I am 43 years old. I am a man. I am very interested in politics.. Question: Do you think the federal government should be doing more about the opioid drug addiction issue, should be doing less, or is it currently doing the right amount?

Answer choices:
1. Should be doing more 2. Should be doing less 3. Is doing the right amount

When answering, respond ONLY with a single number that corresponds to the option you choose. Do not include any additional text, punctuation or explanation.

My answer is
",1
fake_3915,1,99,1,1,-2,1,2,"Today is November 5, 2024. Racially, I am white. Politically, I am a strong democrat. I attend church. I am a man. I am somewhat interested in politics.. Question: Do you think the federal government should be doing more about the opioid drug addiction issue, should be doing less, or is it currently doing the right amount?

Answer choices:
1. Should be doing more 2. Should be doing less 3. Is doing the right amount

When answering, respond ONLY with a single number that corresponds to the option you choose. Do not include any additional text, punctuation or explanation.

My answer is
",1
fake_3916,2,4,3,1,37,2,3,"Today is November 5, 2024. Racially, I am black. Ideologically, I am moderate. Politically, I am an independent who leans Democratic. I attend church. I am 37 years old. I am a woman. I am not very interested in politics.. Question: Do you think the federal government should be doing more about the opioid drug addiction issue, should be doing less, or is it currently doing the right amount?

Answer choices:
1. Should be doing more 2. Should be doing less 3. Is doing the right amount

When answering, respond ONLY with a single number that corresponds to the option you choose. Do not include any additional text, punctuation or explanation.

My answer is
",1
fake_3917,1,5,6,1,66,2,2,"Today is November 5, 2024. Racially, I am white. Ideologically, I am slightly conservative. Politically, I am a weak Republican. I attend church. I am 66 years old. I am a woman. I am somewhat interested in politics.. Question: Do you think the federal government should be doing more about the opioid drug addiction issue, should be doing less, or is it currently doing the right amount?

Answer choices:
1. Should be doing more 2. Should be doing less 3. Is doing the right amount

When answering, respond ONLY with a single number that corresponds to the option you choose. Do not include any additional text, punctuation or explanation.

My answer is
",1
fake_3918,1,3,1,1,28,2,2,"Today is November 5, 2024. Racially, I am white. Ideologically, I am slightly liberal. Politically, I am a strong democrat. I attend church. I am 28 years old. I am a woman. I am somewhat interested in politics.. Question: Do you think the federal government should be doing more about the opioid drug addiction issue, should be doing less, or is it currently doing the right amount?

Answer choices:
1. Should be doing more 2. Should be doing less 3. Is doing the right amount

When answering, respond ONLY with a single number that corresponds to the option you choose. Do not include any additional text, punctuation or explanation.

My answer is
",1
fake_3919,1,3,1,2,71,2,2,"Today is November 5, 2024. Racially, I am white. Ideologically, I am slightly liberal. Politically, I am a strong democrat. I do not attend church. I am 71 years old. I am a woman. I am somewhat interested in politics.. Question: Do you think the federal government should be doing more about the opioid drug addiction issue, should be doing less, or is it currently doing the right amount?

Answer choices:
1. Should be doing more 2. Should be doing less 3. Is doing the right amount

When answering, respond ONLY with a single number that corresponds to the option you choose. Do not include any additional text, punctuation or explanation.

My answer is
",1
fake_3920,1,2,7,1,43,2,2,"Today is November 5, 2024. Racially, I am white. Ideologically, I am liberal. Politically, I am a strong Republican. I attend church. I am 43 years old. I am a woman. I am somewhat interested in politics.. Question: Do you think the federal government should be doing more about the opioid drug addiction issue, should be doing less, or is it currently doing the right amount?

Answer choices:
1. Should be doing more 2. Should be doing less 3. Is doing the right amount

When answering, respond ONLY with a single number that corresponds to the option you choose. Do not include any additional text, punctuation or explanation.

My answer is
",1
fake_3921,1,4,6,1,30,2,2,"Today is November 5, 2024. Racially, I am white. Ideologically, I am moderate. Politically, I am a weak Republican. I attend church. I am 30 years old. I am a woman. I am somewhat interested in politics.. Question: Do you think the federal government should be doing more about the opioid drug addiction issue, should be doing less, or is it currently doing the right amount?

Answer choices:
1. Should be doing more 2. Should be doing less 3. Is doing the right amount

When answering, respond ONLY with a single number that corresponds to the option you choose. Do not include any additional text, punctuation or explanation.

My answer is
",1
fake_3922,1,3,2,2,51,2,1,"Today is November 5, 2024. Racially, I am white. Ideologically, I am slightly liberal. Politically, I am a weak Democrat. I do not attend church. I am 51 years old. I am a woman. I am very interested in politics.. Question: Do you think the federal government should be doing more about the opioid drug addiction issue, should be doing less, or is it currently doing the right amount?

Answer choices:
1. Should be doing more 2. Should be doing less 3. Is doing the right amount

When answering, respond ONLY with a single number that corresponds to the option you choose. Do not include any additional text, punctuation or explanation.

My answer is
",1
fake_3923,3,4,4,2,23,2,2,"Today is November 5, 2024. Racially, I am hispanic. Ideologically, I am moderate. Politically, I am an independent. I do not attend church. I am 23 years old. I am a woman. I am somewhat interested in politics.. Question: Do you think the federal government should be doing more about the opioid drug addiction issue, should be doing less, or is it currently doing the right amount?

Answer choices:
1. Should be doing more 2. Should be doing less 3. Is doing the right amount

When answering, respond ONLY with a single number that corresponds to the option you choose. Do not include any additional text, punctuation or explanation.

My answer is
",1
fake_3924,1,4,4,2,18,2,2,"Today is November 5, 2024. Racially, I am white. Ideologically, I am moderate. Politically, I am an independent. I do not attend church. I am 18 years old. I am a woman. I am somewhat interested in politics.. Question: Do you think the federal government should be doing more about the opioid drug addiction issue, should be doing less, or is it currently doing the right amount?

Answer choices:
1. Should be doing more 2. Should be doing less 3. Is doing the right amount

When answering, respond ONLY with a single number that corresponds to the option you choose. Do not include any additional text, punctuation or explanation.

My answer is
",1
fake_3925,1,6,2,1,18,2,1,"Today is November 5, 2024. Racially, I am white. Ideologically, I am conservative. Politically, I am a weak Democrat. I attend church. I am 18 years old. I am a woman. I am very interested in politics.. Question: Do you think the federal government should be doing more about the opioid drug addiction issue, should be doing less, or is it currently doing the right amount?

Answer choices:
1. Should be doing more 2. Should be doing less 3. Is doing the right amount

When answering, respond ONLY with a single number that corresponds to the option you choose. Do not include any additional text, punctuation or explanation.

My answer is
",1
fake_3926,4,4,2,2,67,2,2,"Today is November 5, 2024. Racially, I am asian. Ideologically, I am moderate. Politically, I am a weak Democrat. I do not attend church. I am 67 years old. I am a woman. I am somewhat interested in politics.. Question: Do you think the federal government should be doing more about the opioid drug addiction issue, should be doing less, or is it currently doing the right amount?

Answer choices:
1. Should be doing more 2. Should be doing less 3. Is doing the right amount

When answering, respond ONLY with a single number that corresponds to the option you choose. Do not include any additional text, punctuation or explanation.

My answer is
",1
fake_3927,6,4,1,2,41,2,1,"Today is November 5, 2024. Ideologically, I am moderate. Politically, I am a strong democrat. I do not attend church. I am 41 years old. I am a woman. I am very interested in politics.. Question: Do you think the federal government should be doing more about the opioid drug addiction issue, should be doing less, or is it currently doing the right amount?

Answer choices:
1. Should be doing more 2. Should be doing less 3. Is doing the right amount

When answering, respond ONLY with a single number that corresponds to the option you choose. Do not include any additional text, punctuation or explanation.

My answer is
",1
fake_3928,1,3,1,2,67,2,2,"Today is November 5, 2024. Racially, I am white. Ideologically, I am slightly liberal. Politically, I am a strong democrat. I do not attend church. I am 67 years old. I am a woman. I am somewhat interested in politics.. Question: Do you think the federal government should be doing more about the opioid drug addiction issue, should be doing less, or is it currently doing the right amount?

Answer choices:
1. Should be doing more 2. Should be doing less 3. Is doing the right amount

When answering, respond ONLY with a single number that corresponds to the option you choose. Do not include any additional text, punctuation or explanation.

My answer is
",1
fake_3929,1,1,3,1,70,1,3,"Today is November 5, 2024. Racially, I am white. Ideologically, I am extremely liberal. Politically, I am an independent who leans Democratic. I attend church. I am 70 years old. I am a man. I am not very interested in politics.. Question: Do you think the federal government should be doing more about the opioid drug addiction issue, should be doing less, or is it currently doing the right amount?

Answer choices:
1. Should be doing more 2. Should be doing less 3. Is doing the right amount

When answering, respond ONLY with a single number that corresponds to the option you choose. Do not include any additional text, punctuation or explanation.

My answer is
",1
fake_3930,1,6,5,1,76,2,2,"Today is November 5, 2024. Racially, I am white. Ideologically, I am conservative. Politically, I am an independent who leans Republican. I attend church. I am 76 years old. I am a woman. I am somewhat interested in politics.. Question: Do you think the federal government should be doing more about the opioid drug addiction issue, should be doing less, or is it currently doing the right amount?

Answer choices:
1. Should be doing more 2. Should be doing less 3. Is doing the right amount

When answering, respond ONLY with a single number that corresponds to the option you choose. Do not include any additional text, punctuation or explanation.

My answer is
",1
fake_3931,1,6,2,2,76,2,4,"Today is November 5, 2024. Racially, I am white. Ideologically, I am conservative. Politically, I am a weak Democrat. I do not attend church. I am 76 years old. I am a woman. I am not at all interested in politics.. Question: Do you think the federal government should be doing more about the opioid drug addiction issue, should be doing less, or is it currently doing the right amount?

Answer choices:
1. Should be doing more 2. Should be doing less 3. Is doing the right amount

When answering, respond ONLY with a single number that corresponds to the option you choose. Do not include any additional text, punctuation or explanation.

My answer is
",1
fake_3932,1,4,6,2,38,2,-6,"Today is November 5, 2024. Racially, I am white. Ideologically, I am moderate. Politically, I am a weak Republican. I do not attend church. I am 38 years old. I am a woman.. Question: Do you think the federal government should be doing more about the opioid drug addiction issue, should be doing less, or is it currently doing the right amount?

Answer choices:
1. Should be doing more 2. Should be doing less 3. Is doing the right amount

When answering, respond ONLY with a single number that corresponds to the option you choose. Do not include any additional text, punctuation or explanation.

My answer is
",1
fake_3933,1,6,5,2,75,1,1,"Today is November 5, 2024. Racially, I am white. Ideologically, I am conservative. Politically, I am an independent who leans Republican. I do not attend church. I am 75 years old. I am a man. I am very interested in politics.. Question: Do you think the federal government should be doing more about the opioid drug addiction issue, should be doing less, or is it currently doing the right amount?

Answer choices:
1. Should be doing more 2. Should be doing less 3. Is doing the right amount

When answering, respond ONLY with a single number that corresponds to the option you choose. Do not include any additional text, punctuation or explanation.

My answer is
",1
fake_3934,3,6,6,1,53,1,2,"Today is November 5, 2024. Racially, I am hispanic. Ideologically, I am conservative. Politically, I am a weak Republican. I attend church. I am 53 years old. I am a man. I am somewhat interested in politics.. Question: Do you think the federal government should be doing more about the opioid drug addiction issue, should be doing less, or is it currently doing the right amount?

Answer choices:
1. Should be doing more 2. Should be doing less 3. Is doing the right amount

When answering, respond ONLY with a single number that corresponds to the option you choose. Do not include any additional text, punctuation or explanation.

My answer is
",1
fake_3935,1,3,7,1,77,2,3,"Today is November 5, 2024. Racially, I am white. Ideologically, I am slightly liberal. Politically, I am a strong Republican. I attend church. I am 77 years old. I am a woman. I am not very interested in politics.. Question: Do you think the federal government should be doing more about the opioid drug addiction issue, should be doing less, or is it currently doing the right amount?

Answer choices:
1. Should be doing more 2. Should be doing less 3. Is doing the right amount

When answering, respond ONLY with a single number that corresponds to the option you choose. Do not include any additional text, punctuation or explanation.

My answer is
",1
fake_3936,2,2,1,2,26,1,3,"Today is November 5, 2024. Racially, I am black. Ideologically, I am liberal. Politically, I am a strong democrat. I do not attend church. I am 26 years old. I am a man. I am not very interested in politics.. Question: Do you think the federal government should be doing more about the opioid drug addiction issue, should be doing less, or is it currently doing the right amount?

Answer choices:
1. Should be doing more 2. Should be doing less 3. Is doing the right amount

When answering, respond ONLY with a single number that corresponds to the option you choose. Do not include any additional text, punctuation or explanation.

My answer is
",1
fake_3937,3,99,7,2,72,1,2,"Today is November 5, 2024. Racially, I am hispanic. Politically, I am a strong Republican. I do not attend church. I am 72 years old. I am a man. I am somewhat interested in politics.. Question: Do you think the federal government should be doing more about the opioid drug addiction issue, should be doing less, or is it currently doing the right amount?

Answer choices:
1. Should be doing more 2. Should be doing less 3. Is doing the right amount

When answering, respond ONLY with a single number that corresponds to the option you choose. Do not include any additional text, punctuation or explanation.

My answer is
",1
fake_3938,2,-9,1,-1,77,2,3,"Today is November 5, 2024. Racially, I am black. Politically, I am a strong democrat. I am 77 years old. I am a woman. I am not very interested in politics.. Question: Do you think the federal government should be doing more about the opioid drug addiction issue, should be doing less, or is it currently doing the right amount?

Answer choices:
1. Should be doing more 2. Should be doing less 3. Is doing the right amount

When answering, respond ONLY with a single number that corresponds to the option you choose. Do not include any additional text, punctuation or explanation.

My answer is
",1
fake_3939,4,4,2,2,38,2,1,"Today is November 5, 2024. Racially, I am asian. Ideologically, I am moderate. Politically, I am a weak Democrat. I do not attend church. I am 38 years old. I am a woman. I am very interested in politics.. Question: Do you think the federal government should be doing more about the opioid drug addiction issue, should be doing less, or is it currently doing the right amount?

Answer choices:
1. Should be doing more 2. Should be doing less 3. Is doing the right amount

When answering, respond ONLY with a single number that corresponds to the option you choose. Do not include any additional text, punctuation or explanation.

My answer is
",1
fake_3940,1,99,5,1,65,2,2,"Today is November 5, 2024. Racially, I am white. Politically, I am an independent who leans Republican. I attend church. I am 65 years old. I am a woman. I am somewhat interested in politics.. Question: Do you think the federal government should be doing more about the opioid drug addiction issue, should be doing less, or is it currently doing the right amount?

Answer choices:
1. Should be doing more 2. Should be doing less 3. Is doing the right amount

When answering, respond ONLY with a single number that corresponds to the option you choose. Do not include any additional text, punctuation or explanation.

My answer is
",1
fake_3941,1,2,5,2,72,2,2,"Today is November 5, 2024. Racially, I am white. Ideologically, I am liberal. Politically, I am an independent who leans Republican. I do not attend church. I am 72 years old. I am a woman. I am somewhat interested in politics.. Question: Do you think the federal government should be doing more about the opioid drug addiction issue, should be doing less, or is it currently doing the right amount?

Answer choices:
1. Should be doing more 2. Should be doing less 3. Is doing the right amount

When answering, respond ONLY with a single number that corresponds to the option you choose. Do not include any additional text, punctuation or explanation.

My answer is
",1
fake_3942,1,4,5,2,80,2,4,"Today is November 5, 2024. Racially, I am white. Ideologically, I am moderate. Politically, I am an independent who leans Republican. I do not attend church. I am 80 years old. I am a woman. I am not at all interested in politics.. Question: Do you think the federal government should be doing more about the opioid drug addiction issue, should be doing less, or is it currently doing the right amount?

Answer choices:
1. Should be doing more 2. Should be doing less 3. Is doing the right amount

When answering, respond ONLY with a single number that corresponds to the option you choose. Do not include any additional text, punctuation or explanation.

My answer is
",1
fake_3943,1,3,5,1,31,1,3,"Today is November 5, 2024. Racially, I am white. Ideologically, I am slightly liberal. Politically, I am an independent who leans Republican. I attend church. I am 31 years old. I am a man. I am not very interested in politics.. Question: Do you think the federal government should be doing more about the opioid drug addiction issue, should be doing less, or is it currently doing the right amount?

Answer choices:
1. Should be doing more 2. Should be doing less 3. Is doing the right amount

When answering, respond ONLY with a single number that corresponds to the option you choose. Do not include any additional text, punctuation or explanation.

My answer is
",1
fake_3944,1,6,1,2,43,2,2,"Today is November 5, 2024. Racially, I am white. Ideologically, I am conservative. Politically, I am a strong democrat. I do not attend church. I am 43 years old. I am a woman. I am somewhat interested in politics.. Question: Do you think the federal government should be doing more about the opioid drug addiction issue, should be doing less, or is it currently doing the right amount?

Answer choices:
1. Should be doing more 2. Should be doing less 3. Is doing the right amount

When answering, respond ONLY with a single number that corresponds to the option you choose. Do not include any additional text, punctuation or explanation.

My answer is
",1
fake_3945,1,2,7,2,54,2,2,"Today is November 5, 2024. Racially, I am white. Ideologically, I am liberal. Politically, I am a strong Republican. I do not attend church. I am 54 years old. I am a woman. I am somewhat interested in politics.. Question: Do you think the federal government should be doing more about the opioid drug addiction issue, should be doing less, or is it currently doing the right amount?

Answer choices:
1. Should be doing more 2. Should be doing less 3. Is doing the right amount

When answering, respond ONLY with a single number that corresponds to the option you choose. Do not include any additional text, punctuation or explanation.

My answer is
",1
fake_3946,2,6,1,2,59,2,-6,"Today is November 5, 2024. Racially, I am black. Ideologically, I am conservative. Politically, I am a strong democrat. I do not attend church. I am 59 years old. I am a woman.. Question: Do you think the federal government should be doing more about the opioid drug addiction issue, should be doing less, or is it currently doing the right amount?

Answer choices:
1. Should be doing more 2. Should be doing less 3. Is doing the right amount

When answering, respond ONLY with a single number that corresponds to the option you choose. Do not include any additional text, punctuation or explanation.

My answer is
",1
fake_3947,1,2,4,2,28,1,2,"Today is November 5, 2024. Racially, I am white. Ideologically, I am liberal. Politically, I am an independent. I do not attend church. I am 28 years old. I am a man. I am somewhat interested in politics.. Question: Do you think the federal government should be doing more about the opioid drug addiction issue, should be doing less, or is it currently doing the right amount?

Answer choices:
1. Should be doing more 2. Should be doing less 3. Is doing the right amount

When answering, respond ONLY with a single number that corresponds to the option you choose. Do not include any additional text, punctuation or explanation.

My answer is
",1
fake_3948,1,3,6,2,30,1,1,"Today is November 5, 2024. Racially, I am white. Ideologically, I am slightly liberal. Politically, I am a weak Republican. I do not attend church. I am 30 years old. I am a man. I am very interested in politics.. Question: Do you think the federal government should be doing more about the opioid drug addiction issue, should be doing less, or is it currently doing the right amount?

Answer choices:
1. Should be doing more 2. Should be doing less 3. Is doing the right amount

When answering, respond ONLY with a single number that corresponds to the option you choose. Do not include any additional text, punctuation or explanation.

My answer is
",1
fake_3949,1,6,5,1,65,2,3,"Today is November 5, 2024. Racially, I am white. Ideologically, I am conservative. Politically, I am an independent who leans Republican. I attend church. I am 65 years old. I am a woman. I am not very interested in politics.. Question: Do you think the federal government should be doing more about the opioid drug addiction issue, should be doing less, or is it currently doing the right amount?

Answer choices:
1. Should be doing more 2. Should be doing less 3. Is doing the right amount

When answering, respond ONLY with a single number that corresponds to the option you choose. Do not include any additional text, punctuation or explanation.

My answer is
",1
fake_3950,2,99,3,2,65,1,3,"Today is November 5, 2024. Racially, I am black. Politically, I am an independent who leans Democratic. I do not attend church. I am 65 years old. I am a man. I am not very interested in politics.. Question: Do you think the federal government should be doing more about the opioid drug addiction issue, should be doing less, or is it currently doing the right amount?

Answer choices:
1. Should be doing more 2. Should be doing less 3. Is doing the right amount

When answering, respond ONLY with a single number that corresponds to the option you choose. Do not include any additional text, punctuation or explanation.

My answer is
",1
fake_3951,1,99,7,1,80,2,1,"Today is November 5, 2024. Racially, I am white. Politically, I am a strong Republican. I attend church. I am 80 years old. I am a woman. I am very interested in politics.. Question: Do you think the federal government should be doing more about the opioid drug addiction issue, should be doing less, or is it currently doing the right amount?

Answer choices:
1. Should be doing more 2. Should be doing less 3. Is doing the right amount

When answering, respond ONLY with a single number that corresponds to the option you choose. Do not include any additional text, punctuation or explanation.

My answer is
",1
fake_3952,1,4,4,2,19,1,2,"Today is November 5, 2024. Racially, I am white. Ideologically, I am moderate. Politically, I am an independent. I do not attend church. I am 19 years old. I am a man. I am somewhat interested in politics.. Question: Do you think the federal government should be doing more about the opioid drug addiction issue, should be doing less, or is it currently doing the right amount?

Answer choices:
1. Should be doing more 2. Should be doing less 3. Is doing the right amount

When answering, respond ONLY with a single number that corresponds to the option you choose. Do not include any additional text, punctuation or explanation.

My answer is
",1
fake_3953,1,4,1,2,80,1,3,"Today is November 5, 2024. Racially, I am white. Ideologically, I am moderate. Politically, I am a strong democrat. I do not attend church. I am 80 years old. I am a man. I am not very interested in politics.. Question: Do you think the federal government should be doing more about the opioid drug addiction issue, should be doing less, or is it currently doing the right amount?

Answer choices:
1. Should be doing more 2. Should be doing less 3. Is doing the right amount

When answering, respond ONLY with a single number that corresponds to the option you choose. Do not include any additional text, punctuation or explanation.

My answer is
",1
fake_3954,1,4,6,2,20,2,2,"Today is November 5, 2024. Racially, I am white. Ideologically, I am moderate. Politically, I am a weak Republican. I do not attend church. I am 20 years old. I am a woman. I am somewhat interested in politics.. Question: Do you think the federal government should be doing more about the opioid drug addiction issue, should be doing less, or is it currently doing the right amount?

Answer choices:
1. Should be doing more 2. Should be doing less 3. Is doing the right amount

When answering, respond ONLY with a single number that corresponds to the option you choose. Do not include any additional text, punctuation or explanation.

My answer is
",1
fake_3955,3,99,3,1,70,1,1,"Today is November 5, 2024. Racially, I am hispanic. Politically, I am an independent who leans Democratic. I attend church. I am 70 years old. I am a man. I am very interested in politics.. Question: Do you think the federal government should be doing more about the opioid drug addiction issue, should be doing less, or is it currently doing the right amount?

Answer choices:
1. Should be doing more 2. Should be doing less 3. Is doing the right amount

When answering, respond ONLY with a single number that corresponds to the option you choose. Do not include any additional text, punctuation or explanation.

My answer is
",1
fake_3956,1,1,1,1,58,1,2,"Today is November 5, 2024. Racially, I am white. Ideologically, I am extremely liberal. Politically, I am a strong democrat. I attend church. I am 58 years old. I am a man. I am somewhat interested in politics.. Question: Do you think the federal government should be doing more about the opioid drug addiction issue, should be doing less, or is it currently doing the right amount?

Answer choices:
1. Should be doing more 2. Should be doing less 3. Is doing the right amount

When answering, respond ONLY with a single number that corresponds to the option you choose. Do not include any additional text, punctuation or explanation.

My answer is
",1
fake_3957,1,4,3,1,20,2,2,"Today is November 5, 2024. Racially, I am white. Ideologically, I am moderate. Politically, I am an independent who leans Democratic. I attend church. I am 20 years old. I am a woman. I am somewhat interested in politics.. Question: Do you think the federal government should be doing more about the opioid drug addiction issue, should be doing less, or is it currently doing the right amount?

Answer choices:
1. Should be doing more 2. Should be doing less 3. Is doing the right amount

When answering, respond ONLY with a single number that corresponds to the option you choose. Do not include any additional text, punctuation or explanation.

My answer is
",1
fake_3958,2,3,1,1,23,1,1,"Today is November 5, 2024. Racially, I am black. Ideologically, I am slightly liberal. Politically, I am a strong democrat. I attend church. I am 23 years old. I am a man. I am very interested in politics.. Question: Do you think the federal government should be doing more about the opioid drug addiction issue, should be doing less, or is it currently doing the right amount?

Answer choices:
1. Should be doing more 2. Should be doing less 3. Is doing the right amount

When answering, respond ONLY with a single number that corresponds to the option you choose. Do not include any additional text, punctuation or explanation.

My answer is
",1
fake_3959,1,6,6,2,48,2,1,"Today is November 5, 2024. Racially, I am white. Ideologically, I am conservative. Politically, I am a weak Republican. I do not attend church. I am 48 years old. I am a woman. I am very interested in politics.. Question: Do you think the federal government should be doing more about the opioid drug addiction issue, should be doing less, or is it currently doing the right amount?

Answer choices:
1. Should be doing more 2. Should be doing less 3. Is doing the right amount

When answering, respond ONLY with a single number that corresponds to the option you choose. Do not include any additional text, punctuation or explanation.

My answer is
",1
fake_3960,1,6,7,2,33,2,1,"Today is November 5, 2024. Racially, I am white. Ideologically, I am conservative. Politically, I am a strong Republican. I do not attend church. I am 33 years old. I am a woman. I am very interested in politics.. Question: Do you think the federal government should be doing more about the opioid drug addiction issue, should be doing less, or is it currently doing the right amount?

Answer choices:
1. Should be doing more 2. Should be doing less 3. Is doing the right amount

When answering, respond ONLY with a single number that corresponds to the option you choose. Do not include any additional text, punctuation or explanation.

My answer is
",1
fake_3961,1,4,7,1,75,1,-6,"Today is November 5, 2024. Racially, I am white. Ideologically, I am moderate. Politically, I am a strong Republican. I attend church. I am 75 years old. I am a man.. Question: Do you think the federal government should be doing more about the opioid drug addiction issue, should be doing less, or is it currently doing the right amount?

Answer choices:
1. Should be doing more 2. Should be doing less 3. Is doing the right amount

When answering, respond ONLY with a single number that corresponds to the option you choose. Do not include any additional text, punctuation or explanation.

My answer is
",1
fake_3962,2,6,3,2,46,1,1,"Today is November 5, 2024. Racially, I am black. Ideologically, I am conservative. Politically, I am an independent who leans Democratic. I do not attend church. I am 46 years old. I am a man. I am very interested in politics.. Question: Do you think the federal government should be doing more about the opioid drug addiction issue, should be doing less, or is it currently doing the right amount?

Answer choices:
1. Should be doing more 2. Should be doing less 3. Is doing the right amount

When answering, respond ONLY with a single number that corresponds to the option you choose. Do not include any additional text, punctuation or explanation.

My answer is
",1
fake_3963,1,3,7,2,69,1,2,"Today is November 5, 2024. Racially, I am white. Ideologically, I am slightly liberal. Politically, I am a strong Republican. I do not attend church. I am 69 years old. I am a man. I am somewhat interested in politics.. Question: Do you think the federal government should be doing more about the opioid drug addiction issue, should be doing less, or is it currently doing the right amount?

Answer choices:
1. Should be doing more 2. Should be doing less 3. Is doing the right amount

When answering, respond ONLY with a single number that corresponds to the option you choose. Do not include any additional text, punctuation or explanation.

My answer is
",1
fake_3964,1,2,4,2,29,1,2,"Today is November 5, 2024. Racially, I am white. Ideologically, I am liberal. Politically, I am an independent. I do not attend church. I am 29 years old. I am a man. I am somewhat interested in politics.. Question: Do you think the federal government should be doing more about the opioid drug addiction issue, should be doing less, or is it currently doing the right amount?

Answer choices:
1. Should be doing more 2. Should be doing less 3. Is doing the right amount

When answering, respond ONLY with a single number that corresponds to the option you choose. Do not include any additional text, punctuation or explanation.

My answer is
",1
fake_3965,1,7,2,2,27,1,2,"Today is November 5, 2024. Racially, I am white. Ideologically, I am extremely conservative. Politically, I am a weak Democrat. I do not attend church. I am 27 years old. I am a man. I am somewhat interested in politics.. Question: Do you think the federal government should be doing more about the opioid drug addiction issue, should be doing less, or is it currently doing the right amount?

Answer choices:
1. Should be doing more 2. Should be doing less 3. Is doing the right amount

When answering, respond ONLY with a single number that corresponds to the option you choose. Do not include any additional text, punctuation or explanation.

My answer is
",1
fake_3966,1,6,4,2,44,2,3,"Today is November 5, 2024. Racially, I am white. Ideologically, I am conservative. Politically, I am an independent. I do not attend church. I am 44 years old. I am a woman. I am not very interested in politics.. Question: Do you think the federal government should be doing more about the opioid drug addiction issue, should be doing less, or is it currently doing the right amount?

Answer choices:
1. Should be doing more 2. Should be doing less 3. Is doing the right amount

When answering, respond ONLY with a single number that corresponds to the option you choose. Do not include any additional text, punctuation or explanation.

My answer is
",1
fake_3967,1,2,5,1,77,2,-6,"Today is November 5, 2024. Racially, I am white. Ideologically, I am liberal. Politically, I am an independent who leans Republican. I attend church. I am 77 years old. I am a woman.. Question: Do you think the federal government should be doing more about the opioid drug addiction issue, should be doing less, or is it currently doing the right amount?

Answer choices:
1. Should be doing more 2. Should be doing less 3. Is doing the right amount

When answering, respond ONLY with a single number that corresponds to the option you choose. Do not include any additional text, punctuation or explanation.

My answer is
",1
fake_3968,1,6,3,1,25,2,-6,"Today is November 5, 2024. Racially, I am white. Ideologically, I am conservative. Politically, I am an independent who leans Democratic. I attend church. I am 25 years old. I am a woman.. Question: Do you think the federal government should be doing more about the opioid drug addiction issue, should be doing less, or is it currently doing the right amount?

Answer choices:
1. Should be doing more 2. Should be doing less 3. Is doing the right amount

When answering, respond ONLY with a single number that corresponds to the option you choose. Do not include any additional text, punctuation or explanation.

My answer is
",1
fake_3969,1,6,5,1,24,1,4,"Today is November 5, 2024. Racially, I am white. Ideologically, I am conservative. Politically, I am an independent who leans Republican. I attend church. I am 24 years old. I am a man. I am not at all interested in politics.. Question: Do you think the federal government should be doing more about the opioid drug addiction issue, should be doing less, or is it currently doing the right amount?

Answer choices:
1. Should be doing more 2. Should be doing less 3. Is doing the right amount

When answering, respond ONLY with a single number that corresponds to the option you choose. Do not include any additional text, punctuation or explanation.

My answer is
",1
fake_3970,1,5,1,1,48,1,2,"Today is November 5, 2024. Racially, I am white. Ideologically, I am slightly conservative. Politically, I am a strong democrat. I attend church. I am 48 years old. I am a man. I am somewhat interested in politics.. Question: Do you think the federal government should be doing more about the opioid drug addiction issue, should be doing less, or is it currently doing the right amount?

Answer choices:
1. Should be doing more 2. Should be doing less 3. Is doing the right amount

When answering, respond ONLY with a single number that corresponds to the option you choose. Do not include any additional text, punctuation or explanation.

My answer is
",1
fake_3971,1,5,7,1,60,2,2,"Today is November 5, 2024. Racially, I am white. Ideologically, I am slightly conservative. Politically, I am a strong Republican. I attend church. I am 60 years old. I am a woman. I am somewhat interested in politics.. Question: Do you think the federal government should be doing more about the opioid drug addiction issue, should be doing less, or is it currently doing the right amount?

Answer choices:
1. Should be doing more 2. Should be doing less 3. Is doing the right amount

When answering, respond ONLY with a single number that corresponds to the option you choose. Do not include any additional text, punctuation or explanation.

My answer is
",1
fake_3972,1,99,7,1,41,2,2,"Today is November 5, 2024. Racially, I am white. Politically, I am a strong Republican. I attend church. I am 41 years old. I am a woman. I am somewhat interested in politics.. Question: Do you think the federal government should be doing more about the opioid drug addiction issue, should be doing less, or is it currently doing the right amount?

Answer choices:
1. Should be doing more 2. Should be doing less 3. Is doing the right amount

When answering, respond ONLY with a single number that corresponds to the option you choose. Do not include any additional text, punctuation or explanation.

My answer is
",1
fake_3973,1,4,1,2,67,1,2,"Today is November 5, 2024. Racially, I am white. Ideologically, I am moderate. Politically, I am a strong democrat. I do not attend church. I am 67 years old. I am a man. I am somewhat interested in politics.. Question: Do you think the federal government should be doing more about the opioid drug addiction issue, should be doing less, or is it currently doing the right amount?

Answer choices:
1. Should be doing more 2. Should be doing less 3. Is doing the right amount

When answering, respond ONLY with a single number that corresponds to the option you choose. Do not include any additional text, punctuation or explanation.

My answer is
",1
fake_3974,1,6,5,2,-2,2,3,"Today is November 5, 2024. Racially, I am white. Ideologically, I am conservative. Politically, I am an independent who leans Republican. I do not attend church. I am a woman. I am not very interested in politics.. Question: Do you think the federal government should be doing more about the opioid drug addiction issue, should be doing less, or is it currently doing the right amount?

Answer choices:
1. Should be doing more 2. Should be doing less 3. Is doing the right amount

When answering, respond ONLY with a single number that corresponds to the option you choose. Do not include any additional text, punctuation or explanation.

My answer is
",1
fake_3975,1,99,4,1,36,2,2,"Today is November 5, 2024. Racially, I am white. Politically, I am an independent. I attend church. I am 36 years old. I am a woman. I am somewhat interested in politics.. Question: Do you think the federal government should be doing more about the opioid drug addiction issue, should be doing less, or is it currently doing the right amount?

Answer choices:
1. Should be doing more 2. Should be doing less 3. Is doing the right amount

When answering, respond ONLY with a single number that corresponds to the option you choose. Do not include any additional text, punctuation or explanation.

My answer is
",1
fake_3976,1,6,1,1,33,1,2,"Today is November 5, 2024. Racially, I am white. Ideologically, I am conservative. Politically, I am a strong democrat. I attend church. I am 33 years old. I am a man. I am somewhat interested in politics.. Question: Do you think the federal government should be doing more about the opioid drug addiction issue, should be doing less, or is it currently doing the right amount?

Answer choices:
1. Should be doing more 2. Should be doing less 3. Is doing the right amount

When answering, respond ONLY with a single number that corresponds to the option you choose. Do not include any additional text, punctuation or explanation.

My answer is
",1
fake_3977,1,4,4,2,53,2,2,"Today is November 5, 2024. Racially, I am white. Ideologically, I am moderate. Politically, I am an independent. I do not attend church. I am 53 years old. I am a woman. I am somewhat interested in politics.. Question: Do you think the federal government should be doing more about the opioid drug addiction issue, should be doing less, or is it currently doing the right amount?

Answer choices:
1. Should be doing more 2. Should be doing less 3. Is doing the right amount

When answering, respond ONLY with a single number that corresponds to the option you choose. Do not include any additional text, punctuation or explanation.

My answer is
",1
fake_3978,1,2,7,2,35,2,3,"Today is November 5, 2024. Racially, I am white. Ideologically, I am liberal. Politically, I am a strong Republican. I do not attend church. I am 35 years old. I am a woman. I am not very interested in politics.. Question: Do you think the federal government should be doing more about the opioid drug addiction issue, should be doing less, or is it currently doing the right amount?

Answer choices:
1. Should be doing more 2. Should be doing less 3. Is doing the right amount

When answering, respond ONLY with a single number that corresponds to the option you choose. Do not include any additional text, punctuation or explanation.

My answer is
",1
fake_3979,1,5,7,2,55,2,1,"Today is November 5, 2024. Racially, I am white. Ideologically, I am slightly conservative. Politically, I am a strong Republican. I do not attend church. I am 55 years old. I am a woman. I am very interested in politics.. Question: Do you think the federal government should be doing more about the opioid drug addiction issue, should be doing less, or is it currently doing the right amount?

Answer choices:
1. Should be doing more 2. Should be doing less 3. Is doing the right amount

When answering, respond ONLY with a single number that corresponds to the option you choose. Do not include any additional text, punctuation or explanation.

My answer is
",1
fake_3980,3,6,5,1,34,2,2,"Today is November 5, 2024. Racially, I am hispanic. Ideologically, I am conservative. Politically, I am an independent who leans Republican. I attend church. I am 34 years old. I am a woman. I am somewhat interested in politics.. Question: Do you think the federal government should be doing more about the opioid drug addiction issue, should be doing less, or is it currently doing the right amount?

Answer choices:
1. Should be doing more 2. Should be doing less 3. Is doing the right amount

When answering, respond ONLY with a single number that corresponds to the option you choose. Do not include any additional text, punctuation or explanation.

My answer is
",1
fake_3981,2,1,6,1,26,2,-6,"Today is November 5, 2024. Racially, I am black. Ideologically, I am extremely liberal. Politically, I am a weak Republican. I attend church. I am 26 years old. I am a woman.. Question: Do you think the federal government should be doing more about the opioid drug addiction issue, should be doing less, or is it currently doing the right amount?

Answer choices:
1. Should be doing more 2. Should be doing less 3. Is doing the right amount

When answering, respond ONLY with a single number that corresponds to the option you choose. Do not include any additional text, punctuation or explanation.

My answer is
",1
fake_3982,1,6,4,1,66,2,2,"Today is November 5, 2024. Racially, I am white. Ideologically, I am conservative. Politically, I am an independent. I attend church. I am 66 years old. I am a woman. I am somewhat interested in politics.. Question: Do you think the federal government should be doing more about the opioid drug addiction issue, should be doing less, or is it currently doing the right amount?

Answer choices:
1. Should be doing more 2. Should be doing less 3. Is doing the right amount

When answering, respond ONLY with a single number that corresponds to the option you choose. Do not include any additional text, punctuation or explanation.

My answer is
",1
fake_3983,2,4,3,1,42,2,-6,"Today is November 5, 2024. Racially, I am black. Ideologically, I am moderate. Politically, I am an independent who leans Democratic. I attend church. I am 42 years old. I am a woman.. Question: Do you think the federal government should be doing more about the opioid drug addiction issue, should be doing less, or is it currently doing the right amount?

Answer choices:
1. Should be doing more 2. Should be doing less 3. Is doing the right amount

When answering, respond ONLY with a single number that corresponds to the option you choose. Do not include any additional text, punctuation or explanation.

My answer is
",1
fake_3984,1,6,4,1,41,2,2,"Today is November 5, 2024. Racially, I am white. Ideologically, I am conservative. Politically, I am an independent. I attend church. I am 41 years old. I am a woman. I am somewhat interested in politics.. Question: Do you think the federal government should be doing more about the opioid drug addiction issue, should be doing less, or is it currently doing the right amount?

Answer choices:
1. Should be doing more 2. Should be doing less 3. Is doing the right amount

When answering, respond ONLY with a single number that corresponds to the option you choose. Do not include any additional text, punctuation or explanation.

My answer is
",1
fake_3985,3,5,2,1,69,1,2,"Today is November 5, 2024. Racially, I am hispanic. Ideologically, I am slightly conservative. Politically, I am a weak Democrat. I attend church. I am 69 years old. I am a man. I am somewhat interested in politics.. Question: Do you think the federal government should be doing more about the opioid drug addiction issue, should be doing less, or is it currently doing the right amount?

Answer choices:
1. Should be doing more 2. Should be doing less 3. Is doing the right amount

When answering, respond ONLY with a single number that corresponds to the option you choose. Do not include any additional text, punctuation or explanation.

My answer is
",1
fake_3986,1,2,7,2,39,2,1,"Today is November 5, 2024. Racially, I am white. Ideologically, I am liberal. Politically, I am a strong Republican. I do not attend church. I am 39 years old. I am a woman. I am very interested in politics.. Question: Do you think the federal government should be doing more about the opioid drug addiction issue, should be doing less, or is it currently doing the right amount?

Answer choices:
1. Should be doing more 2. Should be doing less 3. Is doing the right amount

When answering, respond ONLY with a single number that corresponds to the option you choose. Do not include any additional text, punctuation or explanation.

My answer is
",1
fake_3987,1,99,7,2,38,1,2,"Today is November 5, 2024. Racially, I am white. Politically, I am a strong Republican. I do not attend church. I am 38 years old. I am a man. I am somewhat interested in politics.. Question: Do you think the federal government should be doing more about the opioid drug addiction issue, should be doing less, or is it currently doing the right amount?

Answer choices:
1. Should be doing more 2. Should be doing less 3. Is doing the right amount

When answering, respond ONLY with a single number that corresponds to the option you choose. Do not include any additional text, punctuation or explanation.

My answer is
",1
fake_3988,1,99,5,1,30,2,2,"Today is November 5, 2024. Racially, I am white. Politically, I am an independent who leans Republican. I attend church. I am 30 years old. I am a woman. I am somewhat interested in politics.. Question: Do you think the federal government should be doing more about the opioid drug addiction issue, should be doing less, or is it currently doing the right amount?

Answer choices:
1. Should be doing more 2. Should be doing less 3. Is doing the right amount

When answering, respond ONLY with a single number that corresponds to the option you choose. Do not include any additional text, punctuation or explanation.

My answer is
",1
fake_3989,1,4,3,2,66,2,3,"Today is November 5, 2024. Racially, I am white. Ideologically, I am moderate. Politically, I am an independent who leans Democratic. I do not attend church. I am 66 years old. I am a woman. I am not very interested in politics.. Question: Do you think the federal government should be doing more about the opioid drug addiction issue, should be doing less, or is it currently doing the right amount?

Answer choices:
1. Should be doing more 2. Should be doing less 3. Is doing the right amount

When answering, respond ONLY with a single number that corresponds to the option you choose. Do not include any additional text, punctuation or explanation.

My answer is
",1
fake_3990,1,4,6,1,79,2,4,"Today is November 5, 2024. Racially, I am white. Ideologically, I am moderate. Politically, I am a weak Republican. I attend church. I am 79 years old. I am a woman. I am not at all interested in politics.. Question: Do you think the federal government should be doing more about the opioid drug addiction issue, should be doing less, or is it currently doing the right amount?

Answer choices:
1. Should be doing more 2. Should be doing less 3. Is doing the right amount

When answering, respond ONLY with a single number that corresponds to the option you choose. Do not include any additional text, punctuation or explanation.

My answer is
",1
fake_3991,4,5,7,1,43,2,1,"Today is November 5, 2024. Racially, I am asian. Ideologically, I am slightly conservative. Politically, I am a strong Republican. I attend church. I am 43 years old. I am a woman. I am very interested in politics.. Question: Do you think the federal government should be doing more about the opioid drug addiction issue, should be doing less, or is it currently doing the right amount?

Answer choices:
1. Should be doing more 2. Should be doing less 3. Is doing the right amount

When answering, respond ONLY with a single number that corresponds to the option you choose. Do not include any additional text, punctuation or explanation.

My answer is
",1
fake_3992,1,6,7,1,73,2,3,"Today is November 5, 2024. Racially, I am white. Ideologically, I am conservative. Politically, I am a strong Republican. I attend church. I am 73 years old. I am a woman. I am not very interested in politics.. Question: Do you think the federal government should be doing more about the opioid drug addiction issue, should be doing less, or is it currently doing the right amount?

Answer choices:
1. Should be doing more 2. Should be doing less 3. Is doing the right amount

When answering, respond ONLY with a single number that corresponds to the option you choose. Do not include any additional text, punctuation or explanation.

My answer is
",1
fake_3993,1,6,3,1,38,1,2,"Today is November 5, 2024. Racially, I am white. Ideologically, I am conservative. Politically, I am an independent who leans Democratic. I attend church. I am 38 years old. I am a man. I am somewhat interested in politics.. Question: Do you think the federal government should be doing more about the opioid drug addiction issue, should be doing less, or is it currently doing the right amount?

Answer choices:
1. Should be doing more 2. Should be doing less 3. Is doing the right amount

When answering, respond ONLY with a single number that corresponds to the option you choose. Do not include any additional text, punctuation or explanation.

My answer is
",1
fake_3994,1,4,2,2,61,2,2,"Today is November 5, 2024. Racially, I am white. Ideologically, I am moderate. Politically, I am a weak Democrat. I do not attend church. I am 61 years old. I am a woman. I am somewhat interested in politics.. Question: Do you think the federal government should be doing more about the opioid drug addiction issue, should be doing less, or is it currently doing the right amount?

Answer choices:
1. Should be doing more 2. Should be doing less 3. Is doing the right amount

When answering, respond ONLY with a single number that corresponds to the option you choose. Do not include any additional text, punctuation or explanation.

My answer is
",1
fake_3995,1,3,7,1,63,1,4,"Today is November 5, 2024. Racially, I am white. Ideologically, I am slightly liberal. Politically, I am a strong Republican. I attend church. I am 63 years old. I am a man. I am not at all interested in politics.. Question: Do you think the federal government should be doing more about the opioid drug addiction issue, should be doing less, or is it currently doing the right amount?

Answer choices:
1. Should be doing more 2. Should be doing less 3. Is doing the right amount

When answering, respond ONLY with a single number that corresponds to the option you choose. Do not include any additional text, punctuation or explanation.

My answer is
",1
fake_3996,1,3,5,1,69,1,3,"Today is November 5, 2024. Racially, I am white. Ideologically, I am slightly liberal. Politically, I am an independent who leans Republican. I attend church. I am 69 years old. I am a man. I am not very interested in politics.. Question: Do you think the federal government should be doing more about the opioid drug addiction issue, should be doing less, or is it currently doing the right amount?

Answer choices:
1. Should be doing more 2. Should be doing less 3. Is doing the right amount

When answering, respond ONLY with a single number that corresponds to the option you choose. Do not include any additional text, punctuation or explanation.

My answer is
",1
fake_3997,4,3,1,2,30,2,2,"Today is November 5, 2024. Racially, I am asian. Ideologically, I am slightly liberal. Politically, I am a strong democrat. I do not attend church. I am 30 years old. I am a woman. I am somewhat interested in politics.. Question: Do you think the federal government should be doing more about the opioid drug addiction issue, should be doing less, or is it currently doing the right amount?

Answer choices:
1. Should be doing more 2. Should be doing less 3. Is doing the right amount

When answering, respond ONLY with a single number that corresponds to the option you choose. Do not include any additional text, punctuation or explanation.

My answer is
",1
fake_3998,1,5,6,1,80,1,2,"Today is November 5, 2024. Racially, I am white. Ideologically, I am slightly conservative. Politically, I am a weak Republican. I attend church. I am 80 years old. I am a man. I am somewhat interested in politics.. Question: Do you think the federal government should be doing more about the opioid drug addiction issue, should be doing less, or is it currently doing the right amount?

Answer choices:
1. Should be doing more 2. Should be doing less 3. Is doing the right amount

When answering, respond ONLY with a single number that corresponds to the option you choose. Do not include any additional text, punctuation or explanation.

My answer is
",1
fake_3999,3,4,1,1,32,2,2,"Today is November 5, 2024. Racially, I am hispanic. Ideologically, I am moderate. Politically, I am a strong democrat. I attend church. I am 32 years old. I am a woman. I am somewhat interested in politics.. Question: Do you think the federal government should be doing more about the opioid drug addiction issue, should be doing less, or is it currently doing the right amount?

Answer choices:
1. Should be doing more 2. Should be doing less 3. Is doing the right amount

When answering, respond ONLY with a single number that corresponds to the option you choose. Do not include any additional text, punctuation or explanation.

My answer is
",1
fake_4000,2,5,3,1,73,2,1,"Today is November 5, 2024. Racially, I am black. Ideologically, I am slightly conservative. Politically, I am an independent who leans Democratic. I attend church. I am 73 years old. I am a woman. I am very interested in politics.. Question: Do you think the federal government should be doing more about the opioid drug addiction issue, should be doing less, or is it currently doing the right amount?

Answer choices:
1. Should be doing more 2. Should be doing less 3. Is doing the right amount

When answering, respond ONLY with a single number that corresponds to the option you choose. Do not include any additional text, punctuation or explanation.

My answer is
",1
fake_4001,1,99,1,1,32,1,2,"Today is November 5, 2024. Racially, I am white. Politically, I am a strong democrat. I attend church. I am 32 years old. I am a man. I am somewhat interested in politics.. Question: Do you think the federal government should be doing more about the opioid drug addiction issue, should be doing less, or is it currently doing the right amount?

Answer choices:
1. Should be doing more 2. Should be doing less 3. Is doing the right amount

When answering, respond ONLY with a single number that corresponds to the option you choose. Do not include any additional text, punctuation or explanation.

My answer is
",1
fake_4002,1,7,1,1,-2,1,1,"Today is November 5, 2024. Racially, I am white. Ideologically, I am extremely conservative. Politically, I am a strong democrat. I attend church. I am a man. I am very interested in politics.. Question: Do you think the federal government should be doing more about the opioid drug addiction issue, should be doing less, or is it currently doing the right amount?

Answer choices:
1. Should be doing more 2. Should be doing less 3. Is doing the right amount

When answering, respond ONLY with a single number that corresponds to the option you choose. Do not include any additional text, punctuation or explanation.

My answer is
",1
fake_4003,1,4,7,1,48,1,3,"Today is November 5, 2024. Racially, I am white. Ideologically, I am moderate. Politically, I am a strong Republican. I attend church. I am 48 years old. I am a man. I am not very interested in politics.. Question: Do you think the federal government should be doing more about the opioid drug addiction issue, should be doing less, or is it currently doing the right amount?

Answer choices:
1. Should be doing more 2. Should be doing less 3. Is doing the right amount

When answering, respond ONLY with a single number that corresponds to the option you choose. Do not include any additional text, punctuation or explanation.

My answer is
",1
fake_4004,1,6,4,2,60,1,2,"Today is November 5, 2024. Racially, I am white. Ideologically, I am conservative. Politically, I am an independent. I do not attend church. I am 60 years old. I am a man. I am somewhat interested in politics.. Question: Do you think the federal government should be doing more about the opioid drug addiction issue, should be doing less, or is it currently doing the right amount?

Answer choices:
1. Should be doing more 2. Should be doing less 3. Is doing the right amount

When answering, respond ONLY with a single number that corresponds to the option you choose. Do not include any additional text, punctuation or explanation.

My answer is
",1
fake_4005,2,4,4,2,29,2,3,"Today is November 5, 2024. Racially, I am black. Ideologically, I am moderate. Politically, I am an independent. I do not attend church. I am 29 years old. I am a woman. I am not very interested in politics.. Question: Do you think the federal government should be doing more about the opioid drug addiction issue, should be doing less, or is it currently doing the right amount?

Answer choices:
1. Should be doing more 2. Should be doing less 3. Is doing the right amount

When answering, respond ONLY with a single number that corresponds to the option you choose. Do not include any additional text, punctuation or explanation.

My answer is
",1
fake_4006,1,6,3,1,47,1,3,"Today is November 5, 2024. Racially, I am white. Ideologically, I am conservative. Politically, I am an independent who leans Democratic. I attend church. I am 47 years old. I am a man. I am not very interested in politics.. Question: Do you think the federal government should be doing more about the opioid drug addiction issue, should be doing less, or is it currently doing the right amount?

Answer choices:
1. Should be doing more 2. Should be doing less 3. Is doing the right amount

When answering, respond ONLY with a single number that corresponds to the option you choose. Do not include any additional text, punctuation or explanation.

My answer is
",1
fake_4007,1,4,7,2,38,1,2,"Today is November 5, 2024. Racially, I am white. Ideologically, I am moderate. Politically, I am a strong Republican. I do not attend church. I am 38 years old. I am a man. I am somewhat interested in politics.. Question: Do you think the federal government should be doing more about the opioid drug addiction issue, should be doing less, or is it currently doing the right amount?

Answer choices:
1. Should be doing more 2. Should be doing less 3. Is doing the right amount

When answering, respond ONLY with a single number that corresponds to the option you choose. Do not include any additional text, punctuation or explanation.

My answer is
",1
fake_4008,1,99,3,2,40,2,2,"Today is November 5, 2024. Racially, I am white. Politically, I am an independent who leans Democratic. I do not attend church. I am 40 years old. I am a woman. I am somewhat interested in politics.. Question: Do you think the federal government should be doing more about the opioid drug addiction issue, should be doing less, or is it currently doing the right amount?

Answer choices:
1. Should be doing more 2. Should be doing less 3. Is doing the right amount

When answering, respond ONLY with a single number that corresponds to the option you choose. Do not include any additional text, punctuation or explanation.

My answer is
",1
fake_4009,5,4,2,2,74,2,2,"Today is November 5, 2024. Racially, I am native American. Ideologically, I am moderate. Politically, I am a weak Democrat. I do not attend church. I am 74 years old. I am a woman. I am somewhat interested in politics.. Question: Do you think the federal government should be doing more about the opioid drug addiction issue, should be doing less, or is it currently doing the right amount?

Answer choices:
1. Should be doing more 2. Should be doing less 3. Is doing the right amount

When answering, respond ONLY with a single number that corresponds to the option you choose. Do not include any additional text, punctuation or explanation.

My answer is
",1
fake_4010,1,6,7,1,33,1,3,"Today is November 5, 2024. Racially, I am white. Ideologically, I am conservative. Politically, I am a strong Republican. I attend church. I am 33 years old. I am a man. I am not very interested in politics.. Question: Do you think the federal government should be doing more about the opioid drug addiction issue, should be doing less, or is it currently doing the right amount?

Answer choices:
1. Should be doing more 2. Should be doing less 3. Is doing the right amount

When answering, respond ONLY with a single number that corresponds to the option you choose. Do not include any additional text, punctuation or explanation.

My answer is
",1
fake_4011,1,99,6,2,26,1,2,"Today is November 5, 2024. Racially, I am white. Politically, I am a weak Republican. I do not attend church. I am 26 years old. I am a man. I am somewhat interested in politics.. Question: Do you think the federal government should be doing more about the opioid drug addiction issue, should be doing less, or is it currently doing the right amount?

Answer choices:
1. Should be doing more 2. Should be doing less 3. Is doing the right amount

When answering, respond ONLY with a single number that corresponds to the option you choose. Do not include any additional text, punctuation or explanation.

My answer is
",1
fake_4012,2,6,7,1,50,1,2,"Today is November 5, 2024. Racially, I am black. Ideologically, I am conservative. Politically, I am a strong Republican. I attend church. I am 50 years old. I am a man. I am somewhat interested in politics.. Question: Do you think the federal government should be doing more about the opioid drug addiction issue, should be doing less, or is it currently doing the right amount?

Answer choices:
1. Should be doing more 2. Should be doing less 3. Is doing the right amount

When answering, respond ONLY with a single number that corresponds to the option you choose. Do not include any additional text, punctuation or explanation.

My answer is
",1
fake_4013,1,3,2,2,-2,2,1,"Today is November 5, 2024. Racially, I am white. Ideologically, I am slightly liberal. Politically, I am a weak Democrat. I do not attend church. I am a woman. I am very interested in politics.. Question: Do you think the federal government should be doing more about the opioid drug addiction issue, should be doing less, or is it currently doing the right amount?

Answer choices:
1. Should be doing more 2. Should be doing less 3. Is doing the right amount

When answering, respond ONLY with a single number that corresponds to the option you choose. Do not include any additional text, punctuation or explanation.

My answer is
",1
fake_4014,1,-9,7,2,67,2,1,"Today is November 5, 2024. Racially, I am white. Politically, I am a strong Republican. I do not attend church. I am 67 years old. I am a woman. I am very interested in politics.. Question: Do you think the federal government should be doing more about the opioid drug addiction issue, should be doing less, or is it currently doing the right amount?

Answer choices:
1. Should be doing more 2. Should be doing less 3. Is doing the right amount

When answering, respond ONLY with a single number that corresponds to the option you choose. Do not include any additional text, punctuation or explanation.

My answer is
",1
fake_4015,1,2,7,2,36,1,-6,"Today is November 5, 2024. Racially, I am white. Ideologically, I am liberal. Politically, I am a strong Republican. I do not attend church. I am 36 years old. I am a man.. Question: Do you think the federal government should be doing more about the opioid drug addiction issue, should be doing less, or is it currently doing the right amount?

Answer choices:
1. Should be doing more 2. Should be doing less 3. Is doing the right amount

When answering, respond ONLY with a single number that corresponds to the option you choose. Do not include any additional text, punctuation or explanation.

My answer is
",1
fake_4016,3,1,1,1,53,2,-6,"Today is November 5, 2024. Racially, I am hispanic. Ideologically, I am extremely liberal. Politically, I am a strong democrat. I attend church. I am 53 years old. I am a woman.. Question: Do you think the federal government should be doing more about the opioid drug addiction issue, should be doing less, or is it currently doing the right amount?

Answer choices:
1. Should be doing more 2. Should be doing less 3. Is doing the right amount

When answering, respond ONLY with a single number that corresponds to the option you choose. Do not include any additional text, punctuation or explanation.

My answer is
",1
fake_4017,1,4,7,1,35,2,2,"Today is November 5, 2024. Racially, I am white. Ideologically, I am moderate. Politically, I am a strong Republican. I attend church. I am 35 years old. I am a woman. I am somewhat interested in politics.. Question: Do you think the federal government should be doing more about the opioid drug addiction issue, should be doing less, or is it currently doing the right amount?

Answer choices:
1. Should be doing more 2. Should be doing less 3. Is doing the right amount

When answering, respond ONLY with a single number that corresponds to the option you choose. Do not include any additional text, punctuation or explanation.

My answer is
",1
fake_4018,1,4,4,1,76,2,1,"Today is November 5, 2024. Racially, I am white. Ideologically, I am moderate. Politically, I am an independent. I attend church. I am 76 years old. I am a woman. I am very interested in politics.. Question: Do you think the federal government should be doing more about the opioid drug addiction issue, should be doing less, or is it currently doing the right amount?

Answer choices:
1. Should be doing more 2. Should be doing less 3. Is doing the right amount

When answering, respond ONLY with a single number that corresponds to the option you choose. Do not include any additional text, punctuation or explanation.

My answer is
",1
fake_4019,1,3,7,1,80,2,3,"Today is November 5, 2024. Racially, I am white. Ideologically, I am slightly liberal. Politically, I am a strong Republican. I attend church. I am 80 years old. I am a woman. I am not very interested in politics.. Question: Do you think the federal government should be doing more about the opioid drug addiction issue, should be doing less, or is it currently doing the right amount?

Answer choices:
1. Should be doing more 2. Should be doing less 3. Is doing the right amount

When answering, respond ONLY with a single number that corresponds to the option you choose. Do not include any additional text, punctuation or explanation.

My answer is
",1
fake_4020,2,99,2,1,79,2,3,"Today is November 5, 2024. Racially, I am black. Politically, I am a weak Democrat. I attend church. I am 79 years old. I am a woman. I am not very interested in politics.. Question: Do you think the federal government should be doing more about the opioid drug addiction issue, should be doing less, or is it currently doing the right amount?

Answer choices:
1. Should be doing more 2. Should be doing less 3. Is doing the right amount

When answering, respond ONLY with a single number that corresponds to the option you choose. Do not include any additional text, punctuation or explanation.

My answer is
",1
fake_4021,2,2,2,2,21,1,-6,"Today is November 5, 2024. Racially, I am black. Ideologically, I am liberal. Politically, I am a weak Democrat. I do not attend church. I am 21 years old. I am a man.. Question: Do you think the federal government should be doing more about the opioid drug addiction issue, should be doing less, or is it currently doing the right amount?

Answer choices:
1. Should be doing more 2. Should be doing less 3. Is doing the right amount

When answering, respond ONLY with a single number that corresponds to the option you choose. Do not include any additional text, punctuation or explanation.

My answer is
",1
fake_4022,3,7,7,1,50,2,2,"Today is November 5, 2024. Racially, I am hispanic. Ideologically, I am extremely conservative. Politically, I am a strong Republican. I attend church. I am 50 years old. I am a woman. I am somewhat interested in politics.. Question: Do you think the federal government should be doing more about the opioid drug addiction issue, should be doing less, or is it currently doing the right amount?

Answer choices:
1. Should be doing more 2. Should be doing less 3. Is doing the right amount

When answering, respond ONLY with a single number that corresponds to the option you choose. Do not include any additional text, punctuation or explanation.

My answer is
",1
fake_4023,1,-9,6,1,80,2,3,"Today is November 5, 2024. Racially, I am white. Politically, I am a weak Republican. I attend church. I am 80 years old. I am a woman. I am not very interested in politics.. Question: Do you think the federal government should be doing more about the opioid drug addiction issue, should be doing less, or is it currently doing the right amount?

Answer choices:
1. Should be doing more 2. Should be doing less 3. Is doing the right amount

When answering, respond ONLY with a single number that corresponds to the option you choose. Do not include any additional text, punctuation or explanation.

My answer is
",1
fake_4024,1,2,2,2,57,1,2,"Today is November 5, 2024. Racially, I am white. Ideologically, I am liberal. Politically, I am a weak Democrat. I do not attend church. I am 57 years old. I am a man. I am somewhat interested in politics.. Question: Do you think the federal government should be doing more about the opioid drug addiction issue, should be doing less, or is it currently doing the right amount?

Answer choices:
1. Should be doing more 2. Should be doing less 3. Is doing the right amount

When answering, respond ONLY with a single number that corresponds to the option you choose. Do not include any additional text, punctuation or explanation.

My answer is
",1
fake_4025,1,6,1,1,80,1,4,"Today is November 5, 2024. Racially, I am white. Ideologically, I am conservative. Politically, I am a strong democrat. I attend church. I am 80 years old. I am a man. I am not at all interested in politics.. Question: Do you think the federal government should be doing more about the opioid drug addiction issue, should be doing less, or is it currently doing the right amount?

Answer choices:
1. Should be doing more 2. Should be doing less 3. Is doing the right amount

When answering, respond ONLY with a single number that corresponds to the option you choose. Do not include any additional text, punctuation or explanation.

My answer is
",1
fake_4026,4,7,1,1,59,2,-6,"Today is November 5, 2024. Racially, I am asian. Ideologically, I am extremely conservative. Politically, I am a strong democrat. I attend church. I am 59 years old. I am a woman.. Question: Do you think the federal government should be doing more about the opioid drug addiction issue, should be doing less, or is it currently doing the right amount?

Answer choices:
1. Should be doing more 2. Should be doing less 3. Is doing the right amount

When answering, respond ONLY with a single number that corresponds to the option you choose. Do not include any additional text, punctuation or explanation.

My answer is
",1
fake_4027,1,7,2,1,37,2,-6,"Today is November 5, 2024. Racially, I am white. Ideologically, I am extremely conservative. Politically, I am a weak Democrat. I attend church. I am 37 years old. I am a woman.. Question: Do you think the federal government should be doing more about the opioid drug addiction issue, should be doing less, or is it currently doing the right amount?

Answer choices:
1. Should be doing more 2. Should be doing less 3. Is doing the right amount

When answering, respond ONLY with a single number that corresponds to the option you choose. Do not include any additional text, punctuation or explanation.

My answer is
",1
fake_4028,1,5,4,1,37,2,2,"Today is November 5, 2024. Racially, I am white. Ideologically, I am slightly conservative. Politically, I am an independent. I attend church. I am 37 years old. I am a woman. I am somewhat interested in politics.. Question: Do you think the federal government should be doing more about the opioid drug addiction issue, should be doing less, or is it currently doing the right amount?

Answer choices:
1. Should be doing more 2. Should be doing less 3. Is doing the right amount

When answering, respond ONLY with a single number that corresponds to the option you choose. Do not include any additional text, punctuation or explanation.

My answer is
",1
fake_4029,1,99,5,1,65,2,1,"Today is November 5, 2024. Racially, I am white. Politically, I am an independent who leans Republican. I attend church. I am 65 years old. I am a woman. I am very interested in politics.. Question: Do you think the federal government should be doing more about the opioid drug addiction issue, should be doing less, or is it currently doing the right amount?

Answer choices:
1. Should be doing more 2. Should be doing less 3. Is doing the right amount

When answering, respond ONLY with a single number that corresponds to the option you choose. Do not include any additional text, punctuation or explanation.

My answer is
",1
fake_4030,1,6,6,2,64,1,3,"Today is November 5, 2024. Racially, I am white. Ideologically, I am conservative. Politically, I am a weak Republican. I do not attend church. I am 64 years old. I am a man. I am not very interested in politics.. Question: Do you think the federal government should be doing more about the opioid drug addiction issue, should be doing less, or is it currently doing the right amount?

Answer choices:
1. Should be doing more 2. Should be doing less 3. Is doing the right amount

When answering, respond ONLY with a single number that corresponds to the option you choose. Do not include any additional text, punctuation or explanation.

My answer is
",1
fake_4031,1,1,1,2,30,2,2,"Today is November 5, 2024. Racially, I am white. Ideologically, I am extremely liberal. Politically, I am a strong democrat. I do not attend church. I am 30 years old. I am a woman. I am somewhat interested in politics.. Question: Do you think the federal government should be doing more about the opioid drug addiction issue, should be doing less, or is it currently doing the right amount?

Answer choices:
1. Should be doing more 2. Should be doing less 3. Is doing the right amount

When answering, respond ONLY with a single number that corresponds to the option you choose. Do not include any additional text, punctuation or explanation.

My answer is
",1
fake_4032,2,3,1,-1,70,2,1,"Today is November 5, 2024. Racially, I am black. Ideologically, I am slightly liberal. Politically, I am a strong democrat. I am 70 years old. I am a woman. I am very interested in politics.. Question: Do you think the federal government should be doing more about the opioid drug addiction issue, should be doing less, or is it currently doing the right amount?

Answer choices:
1. Should be doing more 2. Should be doing less 3. Is doing the right amount

When answering, respond ONLY with a single number that corresponds to the option you choose. Do not include any additional text, punctuation or explanation.

My answer is
",1
fake_4033,1,4,7,2,80,1,1,"Today is November 5, 2024. Racially, I am white. Ideologically, I am moderate. Politically, I am a strong Republican. I do not attend church. I am 80 years old. I am a man. I am very interested in politics.. Question: Do you think the federal government should be doing more about the opioid drug addiction issue, should be doing less, or is it currently doing the right amount?

Answer choices:
1. Should be doing more 2. Should be doing less 3. Is doing the right amount

When answering, respond ONLY with a single number that corresponds to the option you choose. Do not include any additional text, punctuation or explanation.

My answer is
",1
fake_4034,1,7,7,2,62,1,2,"Today is November 5, 2024. Racially, I am white. Ideologically, I am extremely conservative. Politically, I am a strong Republican. I do not attend church. I am 62 years old. I am a man. I am somewhat interested in politics.. Question: Do you think the federal government should be doing more about the opioid drug addiction issue, should be doing less, or is it currently doing the right amount?

Answer choices:
1. Should be doing more 2. Should be doing less 3. Is doing the right amount

When answering, respond ONLY with a single number that corresponds to the option you choose. Do not include any additional text, punctuation or explanation.

My answer is
",2
fake_4035,1,3,3,2,28,1,2,"Today is November 5, 2024. Racially, I am white. Ideologically, I am slightly liberal. Politically, I am an independent who leans Democratic. I do not attend church. I am 28 years old. I am a man. I am somewhat interested in politics.. Question: Do you think the federal government should be doing more about the opioid drug addiction issue, should be doing less, or is it currently doing the right amount?

Answer choices:
1. Should be doing more 2. Should be doing less 3. Is doing the right amount

When answering, respond ONLY with a single number that corresponds to the option you choose. Do not include any additional text, punctuation or explanation.

My answer is
",1
fake_4036,1,4,1,1,80,2,3,"Today is November 5, 2024. Racially, I am white. Ideologically, I am moderate. Politically, I am a strong democrat. I attend church. I am 80 years old. I am a woman. I am not very interested in politics.. Question: Do you think the federal government should be doing more about the opioid drug addiction issue, should be doing less, or is it currently doing the right amount?

Answer choices:
1. Should be doing more 2. Should be doing less 3. Is doing the right amount

When answering, respond ONLY with a single number that corresponds to the option you choose. Do not include any additional text, punctuation or explanation.

My answer is
",1
fake_4037,1,5,4,2,61,2,-6,"Today is November 5, 2024. Racially, I am white. Ideologically, I am slightly conservative. Politically, I am an independent. I do not attend church. I am 61 years old. I am a woman.. Question: Do you think the federal government should be doing more about the opioid drug addiction issue, should be doing less, or is it currently doing the right amount?

Answer choices:
1. Should be doing more 2. Should be doing less 3. Is doing the right amount

When answering, respond ONLY with a single number that corresponds to the option you choose. Do not include any additional text, punctuation or explanation.

My answer is
",1
fake_4038,1,99,5,2,48,1,4,"Today is November 5, 2024. Racially, I am white. Politically, I am an independent who leans Republican. I do not attend church. I am 48 years old. I am a man. I am not at all interested in politics.. Question: Do you think the federal government should be doing more about the opioid drug addiction issue, should be doing less, or is it currently doing the right amount?

Answer choices:
1. Should be doing more 2. Should be doing less 3. Is doing the right amount

When answering, respond ONLY with a single number that corresponds to the option you choose. Do not include any additional text, punctuation or explanation.

My answer is
",1
fake_4039,3,2,1,1,76,2,1,"Today is November 5, 2024. Racially, I am hispanic. Ideologically, I am liberal. Politically, I am a strong democrat. I attend church. I am 76 years old. I am a woman. I am very interested in politics.. Question: Do you think the federal government should be doing more about the opioid drug addiction issue, should be doing less, or is it currently doing the right amount?

Answer choices:
1. Should be doing more 2. Should be doing less 3. Is doing the right amount

When answering, respond ONLY with a single number that corresponds to the option you choose. Do not include any additional text, punctuation or explanation.

My answer is
",1
fake_4040,1,2,1,1,36,2,2,"Today is November 5, 2024. Racially, I am white. Ideologically, I am liberal. Politically, I am a strong democrat. I attend church. I am 36 years old. I am a woman. I am somewhat interested in politics.. Question: Do you think the federal government should be doing more about the opioid drug addiction issue, should be doing less, or is it currently doing the right amount?

Answer choices:
1. Should be doing more 2. Should be doing less 3. Is doing the right amount

When answering, respond ONLY with a single number that corresponds to the option you choose. Do not include any additional text, punctuation or explanation.

My answer is
",1
fake_4041,1,3,7,1,74,2,-6,"Today is November 5, 2024. Racially, I am white. Ideologically, I am slightly liberal. Politically, I am a strong Republican. I attend church. I am 74 years old. I am a woman.. Question: Do you think the federal government should be doing more about the opioid drug addiction issue, should be doing less, or is it currently doing the right amount?

Answer choices:
1. Should be doing more 2. Should be doing less 3. Is doing the right amount

When answering, respond ONLY with a single number that corresponds to the option you choose. Do not include any additional text, punctuation or explanation.

My answer is
",1
fake_4042,1,4,5,1,33,1,2,"Today is November 5, 2024. Racially, I am white. Ideologically, I am moderate. Politically, I am an independent who leans Republican. I attend church. I am 33 years old. I am a man. I am somewhat interested in politics.. Question: Do you think the federal government should be doing more about the opioid drug addiction issue, should be doing less, or is it currently doing the right amount?

Answer choices:
1. Should be doing more 2. Should be doing less 3. Is doing the right amount

When answering, respond ONLY with a single number that corresponds to the option you choose. Do not include any additional text, punctuation or explanation.

My answer is
",1
fake_4043,3,5,1,1,40,2,2,"Today is November 5, 2024. Racially, I am hispanic. Ideologically, I am slightly conservative. Politically, I am a strong democrat. I attend church. I am 40 years old. I am a woman. I am somewhat interested in politics.. Question: Do you think the federal government should be doing more about the opioid drug addiction issue, should be doing less, or is it currently doing the right amount?

Answer choices:
1. Should be doing more 2. Should be doing less 3. Is doing the right amount

When answering, respond ONLY with a single number that corresponds to the option you choose. Do not include any additional text, punctuation or explanation.

My answer is
",1
fake_4044,2,6,1,1,53,1,3,"Today is November 5, 2024. Racially, I am black. Ideologically, I am conservative. Politically, I am a strong democrat. I attend church. I am 53 years old. I am a man. I am not very interested in politics.. Question: Do you think the federal government should be doing more about the opioid drug addiction issue, should be doing less, or is it currently doing the right amount?

Answer choices:
1. Should be doing more 2. Should be doing less 3. Is doing the right amount

When answering, respond ONLY with a single number that corresponds to the option you choose. Do not include any additional text, punctuation or explanation.

My answer is
",1
fake_4045,1,-9,5,1,21,2,2,"Today is November 5, 2024. Racially, I am white. Politically, I am an independent who leans Republican. I attend church. I am 21 years old. I am a woman. I am somewhat interested in politics.. Question: Do you think the federal government should be doing more about the opioid drug addiction issue, should be doing less, or is it currently doing the right amount?

Answer choices:
1. Should be doing more 2. Should be doing less 3. Is doing the right amount

When answering, respond ONLY with a single number that corresponds to the option you choose. Do not include any additional text, punctuation or explanation.

My answer is
",1
fake_4046,1,99,3,2,-2,1,-6,"Today is November 5, 2024. Racially, I am white. Politically, I am an independent who leans Democratic. I do not attend church. I am a man.. Question: Do you think the federal government should be doing more about the opioid drug addiction issue, should be doing less, or is it currently doing the right amount?

Answer choices:
1. Should be doing more 2. Should be doing less 3. Is doing the right amount

When answering, respond ONLY with a single number that corresponds to the option you choose. Do not include any additional text, punctuation or explanation.

My answer is
",1
fake_4047,3,-9,7,-1,48,1,1,"Today is November 5, 2024. Racially, I am hispanic. Politically, I am a strong Republican. I am 48 years old. I am a man. I am very interested in politics.. Question: Do you think the federal government should be doing more about the opioid drug addiction issue, should be doing less, or is it currently doing the right amount?

Answer choices:
1. Should be doing more 2. Should be doing less 3. Is doing the right amount

When answering, respond ONLY with a single number that corresponds to the option you choose. Do not include any additional text, punctuation or explanation.

My answer is
",1
fake_4048,1,5,4,2,80,2,1,"Today is November 5, 2024. Racially, I am white. Ideologically, I am slightly conservative. Politically, I am an independent. I do not attend church. I am 80 years old. I am a woman. I am very interested in politics.. Question: Do you think the federal government should be doing more about the opioid drug addiction issue, should be doing less, or is it currently doing the right amount?

Answer choices:
1. Should be doing more 2. Should be doing less 3. Is doing the right amount

When answering, respond ONLY with a single number that corresponds to the option you choose. Do not include any additional text, punctuation or explanation.

My answer is
",1
fake_4049,1,6,7,2,69,2,2,"Today is November 5, 2024. Racially, I am white. Ideologically, I am conservative. Politically, I am a strong Republican. I do not attend church. I am 69 years old. I am a woman. I am somewhat interested in politics.. Question: Do you think the federal government should be doing more about the opioid drug addiction issue, should be doing less, or is it currently doing the right amount?

Answer choices:
1. Should be doing more 2. Should be doing less 3. Is doing the right amount

When answering, respond ONLY with a single number that corresponds to the option you choose. Do not include any additional text, punctuation or explanation.

My answer is
",1
fake_4050,2,99,6,1,71,1,1,"Today is November 5, 2024. Racially, I am black. Politically, I am a weak Republican. I attend church. I am 71 years old. I am a man. I am very interested in politics.. Question: Do you think the federal government should be doing more about the opioid drug addiction issue, should be doing less, or is it currently doing the right amount?

Answer choices:
1. Should be doing more 2. Should be doing less 3. Is doing the right amount

When answering, respond ONLY with a single number that corresponds to the option you choose. Do not include any additional text, punctuation or explanation.

My answer is
",1
fake_4051,1,3,1,1,69,2,4,"Today is November 5, 2024. Racially, I am white. Ideologically, I am slightly liberal. Politically, I am a strong democrat. I attend church. I am 69 years old. I am a woman. I am not at all interested in politics.. Question: Do you think the federal government should be doing more about the opioid drug addiction issue, should be doing less, or is it currently doing the right amount?

Answer choices:
1. Should be doing more 2. Should be doing less 3. Is doing the right amount

When answering, respond ONLY with a single number that corresponds to the option you choose. Do not include any additional text, punctuation or explanation.

My answer is
",1
fake_4052,1,99,1,1,61,2,-6,"Today is November 5, 2024. Racially, I am white. Politically, I am a strong democrat. I attend church. I am 61 years old. I am a woman.. Question: Do you think the federal government should be doing more about the opioid drug addiction issue, should be doing less, or is it currently doing the right amount?

Answer choices:
1. Should be doing more 2. Should be doing less 3. Is doing the right amount

When answering, respond ONLY with a single number that corresponds to the option you choose. Do not include any additional text, punctuation or explanation.

My answer is
",1
fake_4053,3,4,3,1,43,2,2,"Today is November 5, 2024. Racially, I am hispanic. Ideologically, I am moderate. Politically, I am an independent who leans Democratic. I attend church. I am 43 years old. I am a woman. I am somewhat interested in politics.. Question: Do you think the federal government should be doing more about the opioid drug addiction issue, should be doing less, or is it currently doing the right amount?

Answer choices:
1. Should be doing more 2. Should be doing less 3. Is doing the right amount

When answering, respond ONLY with a single number that corresponds to the option you choose. Do not include any additional text, punctuation or explanation.

My answer is
",1
fake_4054,1,3,3,1,38,1,2,"Today is November 5, 2024. Racially, I am white. Ideologically, I am slightly liberal. Politically, I am an independent who leans Democratic. I attend church. I am 38 years old. I am a man. I am somewhat interested in politics.. Question: Do you think the federal government should be doing more about the opioid drug addiction issue, should be doing less, or is it currently doing the right amount?

Answer choices:
1. Should be doing more 2. Should be doing less 3. Is doing the right amount

When answering, respond ONLY with a single number that corresponds to the option you choose. Do not include any additional text, punctuation or explanation.

My answer is
",1
fake_4055,1,1,7,1,61,1,2,"Today is November 5, 2024. Racially, I am white. Ideologically, I am extremely liberal. Politically, I am a strong Republican. I attend church. I am 61 years old. I am a man. I am somewhat interested in politics.. Question: Do you think the federal government should be doing more about the opioid drug addiction issue, should be doing less, or is it currently doing the right amount?

Answer choices:
1. Should be doing more 2. Should be doing less 3. Is doing the right amount

When answering, respond ONLY with a single number that corresponds to the option you choose. Do not include any additional text, punctuation or explanation.

My answer is
",1
fake_4056,1,6,6,1,31,2,2,"Today is November 5, 2024. Racially, I am white. Ideologically, I am conservative. Politically, I am a weak Republican. I attend church. I am 31 years old. I am a woman. I am somewhat interested in politics.. Question: Do you think the federal government should be doing more about the opioid drug addiction issue, should be doing less, or is it currently doing the right amount?

Answer choices:
1. Should be doing more 2. Should be doing less 3. Is doing the right amount

When answering, respond ONLY with a single number that corresponds to the option you choose. Do not include any additional text, punctuation or explanation.

My answer is
",1
fake_4057,3,2,1,1,74,1,1,"Today is November 5, 2024. Racially, I am hispanic. Ideologically, I am liberal. Politically, I am a strong democrat. I attend church. I am 74 years old. I am a man. I am very interested in politics.. Question: Do you think the federal government should be doing more about the opioid drug addiction issue, should be doing less, or is it currently doing the right amount?

Answer choices:
1. Should be doing more 2. Should be doing less 3. Is doing the right amount

When answering, respond ONLY with a single number that corresponds to the option you choose. Do not include any additional text, punctuation or explanation.

My answer is
",1
fake_4058,1,4,6,2,37,2,2,"Today is November 5, 2024. Racially, I am white. Ideologically, I am moderate. Politically, I am a weak Republican. I do not attend church. I am 37 years old. I am a woman. I am somewhat interested in politics.. Question: Do you think the federal government should be doing more about the opioid drug addiction issue, should be doing less, or is it currently doing the right amount?

Answer choices:
1. Should be doing more 2. Should be doing less 3. Is doing the right amount

When answering, respond ONLY with a single number that corresponds to the option you choose. Do not include any additional text, punctuation or explanation.

My answer is
",1
fake_4059,1,3,1,2,80,2,1,"Today is November 5, 2024. Racially, I am white. Ideologically, I am slightly liberal. Politically, I am a strong democrat. I do not attend church. I am 80 years old. I am a woman. I am very interested in politics.. Question: Do you think the federal government should be doing more about the opioid drug addiction issue, should be doing less, or is it currently doing the right amount?

Answer choices:
1. Should be doing more 2. Should be doing less 3. Is doing the right amount

When answering, respond ONLY with a single number that corresponds to the option you choose. Do not include any additional text, punctuation or explanation.

My answer is
",1
fake_4060,-9,6,1,2,39,2,-6,"Today is November 5, 2024. Ideologically, I am conservative. Politically, I am a strong democrat. I do not attend church. I am 39 years old. I am a woman.. Question: Do you think the federal government should be doing more about the opioid drug addiction issue, should be doing less, or is it currently doing the right amount?

Answer choices:
1. Should be doing more 2. Should be doing less 3. Is doing the right amount

When answering, respond ONLY with a single number that corresponds to the option you choose. Do not include any additional text, punctuation or explanation.

My answer is
",1
fake_4061,2,2,1,1,28,2,1,"Today is November 5, 2024. Racially, I am black. Ideologically, I am liberal. Politically, I am a strong democrat. I attend church. I am 28 years old. I am a woman. I am very interested in politics.. Question: Do you think the federal government should be doing more about the opioid drug addiction issue, should be doing less, or is it currently doing the right amount?

Answer choices:
1. Should be doing more 2. Should be doing less 3. Is doing the right amount

When answering, respond ONLY with a single number that corresponds to the option you choose. Do not include any additional text, punctuation or explanation.

My answer is
",1
fake_4062,1,5,2,2,66,2,2,"Today is November 5, 2024. Racially, I am white. Ideologically, I am slightly conservative. Politically, I am a weak Democrat. I do not attend church. I am 66 years old. I am a woman. I am somewhat interested in politics.. Question: Do you think the federal government should be doing more about the opioid drug addiction issue, should be doing less, or is it currently doing the right amount?

Answer choices:
1. Should be doing more 2. Should be doing less 3. Is doing the right amount

When answering, respond ONLY with a single number that corresponds to the option you choose. Do not include any additional text, punctuation or explanation.

My answer is
",1
fake_4063,2,5,7,-1,40,1,3,"Today is November 5, 2024. Racially, I am black. Ideologically, I am slightly conservative. Politically, I am a strong Republican. I am 40 years old. I am a man. I am not very interested in politics.. Question: Do you think the federal government should be doing more about the opioid drug addiction issue, should be doing less, or is it currently doing the right amount?

Answer choices:
1. Should be doing more 2. Should be doing less 3. Is doing the right amount

When answering, respond ONLY with a single number that corresponds to the option you choose. Do not include any additional text, punctuation or explanation.

My answer is
",1
fake_4064,1,6,4,2,42,1,2,"Today is November 5, 2024. Racially, I am white. Ideologically, I am conservative. Politically, I am an independent. I do not attend church. I am 42 years old. I am a man. I am somewhat interested in politics.. Question: Do you think the federal government should be doing more about the opioid drug addiction issue, should be doing less, or is it currently doing the right amount?

Answer choices:
1. Should be doing more 2. Should be doing less 3. Is doing the right amount

When answering, respond ONLY with a single number that corresponds to the option you choose. Do not include any additional text, punctuation or explanation.

My answer is
",1
fake_4065,1,3,4,2,74,2,3,"Today is November 5, 2024. Racially, I am white. Ideologically, I am slightly liberal. Politically, I am an independent. I do not attend church. I am 74 years old. I am a woman. I am not very interested in politics.. Question: Do you think the federal government should be doing more about the opioid drug addiction issue, should be doing less, or is it currently doing the right amount?

Answer choices:
1. Should be doing more 2. Should be doing less 3. Is doing the right amount

When answering, respond ONLY with a single number that corresponds to the option you choose. Do not include any additional text, punctuation or explanation.

My answer is
",1
fake_4066,1,6,1,2,24,1,3,"Today is November 5, 2024. Racially, I am white. Ideologically, I am conservative. Politically, I am a strong democrat. I do not attend church. I am 24 years old. I am a man. I am not very interested in politics.. Question: Do you think the federal government should be doing more about the opioid drug addiction issue, should be doing less, or is it currently doing the right amount?

Answer choices:
1. Should be doing more 2. Should be doing less 3. Is doing the right amount

When answering, respond ONLY with a single number that corresponds to the option you choose. Do not include any additional text, punctuation or explanation.

My answer is
",1
fake_4067,3,3,3,1,40,1,1,"Today is November 5, 2024. Racially, I am hispanic. Ideologically, I am slightly liberal. Politically, I am an independent who leans Democratic. I attend church. I am 40 years old. I am a man. I am very interested in politics.. Question: Do you think the federal government should be doing more about the opioid drug addiction issue, should be doing less, or is it currently doing the right amount?

Answer choices:
1. Should be doing more 2. Should be doing less 3. Is doing the right amount

When answering, respond ONLY with a single number that corresponds to the option you choose. Do not include any additional text, punctuation or explanation.

My answer is
",1
fake_4068,1,4,4,-1,80,1,2,"Today is November 5, 2024. Racially, I am white. Ideologically, I am moderate. Politically, I am an independent. I am 80 years old. I am a man. I am somewhat interested in politics.. Question: Do you think the federal government should be doing more about the opioid drug addiction issue, should be doing less, or is it currently doing the right amount?

Answer choices:
1. Should be doing more 2. Should be doing less 3. Is doing the right amount

When answering, respond ONLY with a single number that corresponds to the option you choose. Do not include any additional text, punctuation or explanation.

My answer is
",1
fake_4069,1,99,7,2,34,1,1,"Today is November 5, 2024. Racially, I am white. Politically, I am a strong Republican. I do not attend church. I am 34 years old. I am a man. I am very interested in politics.. Question: Do you think the federal government should be doing more about the opioid drug addiction issue, should be doing less, or is it currently doing the right amount?

Answer choices:
1. Should be doing more 2. Should be doing less 3. Is doing the right amount

When answering, respond ONLY with a single number that corresponds to the option you choose. Do not include any additional text, punctuation or explanation.

My answer is
",2
fake_4070,3,99,5,1,35,2,2,"Today is November 5, 2024. Racially, I am hispanic. Politically, I am an independent who leans Republican. I attend church. I am 35 years old. I am a woman. I am somewhat interested in politics.. Question: Do you think the federal government should be doing more about the opioid drug addiction issue, should be doing less, or is it currently doing the right amount?

Answer choices:
1. Should be doing more 2. Should be doing less 3. Is doing the right amount

When answering, respond ONLY with a single number that corresponds to the option you choose. Do not include any additional text, punctuation or explanation.

My answer is
",1
fake_4071,1,4,2,2,-2,1,3,"Today is November 5, 2024. Racially, I am white. Ideologically, I am moderate. Politically, I am a weak Democrat. I do not attend church. I am a man. I am not very interested in politics.. Question: Do you think the federal government should be doing more about the opioid drug addiction issue, should be doing less, or is it currently doing the right amount?

Answer choices:
1. Should be doing more 2. Should be doing less 3. Is doing the right amount

When answering, respond ONLY with a single number that corresponds to the option you choose. Do not include any additional text, punctuation or explanation.

My answer is
",1
fake_4072,1,7,5,1,42,2,2,"Today is November 5, 2024. Racially, I am white. Ideologically, I am extremely conservative. Politically, I am an independent who leans Republican. I attend church. I am 42 years old. I am a woman. I am somewhat interested in politics.. Question: Do you think the federal government should be doing more about the opioid drug addiction issue, should be doing less, or is it currently doing the right amount?

Answer choices:
1. Should be doing more 2. Should be doing less 3. Is doing the right amount

When answering, respond ONLY with a single number that corresponds to the option you choose. Do not include any additional text, punctuation or explanation.

My answer is
",1
fake_4073,2,6,5,2,23,2,2,"Today is November 5, 2024. Racially, I am black. Ideologically, I am conservative. Politically, I am an independent who leans Republican. I do not attend church. I am 23 years old. I am a woman. I am somewhat interested in politics.. Question: Do you think the federal government should be doing more about the opioid drug addiction issue, should be doing less, or is it currently doing the right amount?

Answer choices:
1. Should be doing more 2. Should be doing less 3. Is doing the right amount

When answering, respond ONLY with a single number that corresponds to the option you choose. Do not include any additional text, punctuation or explanation.

My answer is
",1
fake_4074,1,4,6,2,71,1,2,"Today is November 5, 2024. Racially, I am white. Ideologically, I am moderate. Politically, I am a weak Republican. I do not attend church. I am 71 years old. I am a man. I am somewhat interested in politics.. Question: Do you think the federal government should be doing more about the opioid drug addiction issue, should be doing less, or is it currently doing the right amount?

Answer choices:
1. Should be doing more 2. Should be doing less 3. Is doing the right amount

When answering, respond ONLY with a single number that corresponds to the option you choose. Do not include any additional text, punctuation or explanation.

My answer is
",1
fake_4075,1,6,4,2,29,1,2,"Today is November 5, 2024. Racially, I am white. Ideologically, I am conservative. Politically, I am an independent. I do not attend church. I am 29 years old. I am a man. I am somewhat interested in politics.. Question: Do you think the federal government should be doing more about the opioid drug addiction issue, should be doing less, or is it currently doing the right amount?

Answer choices:
1. Should be doing more 2. Should be doing less 3. Is doing the right amount

When answering, respond ONLY with a single number that corresponds to the option you choose. Do not include any additional text, punctuation or explanation.

My answer is
",1
fake_4076,2,7,4,1,41,1,1,"Today is November 5, 2024. Racially, I am black. Ideologically, I am extremely conservative. Politically, I am an independent. I attend church. I am 41 years old. I am a man. I am very interested in politics.. Question: Do you think the federal government should be doing more about the opioid drug addiction issue, should be doing less, or is it currently doing the right amount?

Answer choices:
1. Should be doing more 2. Should be doing less 3. Is doing the right amount

When answering, respond ONLY with a single number that corresponds to the option you choose. Do not include any additional text, punctuation or explanation.

My answer is
",1
fake_4077,1,4,3,1,50,2,2,"Today is November 5, 2024. Racially, I am white. Ideologically, I am moderate. Politically, I am an independent who leans Democratic. I attend church. I am 50 years old. I am a woman. I am somewhat interested in politics.. Question: Do you think the federal government should be doing more about the opioid drug addiction issue, should be doing less, or is it currently doing the right amount?

Answer choices:
1. Should be doing more 2. Should be doing less 3. Is doing the right amount

When answering, respond ONLY with a single number that corresponds to the option you choose. Do not include any additional text, punctuation or explanation.

My answer is
",1
fake_4078,2,4,5,2,26,2,2,"Today is November 5, 2024. Racially, I am black. Ideologically, I am moderate. Politically, I am an independent who leans Republican. I do not attend church. I am 26 years old. I am a woman. I am somewhat interested in politics.. Question: Do you think the federal government should be doing more about the opioid drug addiction issue, should be doing less, or is it currently doing the right amount?

Answer choices:
1. Should be doing more 2. Should be doing less 3. Is doing the right amount

When answering, respond ONLY with a single number that corresponds to the option you choose. Do not include any additional text, punctuation or explanation.

My answer is
",1
fake_4079,1,4,3,2,28,1,4,"Today is November 5, 2024. Racially, I am white. Ideologically, I am moderate. Politically, I am an independent who leans Democratic. I do not attend church. I am 28 years old. I am a man. I am not at all interested in politics.. Question: Do you think the federal government should be doing more about the opioid drug addiction issue, should be doing less, or is it currently doing the right amount?

Answer choices:
1. Should be doing more 2. Should be doing less 3. Is doing the right amount

When answering, respond ONLY with a single number that corresponds to the option you choose. Do not include any additional text, punctuation or explanation.

My answer is
",1
fake_4080,1,4,2,1,80,2,3,"Today is November 5, 2024. Racially, I am white. Ideologically, I am moderate. Politically, I am a weak Democrat. I attend church. I am 80 years old. I am a woman. I am not very interested in politics.. Question: Do you think the federal government should be doing more about the opioid drug addiction issue, should be doing less, or is it currently doing the right amount?

Answer choices:
1. Should be doing more 2. Should be doing less 3. Is doing the right amount

When answering, respond ONLY with a single number that corresponds to the option you choose. Do not include any additional text, punctuation or explanation.

My answer is
",1
fake_4081,1,6,5,1,63,1,2,"Today is November 5, 2024. Racially, I am white. Ideologically, I am conservative. Politically, I am an independent who leans Republican. I attend church. I am 63 years old. I am a man. I am somewhat interested in politics.. Question: Do you think the federal government should be doing more about the opioid drug addiction issue, should be doing less, or is it currently doing the right amount?

Answer choices:
1. Should be doing more 2. Should be doing less 3. Is doing the right amount

When answering, respond ONLY with a single number that corresponds to the option you choose. Do not include any additional text, punctuation or explanation.

My answer is
",1
fake_4082,2,2,1,2,64,2,1,"Today is November 5, 2024. Racially, I am black. Ideologically, I am liberal. Politically, I am a strong democrat. I do not attend church. I am 64 years old. I am a woman. I am very interested in politics.. Question: Do you think the federal government should be doing more about the opioid drug addiction issue, should be doing less, or is it currently doing the right amount?

Answer choices:
1. Should be doing more 2. Should be doing less 3. Is doing the right amount

When answering, respond ONLY with a single number that corresponds to the option you choose. Do not include any additional text, punctuation or explanation.

My answer is
",1
fake_4083,1,4,3,1,72,2,3,"Today is November 5, 2024. Racially, I am white. Ideologically, I am moderate. Politically, I am an independent who leans Democratic. I attend church. I am 72 years old. I am a woman. I am not very interested in politics.. Question: Do you think the federal government should be doing more about the opioid drug addiction issue, should be doing less, or is it currently doing the right amount?

Answer choices:
1. Should be doing more 2. Should be doing less 3. Is doing the right amount

When answering, respond ONLY with a single number that corresponds to the option you choose. Do not include any additional text, punctuation or explanation.

My answer is
",1
fake_4084,1,7,2,-9,35,2,-5,"Today is November 5, 2024. Racially, I am white. Ideologically, I am extremely conservative. Politically, I am a weak Democrat. I am 35 years old. I am a woman.. Question: Do you think the federal government should be doing more about the opioid drug addiction issue, should be doing less, or is it currently doing the right amount?

Answer choices:
1. Should be doing more 2. Should be doing less 3. Is doing the right amount

When answering, respond ONLY with a single number that corresponds to the option you choose. Do not include any additional text, punctuation or explanation.

My answer is
",1
fake_4085,1,4,4,1,60,1,2,"Today is November 5, 2024. Racially, I am white. Ideologically, I am moderate. Politically, I am an independent. I attend church. I am 60 years old. I am a man. I am somewhat interested in politics.. Question: Do you think the federal government should be doing more about the opioid drug addiction issue, should be doing less, or is it currently doing the right amount?

Answer choices:
1. Should be doing more 2. Should be doing less 3. Is doing the right amount

When answering, respond ONLY with a single number that corresponds to the option you choose. Do not include any additional text, punctuation or explanation.

My answer is
",1
fake_4086,2,2,4,1,75,1,2,"Today is November 5, 2024. Racially, I am black. Ideologically, I am liberal. Politically, I am an independent. I attend church. I am 75 years old. I am a man. I am somewhat interested in politics.. Question: Do you think the federal government should be doing more about the opioid drug addiction issue, should be doing less, or is it currently doing the right amount?

Answer choices:
1. Should be doing more 2. Should be doing less 3. Is doing the right amount

When answering, respond ONLY with a single number that corresponds to the option you choose. Do not include any additional text, punctuation or explanation.

My answer is
",1
fake_4087,1,7,1,2,53,1,2,"Today is November 5, 2024. Racially, I am white. Ideologically, I am extremely conservative. Politically, I am a strong democrat. I do not attend church. I am 53 years old. I am a man. I am somewhat interested in politics.. Question: Do you think the federal government should be doing more about the opioid drug addiction issue, should be doing less, or is it currently doing the right amount?

Answer choices:
1. Should be doing more 2. Should be doing less 3. Is doing the right amount

When answering, respond ONLY with a single number that corresponds to the option you choose. Do not include any additional text, punctuation or explanation.

My answer is
",1
fake_4088,1,1,4,2,35,2,-6,"Today is November 5, 2024. Racially, I am white. Ideologically, I am extremely liberal. Politically, I am an independent. I do not attend church. I am 35 years old. I am a woman.. Question: Do you think the federal government should be doing more about the opioid drug addiction issue, should be doing less, or is it currently doing the right amount?

Answer choices:
1. Should be doing more 2. Should be doing less 3. Is doing the right amount

When answering, respond ONLY with a single number that corresponds to the option you choose. Do not include any additional text, punctuation or explanation.

My answer is
",1
fake_4089,3,4,3,2,51,2,2,"Today is November 5, 2024. Racially, I am hispanic. Ideologically, I am moderate. Politically, I am an independent who leans Democratic. I do not attend church. I am 51 years old. I am a woman. I am somewhat interested in politics.. Question: Do you think the federal government should be doing more about the opioid drug addiction issue, should be doing less, or is it currently doing the right amount?

Answer choices:
1. Should be doing more 2. Should be doing less 3. Is doing the right amount

When answering, respond ONLY with a single number that corresponds to the option you choose. Do not include any additional text, punctuation or explanation.

My answer is
",1
fake_4090,2,6,2,1,57,2,-6,"Today is November 5, 2024. Racially, I am black. Ideologically, I am conservative. Politically, I am a weak Democrat. I attend church. I am 57 years old. I am a woman.. Question: Do you think the federal government should be doing more about the opioid drug addiction issue, should be doing less, or is it currently doing the right amount?

Answer choices:
1. Should be doing more 2. Should be doing less 3. Is doing the right amount

When answering, respond ONLY with a single number that corresponds to the option you choose. Do not include any additional text, punctuation or explanation.

My answer is
",1
fake_4091,1,99,5,1,80,1,2,"Today is November 5, 2024. Racially, I am white. Politically, I am an independent who leans Republican. I attend church. I am 80 years old. I am a man. I am somewhat interested in politics.. Question: Do you think the federal government should be doing more about the opioid drug addiction issue, should be doing less, or is it currently doing the right amount?

Answer choices:
1. Should be doing more 2. Should be doing less 3. Is doing the right amount

When answering, respond ONLY with a single number that corresponds to the option you choose. Do not include any additional text, punctuation or explanation.

My answer is
",1
fake_4092,1,6,5,2,80,1,3,"Today is November 5, 2024. Racially, I am white. Ideologically, I am conservative. Politically, I am an independent who leans Republican. I do not attend church. I am 80 years old. I am a man. I am not very interested in politics.. Question: Do you think the federal government should be doing more about the opioid drug addiction issue, should be doing less, or is it currently doing the right amount?

Answer choices:
1. Should be doing more 2. Should be doing less 3. Is doing the right amount

When answering, respond ONLY with a single number that corresponds to the option you choose. Do not include any additional text, punctuation or explanation.

My answer is
",1
fake_4093,1,2,7,1,76,1,2,"Today is November 5, 2024. Racially, I am white. Ideologically, I am liberal. Politically, I am a strong Republican. I attend church. I am 76 years old. I am a man. I am somewhat interested in politics.. Question: Do you think the federal government should be doing more about the opioid drug addiction issue, should be doing less, or is it currently doing the right amount?

Answer choices:
1. Should be doing more 2. Should be doing less 3. Is doing the right amount

When answering, respond ONLY with a single number that corresponds to the option you choose. Do not include any additional text, punctuation or explanation.

My answer is
",1
fake_4094,2,2,5,2,74,1,-6,"Today is November 5, 2024. Racially, I am black. Ideologically, I am liberal. Politically, I am an independent who leans Republican. I do not attend church. I am 74 years old. I am a man.. Question: Do you think the federal government should be doing more about the opioid drug addiction issue, should be doing less, or is it currently doing the right amount?

Answer choices:
1. Should be doing more 2. Should be doing less 3. Is doing the right amount

When answering, respond ONLY with a single number that corresponds to the option you choose. Do not include any additional text, punctuation or explanation.

My answer is
",1
fake_4095,6,99,1,1,66,1,3,"Today is November 5, 2024. Politically, I am a strong democrat. I attend church. I am 66 years old. I am a man. I am not very interested in politics.. Question: Do you think the federal government should be doing more about the opioid drug addiction issue, should be doing less, or is it currently doing the right amount?

Answer choices:
1. Should be doing more 2. Should be doing less 3. Is doing the right amount

When answering, respond ONLY with a single number that corresponds to the option you choose. Do not include any additional text, punctuation or explanation.

My answer is
",1
fake_4096,1,7,7,1,67,1,2,"Today is November 5, 2024. Racially, I am white. Ideologically, I am extremely conservative. Politically, I am a strong Republican. I attend church. I am 67 years old. I am a man. I am somewhat interested in politics.. Question: Do you think the federal government should be doing more about the opioid drug addiction issue, should be doing less, or is it currently doing the right amount?

Answer choices:
1. Should be doing more 2. Should be doing less 3. Is doing the right amount

When answering, respond ONLY with a single number that corresponds to the option you choose. Do not include any additional text, punctuation or explanation.

My answer is
",1
fake_4097,2,1,2,2,44,1,2,"Today is November 5, 2024. Racially, I am black. Ideologically, I am extremely liberal. Politically, I am a weak Democrat. I do not attend church. I am 44 years old. I am a man. I am somewhat interested in politics.. Question: Do you think the federal government should be doing more about the opioid drug addiction issue, should be doing less, or is it currently doing the right amount?

Answer choices:
1. Should be doing more 2. Should be doing less 3. Is doing the right amount

When answering, respond ONLY with a single number that corresponds to the option you choose. Do not include any additional text, punctuation or explanation.

My answer is
",1
fake_4098,3,3,1,1,70,2,2,"Today is November 5, 2024. Racially, I am hispanic. Ideologically, I am slightly liberal. Politically, I am a strong democrat. I attend church. I am 70 years old. I am a woman. I am somewhat interested in politics.. Question: Do you think the federal government should be doing more about the opioid drug addiction issue, should be doing less, or is it currently doing the right amount?

Answer choices:
1. Should be doing more 2. Should be doing less 3. Is doing the right amount

When answering, respond ONLY with a single number that corresponds to the option you choose. Do not include any additional text, punctuation or explanation.

My answer is
",1
fake_4099,-9,7,7,1,68,2,1,"Today is November 5, 2024. Ideologically, I am extremely conservative. Politically, I am a strong Republican. I attend church. I am 68 years old. I am a woman. I am very interested in politics.. Question: Do you think the federal government should be doing more about the opioid drug addiction issue, should be doing less, or is it currently doing the right amount?

Answer choices:
1. Should be doing more 2. Should be doing less 3. Is doing the right amount

When answering, respond ONLY with a single number that corresponds to the option you choose. Do not include any additional text, punctuation or explanation.

My answer is
",1
fake_4100,1,6,1,2,77,2,2,"Today is November 5, 2024. Racially, I am white. Ideologically, I am conservative. Politically, I am a strong democrat. I do not attend church. I am 77 years old. I am a woman. I am somewhat interested in politics.. Question: Do you think the federal government should be doing more about the opioid drug addiction issue, should be doing less, or is it currently doing the right amount?

Answer choices:
1. Should be doing more 2. Should be doing less 3. Is doing the right amount

When answering, respond ONLY with a single number that corresponds to the option you choose. Do not include any additional text, punctuation or explanation.

My answer is
",1
fake_4101,1,6,7,2,69,2,2,"Today is November 5, 2024. Racially, I am white. Ideologically, I am conservative. Politically, I am a strong Republican. I do not attend church. I am 69 years old. I am a woman. I am somewhat interested in politics.. Question: Do you think the federal government should be doing more about the opioid drug addiction issue, should be doing less, or is it currently doing the right amount?

Answer choices:
1. Should be doing more 2. Should be doing less 3. Is doing the right amount

When answering, respond ONLY with a single number that corresponds to the option you choose. Do not include any additional text, punctuation or explanation.

My answer is
",1
fake_4102,1,2,1,2,69,1,-6,"Today is November 5, 2024. Racially, I am white. Ideologically, I am liberal. Politically, I am a strong democrat. I do not attend church. I am 69 years old. I am a man.. Question: Do you think the federal government should be doing more about the opioid drug addiction issue, should be doing less, or is it currently doing the right amount?

Answer choices:
1. Should be doing more 2. Should be doing less 3. Is doing the right amount

When answering, respond ONLY with a single number that corresponds to the option you choose. Do not include any additional text, punctuation or explanation.

My answer is
",1
fake_4103,6,4,6,1,74,1,4,"Today is November 5, 2024. Ideologically, I am moderate. Politically, I am a weak Republican. I attend church. I am 74 years old. I am a man. I am not at all interested in politics.. Question: Do you think the federal government should be doing more about the opioid drug addiction issue, should be doing less, or is it currently doing the right amount?

Answer choices:
1. Should be doing more 2. Should be doing less 3. Is doing the right amount

When answering, respond ONLY with a single number that corresponds to the option you choose. Do not include any additional text, punctuation or explanation.

My answer is
",1
fake_4104,2,6,3,1,58,2,1,"Today is November 5, 2024. Racially, I am black. Ideologically, I am conservative. Politically, I am an independent who leans Democratic. I attend church. I am 58 years old. I am a woman. I am very interested in politics.. Question: Do you think the federal government should be doing more about the opioid drug addiction issue, should be doing less, or is it currently doing the right amount?

Answer choices:
1. Should be doing more 2. Should be doing less 3. Is doing the right amount

When answering, respond ONLY with a single number that corresponds to the option you choose. Do not include any additional text, punctuation or explanation.

My answer is
",1
fake_4105,2,3,5,1,68,2,4,"Today is November 5, 2024. Racially, I am black. Ideologically, I am slightly liberal. Politically, I am an independent who leans Republican. I attend church. I am 68 years old. I am a woman. I am not at all interested in politics.. Question: Do you think the federal government should be doing more about the opioid drug addiction issue, should be doing less, or is it currently doing the right amount?

Answer choices:
1. Should be doing more 2. Should be doing less 3. Is doing the right amount

When answering, respond ONLY with a single number that corresponds to the option you choose. Do not include any additional text, punctuation or explanation.

My answer is
",1
fake_4106,1,4,5,1,30,1,2,"Today is November 5, 2024. Racially, I am white. Ideologically, I am moderate. Politically, I am an independent who leans Republican. I attend church. I am 30 years old. I am a man. I am somewhat interested in politics.. Question: Do you think the federal government should be doing more about the opioid drug addiction issue, should be doing less, or is it currently doing the right amount?

Answer choices:
1. Should be doing more 2. Should be doing less 3. Is doing the right amount

When answering, respond ONLY with a single number that corresponds to the option you choose. Do not include any additional text, punctuation or explanation.

My answer is
",1
fake_4107,4,2,7,1,38,2,1,"Today is November 5, 2024. Racially, I am asian. Ideologically, I am liberal. Politically, I am a strong Republican. I attend church. I am 38 years old. I am a woman. I am very interested in politics.. Question: Do you think the federal government should be doing more about the opioid drug addiction issue, should be doing less, or is it currently doing the right amount?

Answer choices:
1. Should be doing more 2. Should be doing less 3. Is doing the right amount

When answering, respond ONLY with a single number that corresponds to the option you choose. Do not include any additional text, punctuation or explanation.

My answer is
",1
fake_4108,6,7,4,1,76,1,2,"Today is November 5, 2024. Ideologically, I am extremely conservative. Politically, I am an independent. I attend church. I am 76 years old. I am a man. I am somewhat interested in politics.. Question: Do you think the federal government should be doing more about the opioid drug addiction issue, should be doing less, or is it currently doing the right amount?

Answer choices:
1. Should be doing more 2. Should be doing less 3. Is doing the right amount

When answering, respond ONLY with a single number that corresponds to the option you choose. Do not include any additional text, punctuation or explanation.

My answer is
",1
fake_4109,1,2,4,1,48,2,2,"Today is November 5, 2024. Racially, I am white. Ideologically, I am liberal. Politically, I am an independent. I attend church. I am 48 years old. I am a woman. I am somewhat interested in politics.. Question: Do you think the federal government should be doing more about the opioid drug addiction issue, should be doing less, or is it currently doing the right amount?

Answer choices:
1. Should be doing more 2. Should be doing less 3. Is doing the right amount

When answering, respond ONLY with a single number that corresponds to the option you choose. Do not include any additional text, punctuation or explanation.

My answer is
",1
fake_4110,1,99,7,1,40,2,2,"Today is November 5, 2024. Racially, I am white. Politically, I am a strong Republican. I attend church. I am 40 years old. I am a woman. I am somewhat interested in politics.. Question: Do you think the federal government should be doing more about the opioid drug addiction issue, should be doing less, or is it currently doing the right amount?

Answer choices:
1. Should be doing more 2. Should be doing less 3. Is doing the right amount

When answering, respond ONLY with a single number that corresponds to the option you choose. Do not include any additional text, punctuation or explanation.

My answer is
",1
fake_4111,4,4,6,2,69,1,2,"Today is November 5, 2024. Racially, I am asian. Ideologically, I am moderate. Politically, I am a weak Republican. I do not attend church. I am 69 years old. I am a man. I am somewhat interested in politics.. Question: Do you think the federal government should be doing more about the opioid drug addiction issue, should be doing less, or is it currently doing the right amount?

Answer choices:
1. Should be doing more 2. Should be doing less 3. Is doing the right amount

When answering, respond ONLY with a single number that corresponds to the option you choose. Do not include any additional text, punctuation or explanation.

My answer is
",1
fake_4112,1,5,5,2,28,2,2,"Today is November 5, 2024. Racially, I am white. Ideologically, I am slightly conservative. Politically, I am an independent who leans Republican. I do not attend church. I am 28 years old. I am a woman. I am somewhat interested in politics.. Question: Do you think the federal government should be doing more about the opioid drug addiction issue, should be doing less, or is it currently doing the right amount?

Answer choices:
1. Should be doing more 2. Should be doing less 3. Is doing the right amount

When answering, respond ONLY with a single number that corresponds to the option you choose. Do not include any additional text, punctuation or explanation.

My answer is
",1
fake_4113,1,6,7,2,60,1,1,"Today is November 5, 2024. Racially, I am white. Ideologically, I am conservative. Politically, I am a strong Republican. I do not attend church. I am 60 years old. I am a man. I am very interested in politics.. Question: Do you think the federal government should be doing more about the opioid drug addiction issue, should be doing less, or is it currently doing the right amount?

Answer choices:
1. Should be doing more 2. Should be doing less 3. Is doing the right amount

When answering, respond ONLY with a single number that corresponds to the option you choose. Do not include any additional text, punctuation or explanation.

My answer is
",1
fake_4114,4,99,3,1,42,1,2,"Today is November 5, 2024. Racially, I am asian. Politically, I am an independent who leans Democratic. I attend church. I am 42 years old. I am a man. I am somewhat interested in politics.. Question: Do you think the federal government should be doing more about the opioid drug addiction issue, should be doing less, or is it currently doing the right amount?

Answer choices:
1. Should be doing more 2. Should be doing less 3. Is doing the right amount

When answering, respond ONLY with a single number that corresponds to the option you choose. Do not include any additional text, punctuation or explanation.

My answer is
",1
fake_4115,1,99,3,1,55,1,1,"Today is November 5, 2024. Racially, I am white. Politically, I am an independent who leans Democratic. I attend church. I am 55 years old. I am a man. I am very interested in politics.. Question: Do you think the federal government should be doing more about the opioid drug addiction issue, should be doing less, or is it currently doing the right amount?

Answer choices:
1. Should be doing more 2. Should be doing less 3. Is doing the right amount

When answering, respond ONLY with a single number that corresponds to the option you choose. Do not include any additional text, punctuation or explanation.

My answer is
",1
fake_4116,1,99,7,1,37,2,4,"Today is November 5, 2024. Racially, I am white. Politically, I am a strong Republican. I attend church. I am 37 years old. I am a woman. I am not at all interested in politics.. Question: Do you think the federal government should be doing more about the opioid drug addiction issue, should be doing less, or is it currently doing the right amount?

Answer choices:
1. Should be doing more 2. Should be doing less 3. Is doing the right amount

When answering, respond ONLY with a single number that corresponds to the option you choose. Do not include any additional text, punctuation or explanation.

My answer is
",1
fake_4117,1,99,7,2,59,1,1,"Today is November 5, 2024. Racially, I am white. Politically, I am a strong Republican. I do not attend church. I am 59 years old. I am a man. I am very interested in politics.. Question: Do you think the federal government should be doing more about the opioid drug addiction issue, should be doing less, or is it currently doing the right amount?

Answer choices:
1. Should be doing more 2. Should be doing less 3. Is doing the right amount

When answering, respond ONLY with a single number that corresponds to the option you choose. Do not include any additional text, punctuation or explanation.

My answer is
",2
fake_4118,2,99,1,1,68,2,2,"Today is November 5, 2024. Racially, I am black. Politically, I am a strong democrat. I attend church. I am 68 years old. I am a woman. I am somewhat interested in politics.. Question: Do you think the federal government should be doing more about the opioid drug addiction issue, should be doing less, or is it currently doing the right amount?

Answer choices:
1. Should be doing more 2. Should be doing less 3. Is doing the right amount

When answering, respond ONLY with a single number that corresponds to the option you choose. Do not include any additional text, punctuation or explanation.

My answer is
",1
fake_4119,1,6,1,-1,32,2,2,"Today is November 5, 2024. Racially, I am white. Ideologically, I am conservative. Politically, I am a strong democrat. I am 32 years old. I am a woman. I am somewhat interested in politics.. Question: Do you think the federal government should be doing more about the opioid drug addiction issue, should be doing less, or is it currently doing the right amount?

Answer choices:
1. Should be doing more 2. Should be doing less 3. Is doing the right amount

When answering, respond ONLY with a single number that corresponds to the option you choose. Do not include any additional text, punctuation or explanation.

My answer is
",1
fake_4120,1,4,1,1,26,1,2,"Today is November 5, 2024. Racially, I am white. Ideologically, I am moderate. Politically, I am a strong democrat. I attend church. I am 26 years old. I am a man. I am somewhat interested in politics.. Question: Do you think the federal government should be doing more about the opioid drug addiction issue, should be doing less, or is it currently doing the right amount?

Answer choices:
1. Should be doing more 2. Should be doing less 3. Is doing the right amount

When answering, respond ONLY with a single number that corresponds to the option you choose. Do not include any additional text, punctuation or explanation.

My answer is
",1
fake_4121,1,6,1,1,67,1,2,"Today is November 5, 2024. Racially, I am white. Ideologically, I am conservative. Politically, I am a strong democrat. I attend church. I am 67 years old. I am a man. I am somewhat interested in politics.. Question: Do you think the federal government should be doing more about the opioid drug addiction issue, should be doing less, or is it currently doing the right amount?

Answer choices:
1. Should be doing more 2. Should be doing less 3. Is doing the right amount

When answering, respond ONLY with a single number that corresponds to the option you choose. Do not include any additional text, punctuation or explanation.

My answer is
",1
fake_4122,1,4,6,2,58,2,2,"Today is November 5, 2024. Racially, I am white. Ideologically, I am moderate. Politically, I am a weak Republican. I do not attend church. I am 58 years old. I am a woman. I am somewhat interested in politics.. Question: Do you think the federal government should be doing more about the opioid drug addiction issue, should be doing less, or is it currently doing the right amount?

Answer choices:
1. Should be doing more 2. Should be doing less 3. Is doing the right amount

When answering, respond ONLY with a single number that corresponds to the option you choose. Do not include any additional text, punctuation or explanation.

My answer is
",1
fake_4123,1,7,3,2,44,2,2,"Today is November 5, 2024. Racially, I am white. Ideologically, I am extremely conservative. Politically, I am an independent who leans Democratic. I do not attend church. I am 44 years old. I am a woman. I am somewhat interested in politics.. Question: Do you think the federal government should be doing more about the opioid drug addiction issue, should be doing less, or is it currently doing the right amount?

Answer choices:
1. Should be doing more 2. Should be doing less 3. Is doing the right amount

When answering, respond ONLY with a single number that corresponds to the option you choose. Do not include any additional text, punctuation or explanation.

My answer is
",1
fake_4124,1,3,7,1,47,1,1,"Today is November 5, 2024. Racially, I am white. Ideologically, I am slightly liberal. Politically, I am a strong Republican. I attend church. I am 47 years old. I am a man. I am very interested in politics.. Question: Do you think the federal government should be doing more about the opioid drug addiction issue, should be doing less, or is it currently doing the right amount?

Answer choices:
1. Should be doing more 2. Should be doing less 3. Is doing the right amount

When answering, respond ONLY with a single number that corresponds to the option you choose. Do not include any additional text, punctuation or explanation.

My answer is
",1
fake_4125,1,2,3,1,59,2,2,"Today is November 5, 2024. Racially, I am white. Ideologically, I am liberal. Politically, I am an independent who leans Democratic. I attend church. I am 59 years old. I am a woman. I am somewhat interested in politics.. Question: Do you think the federal government should be doing more about the opioid drug addiction issue, should be doing less, or is it currently doing the right amount?

Answer choices:
1. Should be doing more 2. Should be doing less 3. Is doing the right amount

When answering, respond ONLY with a single number that corresponds to the option you choose. Do not include any additional text, punctuation or explanation.

My answer is
",1
fake_4126,1,4,1,2,55,2,2,"Today is November 5, 2024. Racially, I am white. Ideologically, I am moderate. Politically, I am a strong democrat. I do not attend church. I am 55 years old. I am a woman. I am somewhat interested in politics.. Question: Do you think the federal government should be doing more about the opioid drug addiction issue, should be doing less, or is it currently doing the right amount?

Answer choices:
1. Should be doing more 2. Should be doing less 3. Is doing the right amount

When answering, respond ONLY with a single number that corresponds to the option you choose. Do not include any additional text, punctuation or explanation.

My answer is
",1
fake_4127,1,6,3,1,51,2,3,"Today is November 5, 2024. Racially, I am white. Ideologically, I am conservative. Politically, I am an independent who leans Democratic. I attend church. I am 51 years old. I am a woman. I am not very interested in politics.. Question: Do you think the federal government should be doing more about the opioid drug addiction issue, should be doing less, or is it currently doing the right amount?

Answer choices:
1. Should be doing more 2. Should be doing less 3. Is doing the right amount

When answering, respond ONLY with a single number that corresponds to the option you choose. Do not include any additional text, punctuation or explanation.

My answer is
",1
fake_4128,4,4,2,1,59,2,-6,"Today is November 5, 2024. Racially, I am asian. Ideologically, I am moderate. Politically, I am a weak Democrat. I attend church. I am 59 years old. I am a woman.. Question: Do you think the federal government should be doing more about the opioid drug addiction issue, should be doing less, or is it currently doing the right amount?

Answer choices:
1. Should be doing more 2. Should be doing less 3. Is doing the right amount

When answering, respond ONLY with a single number that corresponds to the option you choose. Do not include any additional text, punctuation or explanation.

My answer is
",1
fake_4129,3,4,2,1,30,2,2,"Today is November 5, 2024. Racially, I am hispanic. Ideologically, I am moderate. Politically, I am a weak Democrat. I attend church. I am 30 years old. I am a woman. I am somewhat interested in politics.. Question: Do you think the federal government should be doing more about the opioid drug addiction issue, should be doing less, or is it currently doing the right amount?

Answer choices:
1. Should be doing more 2. Should be doing less 3. Is doing the right amount

When answering, respond ONLY with a single number that corresponds to the option you choose. Do not include any additional text, punctuation or explanation.

My answer is
",1
fake_4130,-9,4,4,2,80,2,2,"Today is November 5, 2024. Ideologically, I am moderate. Politically, I am an independent. I do not attend church. I am 80 years old. I am a woman. I am somewhat interested in politics.. Question: Do you think the federal government should be doing more about the opioid drug addiction issue, should be doing less, or is it currently doing the right amount?

Answer choices:
1. Should be doing more 2. Should be doing less 3. Is doing the right amount

When answering, respond ONLY with a single number that corresponds to the option you choose. Do not include any additional text, punctuation or explanation.

My answer is
",1
fake_4131,1,5,3,2,51,1,2,"Today is November 5, 2024. Racially, I am white. Ideologically, I am slightly conservative. Politically, I am an independent who leans Democratic. I do not attend church. I am 51 years old. I am a man. I am somewhat interested in politics.. Question: Do you think the federal government should be doing more about the opioid drug addiction issue, should be doing less, or is it currently doing the right amount?

Answer choices:
1. Should be doing more 2. Should be doing less 3. Is doing the right amount

When answering, respond ONLY with a single number that corresponds to the option you choose. Do not include any additional text, punctuation or explanation.

My answer is
",1
fake_4132,1,5,7,1,49,1,1,"Today is November 5, 2024. Racially, I am white. Ideologically, I am slightly conservative. Politically, I am a strong Republican. I attend church. I am 49 years old. I am a man. I am very interested in politics.. Question: Do you think the federal government should be doing more about the opioid drug addiction issue, should be doing less, or is it currently doing the right amount?

Answer choices:
1. Should be doing more 2. Should be doing less 3. Is doing the right amount

When answering, respond ONLY with a single number that corresponds to the option you choose. Do not include any additional text, punctuation or explanation.

My answer is
",1
fake_4133,1,5,5,1,66,1,2,"Today is November 5, 2024. Racially, I am white. Ideologically, I am slightly conservative. Politically, I am an independent who leans Republican. I attend church. I am 66 years old. I am a man. I am somewhat interested in politics.. Question: Do you think the federal government should be doing more about the opioid drug addiction issue, should be doing less, or is it currently doing the right amount?

Answer choices:
1. Should be doing more 2. Should be doing less 3. Is doing the right amount

When answering, respond ONLY with a single number that corresponds to the option you choose. Do not include any additional text, punctuation or explanation.

My answer is
",1
fake_4134,2,4,1,1,71,2,3,"Today is November 5, 2024. Racially, I am black. Ideologically, I am moderate. Politically, I am a strong democrat. I attend church. I am 71 years old. I am a woman. I am not very interested in politics.. Question: Do you think the federal government should be doing more about the opioid drug addiction issue, should be doing less, or is it currently doing the right amount?

Answer choices:
1. Should be doing more 2. Should be doing less 3. Is doing the right amount

When answering, respond ONLY with a single number that corresponds to the option you choose. Do not include any additional text, punctuation or explanation.

My answer is
",1
fake_4135,1,99,6,-1,-2,1,2,"Today is November 5, 2024. Racially, I am white. Politically, I am a weak Republican. I am a man. I am somewhat interested in politics.. Question: Do you think the federal government should be doing more about the opioid drug addiction issue, should be doing less, or is it currently doing the right amount?

Answer choices:
1. Should be doing more 2. Should be doing less 3. Is doing the right amount

When answering, respond ONLY with a single number that corresponds to the option you choose. Do not include any additional text, punctuation or explanation.

My answer is
",1
fake_4136,3,5,1,2,42,1,1,"Today is November 5, 2024. Racially, I am hispanic. Ideologically, I am slightly conservative. Politically, I am a strong democrat. I do not attend church. I am 42 years old. I am a man. I am very interested in politics.. Question: Do you think the federal government should be doing more about the opioid drug addiction issue, should be doing less, or is it currently doing the right amount?

Answer choices:
1. Should be doing more 2. Should be doing less 3. Is doing the right amount

When answering, respond ONLY with a single number that corresponds to the option you choose. Do not include any additional text, punctuation or explanation.

My answer is
",1
fake_4137,2,5,3,1,35,1,1,"Today is November 5, 2024. Racially, I am black. Ideologically, I am slightly conservative. Politically, I am an independent who leans Democratic. I attend church. I am 35 years old. I am a man. I am very interested in politics.. Question: Do you think the federal government should be doing more about the opioid drug addiction issue, should be doing less, or is it currently doing the right amount?

Answer choices:
1. Should be doing more 2. Should be doing less 3. Is doing the right amount

When answering, respond ONLY with a single number that corresponds to the option you choose. Do not include any additional text, punctuation or explanation.

My answer is
",1
fake_4138,1,5,3,2,24,2,-6,"Today is November 5, 2024. Racially, I am white. Ideologically, I am slightly conservative. Politically, I am an independent who leans Democratic. I do not attend church. I am 24 years old. I am a woman.. Question: Do you think the federal government should be doing more about the opioid drug addiction issue, should be doing less, or is it currently doing the right amount?

Answer choices:
1. Should be doing more 2. Should be doing less 3. Is doing the right amount

When answering, respond ONLY with a single number that corresponds to the option you choose. Do not include any additional text, punctuation or explanation.

My answer is
",1
fake_4139,1,2,3,2,64,2,4,"Today is November 5, 2024. Racially, I am white. Ideologically, I am liberal. Politically, I am an independent who leans Democratic. I do not attend church. I am 64 years old. I am a woman. I am not at all interested in politics.. Question: Do you think the federal government should be doing more about the opioid drug addiction issue, should be doing less, or is it currently doing the right amount?

Answer choices:
1. Should be doing more 2. Should be doing less 3. Is doing the right amount

When answering, respond ONLY with a single number that corresponds to the option you choose. Do not include any additional text, punctuation or explanation.

My answer is
",1
fake_4140,1,6,5,-1,55,1,4,"Today is November 5, 2024. Racially, I am white. Ideologically, I am conservative. Politically, I am an independent who leans Republican. I am 55 years old. I am a man. I am not at all interested in politics.. Question: Do you think the federal government should be doing more about the opioid drug addiction issue, should be doing less, or is it currently doing the right amount?

Answer choices:
1. Should be doing more 2. Should be doing less 3. Is doing the right amount

When answering, respond ONLY with a single number that corresponds to the option you choose. Do not include any additional text, punctuation or explanation.

My answer is
",1
fake_4141,1,99,1,1,80,2,2,"Today is November 5, 2024. Racially, I am white. Politically, I am a strong democrat. I attend church. I am 80 years old. I am a woman. I am somewhat interested in politics.. Question: Do you think the federal government should be doing more about the opioid drug addiction issue, should be doing less, or is it currently doing the right amount?

Answer choices:
1. Should be doing more 2. Should be doing less 3. Is doing the right amount

When answering, respond ONLY with a single number that corresponds to the option you choose. Do not include any additional text, punctuation or explanation.

My answer is
",1
fake_4142,1,4,1,2,42,2,2,"Today is November 5, 2024. Racially, I am white. Ideologically, I am moderate. Politically, I am a strong democrat. I do not attend church. I am 42 years old. I am a woman. I am somewhat interested in politics.. Question: Do you think the federal government should be doing more about the opioid drug addiction issue, should be doing less, or is it currently doing the right amount?

Answer choices:
1. Should be doing more 2. Should be doing less 3. Is doing the right amount

When answering, respond ONLY with a single number that corresponds to the option you choose. Do not include any additional text, punctuation or explanation.

My answer is
",1
fake_4143,2,99,6,2,50,2,2,"Today is November 5, 2024. Racially, I am black. Politically, I am a weak Republican. I do not attend church. I am 50 years old. I am a woman. I am somewhat interested in politics.. Question: Do you think the federal government should be doing more about the opioid drug addiction issue, should be doing less, or is it currently doing the right amount?

Answer choices:
1. Should be doing more 2. Should be doing less 3. Is doing the right amount

When answering, respond ONLY with a single number that corresponds to the option you choose. Do not include any additional text, punctuation or explanation.

My answer is
",1
fake_4144,6,6,1,2,63,1,2,"Today is November 5, 2024. Ideologically, I am conservative. Politically, I am a strong democrat. I do not attend church. I am 63 years old. I am a man. I am somewhat interested in politics.. Question: Do you think the federal government should be doing more about the opioid drug addiction issue, should be doing less, or is it currently doing the right amount?

Answer choices:
1. Should be doing more 2. Should be doing less 3. Is doing the right amount

When answering, respond ONLY with a single number that corresponds to the option you choose. Do not include any additional text, punctuation or explanation.

My answer is
",1
fake_4145,4,99,7,2,69,1,3,"Today is November 5, 2024. Racially, I am asian. Politically, I am a strong Republican. I do not attend church. I am 69 years old. I am a man. I am not very interested in politics.. Question: Do you think the federal government should be doing more about the opioid drug addiction issue, should be doing less, or is it currently doing the right amount?

Answer choices:
1. Should be doing more 2. Should be doing less 3. Is doing the right amount

When answering, respond ONLY with a single number that corresponds to the option you choose. Do not include any additional text, punctuation or explanation.

My answer is
",1
fake_4146,3,2,1,1,57,1,2,"Today is November 5, 2024. Racially, I am hispanic. Ideologically, I am liberal. Politically, I am a strong democrat. I attend church. I am 57 years old. I am a man. I am somewhat interested in politics.. Question: Do you think the federal government should be doing more about the opioid drug addiction issue, should be doing less, or is it currently doing the right amount?

Answer choices:
1. Should be doing more 2. Should be doing less 3. Is doing the right amount

When answering, respond ONLY with a single number that corresponds to the option you choose. Do not include any additional text, punctuation or explanation.

My answer is
",1
fake_4147,-9,4,3,2,49,2,1,"Today is November 5, 2024. Ideologically, I am moderate. Politically, I am an independent who leans Democratic. I do not attend church. I am 49 years old. I am a woman. I am very interested in politics.. Question: Do you think the federal government should be doing more about the opioid drug addiction issue, should be doing less, or is it currently doing the right amount?

Answer choices:
1. Should be doing more 2. Should be doing less 3. Is doing the right amount

When answering, respond ONLY with a single number that corresponds to the option you choose. Do not include any additional text, punctuation or explanation.

My answer is
",1
fake_4148,1,1,7,1,40,2,1,"Today is November 5, 2024. Racially, I am white. Ideologically, I am extremely liberal. Politically, I am a strong Republican. I attend church. I am 40 years old. I am a woman. I am very interested in politics.. Question: Do you think the federal government should be doing more about the opioid drug addiction issue, should be doing less, or is it currently doing the right amount?

Answer choices:
1. Should be doing more 2. Should be doing less 3. Is doing the right amount

When answering, respond ONLY with a single number that corresponds to the option you choose. Do not include any additional text, punctuation or explanation.

My answer is
",1
fake_4149,1,3,5,1,45,1,2,"Today is November 5, 2024. Racially, I am white. Ideologically, I am slightly liberal. Politically, I am an independent who leans Republican. I attend church. I am 45 years old. I am a man. I am somewhat interested in politics.. Question: Do you think the federal government should be doing more about the opioid drug addiction issue, should be doing less, or is it currently doing the right amount?

Answer choices:
1. Should be doing more 2. Should be doing less 3. Is doing the right amount

When answering, respond ONLY with a single number that corresponds to the option you choose. Do not include any additional text, punctuation or explanation.

My answer is
",1
fake_4150,3,2,7,1,54,1,2,"Today is November 5, 2024. Racially, I am hispanic. Ideologically, I am liberal. Politically, I am a strong Republican. I attend church. I am 54 years old. I am a man. I am somewhat interested in politics.. Question: Do you think the federal government should be doing more about the opioid drug addiction issue, should be doing less, or is it currently doing the right amount?

Answer choices:
1. Should be doing more 2. Should be doing less 3. Is doing the right amount

When answering, respond ONLY with a single number that corresponds to the option you choose. Do not include any additional text, punctuation or explanation.

My answer is
",1
fake_4151,1,3,3,2,39,2,2,"Today is November 5, 2024. Racially, I am white. Ideologically, I am slightly liberal. Politically, I am an independent who leans Democratic. I do not attend church. I am 39 years old. I am a woman. I am somewhat interested in politics.. Question: Do you think the federal government should be doing more about the opioid drug addiction issue, should be doing less, or is it currently doing the right amount?

Answer choices:
1. Should be doing more 2. Should be doing less 3. Is doing the right amount

When answering, respond ONLY with a single number that corresponds to the option you choose. Do not include any additional text, punctuation or explanation.

My answer is
",1
fake_4152,2,2,5,2,48,1,1,"Today is November 5, 2024. Racially, I am black. Ideologically, I am liberal. Politically, I am an independent who leans Republican. I do not attend church. I am 48 years old. I am a man. I am very interested in politics.. Question: Do you think the federal government should be doing more about the opioid drug addiction issue, should be doing less, or is it currently doing the right amount?

Answer choices:
1. Should be doing more 2. Should be doing less 3. Is doing the right amount

When answering, respond ONLY with a single number that corresponds to the option you choose. Do not include any additional text, punctuation or explanation.

My answer is
",1
fake_4153,1,4,3,-1,72,1,3,"Today is November 5, 2024. Racially, I am white. Ideologically, I am moderate. Politically, I am an independent who leans Democratic. I am 72 years old. I am a man. I am not very interested in politics.. Question: Do you think the federal government should be doing more about the opioid drug addiction issue, should be doing less, or is it currently doing the right amount?

Answer choices:
1. Should be doing more 2. Should be doing less 3. Is doing the right amount

When answering, respond ONLY with a single number that corresponds to the option you choose. Do not include any additional text, punctuation or explanation.

My answer is
",1
fake_4154,1,4,1,1,60,1,4,"Today is November 5, 2024. Racially, I am white. Ideologically, I am moderate. Politically, I am a strong democrat. I attend church. I am 60 years old. I am a man. I am not at all interested in politics.. Question: Do you think the federal government should be doing more about the opioid drug addiction issue, should be doing less, or is it currently doing the right amount?

Answer choices:
1. Should be doing more 2. Should be doing less 3. Is doing the right amount

When answering, respond ONLY with a single number that corresponds to the option you choose. Do not include any additional text, punctuation or explanation.

My answer is
",1
fake_4155,1,7,1,2,-2,1,1,"Today is November 5, 2024. Racially, I am white. Ideologically, I am extremely conservative. Politically, I am a strong democrat. I do not attend church. I am a man. I am very interested in politics.. Question: Do you think the federal government should be doing more about the opioid drug addiction issue, should be doing less, or is it currently doing the right amount?

Answer choices:
1. Should be doing more 2. Should be doing less 3. Is doing the right amount

When answering, respond ONLY with a single number that corresponds to the option you choose. Do not include any additional text, punctuation or explanation.

My answer is
",1
fake_4156,1,7,2,1,-2,1,2,"Today is November 5, 2024. Racially, I am white. Ideologically, I am extremely conservative. Politically, I am a weak Democrat. I attend church. I am a man. I am somewhat interested in politics.. Question: Do you think the federal government should be doing more about the opioid drug addiction issue, should be doing less, or is it currently doing the right amount?

Answer choices:
1. Should be doing more 2. Should be doing less 3. Is doing the right amount

When answering, respond ONLY with a single number that corresponds to the option you choose. Do not include any additional text, punctuation or explanation.

My answer is
",1
fake_4157,1,4,4,-1,73,1,2,"Today is November 5, 2024. Racially, I am white. Ideologically, I am moderate. Politically, I am an independent. I am 73 years old. I am a man. I am somewhat interested in politics.. Question: Do you think the federal government should be doing more about the opioid drug addiction issue, should be doing less, or is it currently doing the right amount?

Answer choices:
1. Should be doing more 2. Should be doing less 3. Is doing the right amount

When answering, respond ONLY with a single number that corresponds to the option you choose. Do not include any additional text, punctuation or explanation.

My answer is
",1
fake_4158,1,99,6,1,61,1,-6,"Today is November 5, 2024. Racially, I am white. Politically, I am a weak Republican. I attend church. I am 61 years old. I am a man.. Question: Do you think the federal government should be doing more about the opioid drug addiction issue, should be doing less, or is it currently doing the right amount?

Answer choices:
1. Should be doing more 2. Should be doing less 3. Is doing the right amount

When answering, respond ONLY with a single number that corresponds to the option you choose. Do not include any additional text, punctuation or explanation.

My answer is
",1
fake_4159,1,3,4,2,43,1,2,"Today is November 5, 2024. Racially, I am white. Ideologically, I am slightly liberal. Politically, I am an independent. I do not attend church. I am 43 years old. I am a man. I am somewhat interested in politics.. Question: Do you think the federal government should be doing more about the opioid drug addiction issue, should be doing less, or is it currently doing the right amount?

Answer choices:
1. Should be doing more 2. Should be doing less 3. Is doing the right amount

When answering, respond ONLY with a single number that corresponds to the option you choose. Do not include any additional text, punctuation or explanation.

My answer is
",1
fake_4160,1,99,2,1,68,1,2,"Today is November 5, 2024. Racially, I am white. Politically, I am a weak Democrat. I attend church. I am 68 years old. I am a man. I am somewhat interested in politics.. Question: Do you think the federal government should be doing more about the opioid drug addiction issue, should be doing less, or is it currently doing the right amount?

Answer choices:
1. Should be doing more 2. Should be doing less 3. Is doing the right amount

When answering, respond ONLY with a single number that corresponds to the option you choose. Do not include any additional text, punctuation or explanation.

My answer is
",1
fake_4161,4,2,1,1,57,2,3,"Today is November 5, 2024. Racially, I am asian. Ideologically, I am liberal. Politically, I am a strong democrat. I attend church. I am 57 years old. I am a woman. I am not very interested in politics.. Question: Do you think the federal government should be doing more about the opioid drug addiction issue, should be doing less, or is it currently doing the right amount?

Answer choices:
1. Should be doing more 2. Should be doing less 3. Is doing the right amount

When answering, respond ONLY with a single number that corresponds to the option you choose. Do not include any additional text, punctuation or explanation.

My answer is
",1
fake_4162,1,99,1,1,54,2,-6,"Today is November 5, 2024. Racially, I am white. Politically, I am a strong democrat. I attend church. I am 54 years old. I am a woman.. Question: Do you think the federal government should be doing more about the opioid drug addiction issue, should be doing less, or is it currently doing the right amount?

Answer choices:
1. Should be doing more 2. Should be doing less 3. Is doing the right amount

When answering, respond ONLY with a single number that corresponds to the option you choose. Do not include any additional text, punctuation or explanation.

My answer is
",1
fake_4163,1,2,5,-1,59,2,4,"Today is November 5, 2024. Racially, I am white. Ideologically, I am liberal. Politically, I am an independent who leans Republican. I am 59 years old. I am a woman. I am not at all interested in politics.. Question: Do you think the federal government should be doing more about the opioid drug addiction issue, should be doing less, or is it currently doing the right amount?

Answer choices:
1. Should be doing more 2. Should be doing less 3. Is doing the right amount

When answering, respond ONLY with a single number that corresponds to the option you choose. Do not include any additional text, punctuation or explanation.

My answer is
",1
fake_4164,1,3,3,2,-2,2,-5,"Today is November 5, 2024. Racially, I am white. Ideologically, I am slightly liberal. Politically, I am an independent who leans Democratic. I do not attend church. I am a woman.. Question: Do you think the federal government should be doing more about the opioid drug addiction issue, should be doing less, or is it currently doing the right amount?

Answer choices:
1. Should be doing more 2. Should be doing less 3. Is doing the right amount

When answering, respond ONLY with a single number that corresponds to the option you choose. Do not include any additional text, punctuation or explanation.

My answer is
",1
fake_4165,3,4,7,1,44,2,2,"Today is November 5, 2024. Racially, I am hispanic. Ideologically, I am moderate. Politically, I am a strong Republican. I attend church. I am 44 years old. I am a woman. I am somewhat interested in politics.. Question: Do you think the federal government should be doing more about the opioid drug addiction issue, should be doing less, or is it currently doing the right amount?

Answer choices:
1. Should be doing more 2. Should be doing less 3. Is doing the right amount

When answering, respond ONLY with a single number that corresponds to the option you choose. Do not include any additional text, punctuation or explanation.

My answer is
",1
fake_4166,2,4,7,2,-2,1,1,"Today is November 5, 2024. Racially, I am black. Ideologically, I am moderate. Politically, I am a strong Republican. I do not attend church. I am a man. I am very interested in politics.. Question: Do you think the federal government should be doing more about the opioid drug addiction issue, should be doing less, or is it currently doing the right amount?

Answer choices:
1. Should be doing more 2. Should be doing less 3. Is doing the right amount

When answering, respond ONLY with a single number that corresponds to the option you choose. Do not include any additional text, punctuation or explanation.

My answer is
",1
fake_4167,3,2,2,2,32,1,2,"Today is November 5, 2024. Racially, I am hispanic. Ideologically, I am liberal. Politically, I am a weak Democrat. I do not attend church. I am 32 years old. I am a man. I am somewhat interested in politics.. Question: Do you think the federal government should be doing more about the opioid drug addiction issue, should be doing less, or is it currently doing the right amount?

Answer choices:
1. Should be doing more 2. Should be doing less 3. Is doing the right amount

When answering, respond ONLY with a single number that corresponds to the option you choose. Do not include any additional text, punctuation or explanation.

My answer is
",1
fake_4168,1,6,7,2,79,1,1,"Today is November 5, 2024. Racially, I am white. Ideologically, I am conservative. Politically, I am a strong Republican. I do not attend church. I am 79 years old. I am a man. I am very interested in politics.. Question: Do you think the federal government should be doing more about the opioid drug addiction issue, should be doing less, or is it currently doing the right amount?

Answer choices:
1. Should be doing more 2. Should be doing less 3. Is doing the right amount

When answering, respond ONLY with a single number that corresponds to the option you choose. Do not include any additional text, punctuation or explanation.

My answer is
",1
fake_4169,1,6,7,1,42,1,-9,"Today is November 5, 2024. Racially, I am white. Ideologically, I am conservative. Politically, I am a strong Republican. I attend church. I am 42 years old. I am a man.. Question: Do you think the federal government should be doing more about the opioid drug addiction issue, should be doing less, or is it currently doing the right amount?

Answer choices:
1. Should be doing more 2. Should be doing less 3. Is doing the right amount

When answering, respond ONLY with a single number that corresponds to the option you choose. Do not include any additional text, punctuation or explanation.

My answer is
",1
fake_4170,1,6,5,1,40,2,-6,"Today is November 5, 2024. Racially, I am white. Ideologically, I am conservative. Politically, I am an independent who leans Republican. I attend church. I am 40 years old. I am a woman.. Question: Do you think the federal government should be doing more about the opioid drug addiction issue, should be doing less, or is it currently doing the right amount?

Answer choices:
1. Should be doing more 2. Should be doing less 3. Is doing the right amount

When answering, respond ONLY with a single number that corresponds to the option you choose. Do not include any additional text, punctuation or explanation.

My answer is
",1
fake_4171,1,5,4,-1,67,2,-6,"Today is November 5, 2024. Racially, I am white. Ideologically, I am slightly conservative. Politically, I am an independent. I am 67 years old. I am a woman.. Question: Do you think the federal government should be doing more about the opioid drug addiction issue, should be doing less, or is it currently doing the right amount?

Answer choices:
1. Should be doing more 2. Should be doing less 3. Is doing the right amount

When answering, respond ONLY with a single number that corresponds to the option you choose. Do not include any additional text, punctuation or explanation.

My answer is
",1
fake_4172,1,2,2,1,69,1,2,"Today is November 5, 2024. Racially, I am white. Ideologically, I am liberal. Politically, I am a weak Democrat. I attend church. I am 69 years old. I am a man. I am somewhat interested in politics.. Question: Do you think the federal government should be doing more about the opioid drug addiction issue, should be doing less, or is it currently doing the right amount?

Answer choices:
1. Should be doing more 2. Should be doing less 3. Is doing the right amount

When answering, respond ONLY with a single number that corresponds to the option you choose. Do not include any additional text, punctuation or explanation.

My answer is
",1
fake_4173,2,99,7,2,63,1,2,"Today is November 5, 2024. Racially, I am black. Politically, I am a strong Republican. I do not attend church. I am 63 years old. I am a man. I am somewhat interested in politics.. Question: Do you think the federal government should be doing more about the opioid drug addiction issue, should be doing less, or is it currently doing the right amount?

Answer choices:
1. Should be doing more 2. Should be doing less 3. Is doing the right amount

When answering, respond ONLY with a single number that corresponds to the option you choose. Do not include any additional text, punctuation or explanation.

My answer is
",2
fake_4174,1,2,1,1,21,1,2,"Today is November 5, 2024. Racially, I am white. Ideologically, I am liberal. Politically, I am a strong democrat. I attend church. I am 21 years old. I am a man. I am somewhat interested in politics.. Question: Do you think the federal government should be doing more about the opioid drug addiction issue, should be doing less, or is it currently doing the right amount?

Answer choices:
1. Should be doing more 2. Should be doing less 3. Is doing the right amount

When answering, respond ONLY with a single number that corresponds to the option you choose. Do not include any additional text, punctuation or explanation.

My answer is
",1
fake_4175,1,99,3,2,38,2,2,"Today is November 5, 2024. Racially, I am white. Politically, I am an independent who leans Democratic. I do not attend church. I am 38 years old. I am a woman. I am somewhat interested in politics.. Question: Do you think the federal government should be doing more about the opioid drug addiction issue, should be doing less, or is it currently doing the right amount?

Answer choices:
1. Should be doing more 2. Should be doing less 3. Is doing the right amount

When answering, respond ONLY with a single number that corresponds to the option you choose. Do not include any additional text, punctuation or explanation.

My answer is
",1
fake_4176,1,99,3,1,58,2,3,"Today is November 5, 2024. Racially, I am white. Politically, I am an independent who leans Democratic. I attend church. I am 58 years old. I am a woman. I am not very interested in politics.. Question: Do you think the federal government should be doing more about the opioid drug addiction issue, should be doing less, or is it currently doing the right amount?

Answer choices:
1. Should be doing more 2. Should be doing less 3. Is doing the right amount

When answering, respond ONLY with a single number that corresponds to the option you choose. Do not include any additional text, punctuation or explanation.

My answer is
",1
fake_4177,2,4,4,1,36,1,-6,"Today is November 5, 2024. Racially, I am black. Ideologically, I am moderate. Politically, I am an independent. I attend church. I am 36 years old. I am a man.. Question: Do you think the federal government should be doing more about the opioid drug addiction issue, should be doing less, or is it currently doing the right amount?

Answer choices:
1. Should be doing more 2. Should be doing less 3. Is doing the right amount

When answering, respond ONLY with a single number that corresponds to the option you choose. Do not include any additional text, punctuation or explanation.

My answer is
",1
fake_4178,1,4,6,2,77,1,1,"Today is November 5, 2024. Racially, I am white. Ideologically, I am moderate. Politically, I am a weak Republican. I do not attend church. I am 77 years old. I am a man. I am very interested in politics.. Question: Do you think the federal government should be doing more about the opioid drug addiction issue, should be doing less, or is it currently doing the right amount?

Answer choices:
1. Should be doing more 2. Should be doing less 3. Is doing the right amount

When answering, respond ONLY with a single number that corresponds to the option you choose. Do not include any additional text, punctuation or explanation.

My answer is
",1
fake_4179,3,99,3,2,63,1,3,"Today is November 5, 2024. Racially, I am hispanic. Politically, I am an independent who leans Democratic. I do not attend church. I am 63 years old. I am a man. I am not very interested in politics.. Question: Do you think the federal government should be doing more about the opioid drug addiction issue, should be doing less, or is it currently doing the right amount?

Answer choices:
1. Should be doing more 2. Should be doing less 3. Is doing the right amount

When answering, respond ONLY with a single number that corresponds to the option you choose. Do not include any additional text, punctuation or explanation.

My answer is
",1
fake_4180,1,7,2,1,43,1,1,"Today is November 5, 2024. Racially, I am white. Ideologically, I am extremely conservative. Politically, I am a weak Democrat. I attend church. I am 43 years old. I am a man. I am very interested in politics.. Question: Do you think the federal government should be doing more about the opioid drug addiction issue, should be doing less, or is it currently doing the right amount?

Answer choices:
1. Should be doing more 2. Should be doing less 3. Is doing the right amount

When answering, respond ONLY with a single number that corresponds to the option you choose. Do not include any additional text, punctuation or explanation.

My answer is
",1
fake_4181,1,6,1,2,53,2,4,"Today is November 5, 2024. Racially, I am white. Ideologically, I am conservative. Politically, I am a strong democrat. I do not attend church. I am 53 years old. I am a woman. I am not at all interested in politics.. Question: Do you think the federal government should be doing more about the opioid drug addiction issue, should be doing less, or is it currently doing the right amount?

Answer choices:
1. Should be doing more 2. Should be doing less 3. Is doing the right amount

When answering, respond ONLY with a single number that corresponds to the option you choose. Do not include any additional text, punctuation or explanation.

My answer is
",1
fake_4182,3,3,7,1,52,1,1,"Today is November 5, 2024. Racially, I am hispanic. Ideologically, I am slightly liberal. Politically, I am a strong Republican. I attend church. I am 52 years old. I am a man. I am very interested in politics.. Question: Do you think the federal government should be doing more about the opioid drug addiction issue, should be doing less, or is it currently doing the right amount?

Answer choices:
1. Should be doing more 2. Should be doing less 3. Is doing the right amount

When answering, respond ONLY with a single number that corresponds to the option you choose. Do not include any additional text, punctuation or explanation.

My answer is
",1
fake_4183,4,6,1,1,69,2,3,"Today is November 5, 2024. Racially, I am asian. Ideologically, I am conservative. Politically, I am a strong democrat. I attend church. I am 69 years old. I am a woman. I am not very interested in politics.. Question: Do you think the federal government should be doing more about the opioid drug addiction issue, should be doing less, or is it currently doing the right amount?

Answer choices:
1. Should be doing more 2. Should be doing less 3. Is doing the right amount

When answering, respond ONLY with a single number that corresponds to the option you choose. Do not include any additional text, punctuation or explanation.

My answer is
",1
fake_4184,1,99,3,2,21,1,2,"Today is November 5, 2024. Racially, I am white. Politically, I am an independent who leans Democratic. I do not attend church. I am 21 years old. I am a man. I am somewhat interested in politics.. Question: Do you think the federal government should be doing more about the opioid drug addiction issue, should be doing less, or is it currently doing the right amount?

Answer choices:
1. Should be doing more 2. Should be doing less 3. Is doing the right amount

When answering, respond ONLY with a single number that corresponds to the option you choose. Do not include any additional text, punctuation or explanation.

My answer is
",1
fake_4185,3,7,7,1,36,2,1,"Today is November 5, 2024. Racially, I am hispanic. Ideologically, I am extremely conservative. Politically, I am a strong Republican. I attend church. I am 36 years old. I am a woman. I am very interested in politics.. Question: Do you think the federal government should be doing more about the opioid drug addiction issue, should be doing less, or is it currently doing the right amount?

Answer choices:
1. Should be doing more 2. Should be doing less 3. Is doing the right amount

When answering, respond ONLY with a single number that corresponds to the option you choose. Do not include any additional text, punctuation or explanation.

My answer is
",1
fake_4186,1,2,5,2,45,2,1,"Today is November 5, 2024. Racially, I am white. Ideologically, I am liberal. Politically, I am an independent who leans Republican. I do not attend church. I am 45 years old. I am a woman. I am very interested in politics.. Question: Do you think the federal government should be doing more about the opioid drug addiction issue, should be doing less, or is it currently doing the right amount?

Answer choices:
1. Should be doing more 2. Should be doing less 3. Is doing the right amount

When answering, respond ONLY with a single number that corresponds to the option you choose. Do not include any additional text, punctuation or explanation.

My answer is
",1
fake_4187,1,2,4,2,54,2,2,"Today is November 5, 2024. Racially, I am white. Ideologically, I am liberal. Politically, I am an independent. I do not attend church. I am 54 years old. I am a woman. I am somewhat interested in politics.. Question: Do you think the federal government should be doing more about the opioid drug addiction issue, should be doing less, or is it currently doing the right amount?

Answer choices:
1. Should be doing more 2. Should be doing less 3. Is doing the right amount

When answering, respond ONLY with a single number that corresponds to the option you choose. Do not include any additional text, punctuation or explanation.

My answer is
",1
fake_4188,1,5,5,2,34,2,4,"Today is November 5, 2024. Racially, I am white. Ideologically, I am slightly conservative. Politically, I am an independent who leans Republican. I do not attend church. I am 34 years old. I am a woman. I am not at all interested in politics.. Question: Do you think the federal government should be doing more about the opioid drug addiction issue, should be doing less, or is it currently doing the right amount?

Answer choices:
1. Should be doing more 2. Should be doing less 3. Is doing the right amount

When answering, respond ONLY with a single number that corresponds to the option you choose. Do not include any additional text, punctuation or explanation.

My answer is
",1
fake_4189,1,4,7,1,72,2,4,"Today is November 5, 2024. Racially, I am white. Ideologically, I am moderate. Politically, I am a strong Republican. I attend church. I am 72 years old. I am a woman. I am not at all interested in politics.. Question: Do you think the federal government should be doing more about the opioid drug addiction issue, should be doing less, or is it currently doing the right amount?

Answer choices:
1. Should be doing more 2. Should be doing less 3. Is doing the right amount

When answering, respond ONLY with a single number that corresponds to the option you choose. Do not include any additional text, punctuation or explanation.

My answer is
",1
fake_4190,1,1,4,2,68,2,2,"Today is November 5, 2024. Racially, I am white. Ideologically, I am extremely liberal. Politically, I am an independent. I do not attend church. I am 68 years old. I am a woman. I am somewhat interested in politics.. Question: Do you think the federal government should be doing more about the opioid drug addiction issue, should be doing less, or is it currently doing the right amount?

Answer choices:
1. Should be doing more 2. Should be doing less 3. Is doing the right amount

When answering, respond ONLY with a single number that corresponds to the option you choose. Do not include any additional text, punctuation or explanation.

My answer is
",1
fake_4191,2,6,3,1,65,2,3,"Today is November 5, 2024. Racially, I am black. Ideologically, I am conservative. Politically, I am an independent who leans Democratic. I attend church. I am 65 years old. I am a woman. I am not very interested in politics.. Question: Do you think the federal government should be doing more about the opioid drug addiction issue, should be doing less, or is it currently doing the right amount?

Answer choices:
1. Should be doing more 2. Should be doing less 3. Is doing the right amount

When answering, respond ONLY with a single number that corresponds to the option you choose. Do not include any additional text, punctuation or explanation.

My answer is
",1
fake_4192,1,4,4,1,80,2,-5,"Today is November 5, 2024. Racially, I am white. Ideologically, I am moderate. Politically, I am an independent. I attend church. I am 80 years old. I am a woman.. Question: Do you think the federal government should be doing more about the opioid drug addiction issue, should be doing less, or is it currently doing the right amount?

Answer choices:
1. Should be doing more 2. Should be doing less 3. Is doing the right amount

When answering, respond ONLY with a single number that corresponds to the option you choose. Do not include any additional text, punctuation or explanation.

My answer is
",1
fake_4193,1,6,2,2,66,1,2,"Today is November 5, 2024. Racially, I am white. Ideologically, I am conservative. Politically, I am a weak Democrat. I do not attend church. I am 66 years old. I am a man. I am somewhat interested in politics.. Question: Do you think the federal government should be doing more about the opioid drug addiction issue, should be doing less, or is it currently doing the right amount?

Answer choices:
1. Should be doing more 2. Should be doing less 3. Is doing the right amount

When answering, respond ONLY with a single number that corresponds to the option you choose. Do not include any additional text, punctuation or explanation.

My answer is
",1
fake_4194,3,2,6,1,56,2,1,"Today is November 5, 2024. Racially, I am hispanic. Ideologically, I am liberal. Politically, I am a weak Republican. I attend church. I am 56 years old. I am a woman. I am very interested in politics.. Question: Do you think the federal government should be doing more about the opioid drug addiction issue, should be doing less, or is it currently doing the right amount?

Answer choices:
1. Should be doing more 2. Should be doing less 3. Is doing the right amount

When answering, respond ONLY with a single number that corresponds to the option you choose. Do not include any additional text, punctuation or explanation.

My answer is
",1
fake_4195,1,99,3,2,74,2,2,"Today is November 5, 2024. Racially, I am white. Politically, I am an independent who leans Democratic. I do not attend church. I am 74 years old. I am a woman. I am somewhat interested in politics.. Question: Do you think the federal government should be doing more about the opioid drug addiction issue, should be doing less, or is it currently doing the right amount?

Answer choices:
1. Should be doing more 2. Should be doing less 3. Is doing the right amount

When answering, respond ONLY with a single number that corresponds to the option you choose. Do not include any additional text, punctuation or explanation.

My answer is
",1
fake_4196,1,99,4,1,35,2,2,"Today is November 5, 2024. Racially, I am white. Politically, I am an independent. I attend church. I am 35 years old. I am a woman. I am somewhat interested in politics.. Question: Do you think the federal government should be doing more about the opioid drug addiction issue, should be doing less, or is it currently doing the right amount?

Answer choices:
1. Should be doing more 2. Should be doing less 3. Is doing the right amount

When answering, respond ONLY with a single number that corresponds to the option you choose. Do not include any additional text, punctuation or explanation.

My answer is
",1
fake_4197,2,2,1,1,68,2,2,"Today is November 5, 2024. Racially, I am black. Ideologically, I am liberal. Politically, I am a strong democrat. I attend church. I am 68 years old. I am a woman. I am somewhat interested in politics.. Question: Do you think the federal government should be doing more about the opioid drug addiction issue, should be doing less, or is it currently doing the right amount?

Answer choices:
1. Should be doing more 2. Should be doing less 3. Is doing the right amount

When answering, respond ONLY with a single number that corresponds to the option you choose. Do not include any additional text, punctuation or explanation.

My answer is
",1
fake_4198,1,5,5,2,35,1,3,"Today is November 5, 2024. Racially, I am white. Ideologically, I am slightly conservative. Politically, I am an independent who leans Republican. I do not attend church. I am 35 years old. I am a man. I am not very interested in politics.. Question: Do you think the federal government should be doing more about the opioid drug addiction issue, should be doing less, or is it currently doing the right amount?

Answer choices:
1. Should be doing more 2. Should be doing less 3. Is doing the right amount

When answering, respond ONLY with a single number that corresponds to the option you choose. Do not include any additional text, punctuation or explanation.

My answer is
",1
fake_4199,1,99,1,2,46,1,2,"Today is November 5, 2024. Racially, I am white. Politically, I am a strong democrat. I do not attend church. I am 46 years old. I am a man. I am somewhat interested in politics.. Question: Do you think the federal government should be doing more about the opioid drug addiction issue, should be doing less, or is it currently doing the right amount?

Answer choices:
1. Should be doing more 2. Should be doing less 3. Is doing the right amount

When answering, respond ONLY with a single number that corresponds to the option you choose. Do not include any additional text, punctuation or explanation.

My answer is
",1
fake_4200,1,3,7,1,55,1,2,"Today is November 5, 2024. Racially, I am white. Ideologically, I am slightly liberal. Politically, I am a strong Republican. I attend church. I am 55 years old. I am a man. I am somewhat interested in politics.. Question: Do you think the federal government should be doing more about the opioid drug addiction issue, should be doing less, or is it currently doing the right amount?

Answer choices:
1. Should be doing more 2. Should be doing less 3. Is doing the right amount

When answering, respond ONLY with a single number that corresponds to the option you choose. Do not include any additional text, punctuation or explanation.

My answer is
",1
fake_4201,1,99,3,2,45,1,2,"Today is November 5, 2024. Racially, I am white. Politically, I am an independent who leans Democratic. I do not attend church. I am 45 years old. I am a man. I am somewhat interested in politics.. Question: Do you think the federal government should be doing more about the opioid drug addiction issue, should be doing less, or is it currently doing the right amount?

Answer choices:
1. Should be doing more 2. Should be doing less 3. Is doing the right amount

When answering, respond ONLY with a single number that corresponds to the option you choose. Do not include any additional text, punctuation or explanation.

My answer is
",1
fake_4202,1,5,2,-1,72,2,2,"Today is November 5, 2024. Racially, I am white. Ideologically, I am slightly conservative. Politically, I am a weak Democrat. I am 72 years old. I am a woman. I am somewhat interested in politics.. Question: Do you think the federal government should be doing more about the opioid drug addiction issue, should be doing less, or is it currently doing the right amount?

Answer choices:
1. Should be doing more 2. Should be doing less 3. Is doing the right amount

When answering, respond ONLY with a single number that corresponds to the option you choose. Do not include any additional text, punctuation or explanation.

My answer is
",1
fake_4203,-9,4,1,2,62,1,2,"Today is November 5, 2024. Ideologically, I am moderate. Politically, I am a strong democrat. I do not attend church. I am 62 years old. I am a man. I am somewhat interested in politics.. Question: Do you think the federal government should be doing more about the opioid drug addiction issue, should be doing less, or is it currently doing the right amount?

Answer choices:
1. Should be doing more 2. Should be doing less 3. Is doing the right amount

When answering, respond ONLY with a single number that corresponds to the option you choose. Do not include any additional text, punctuation or explanation.

My answer is
",1
fake_4204,1,2,3,1,34,2,2,"Today is November 5, 2024. Racially, I am white. Ideologically, I am liberal. Politically, I am an independent who leans Democratic. I attend church. I am 34 years old. I am a woman. I am somewhat interested in politics.. Question: Do you think the federal government should be doing more about the opioid drug addiction issue, should be doing less, or is it currently doing the right amount?

Answer choices:
1. Should be doing more 2. Should be doing less 3. Is doing the right amount

When answering, respond ONLY with a single number that corresponds to the option you choose. Do not include any additional text, punctuation or explanation.

My answer is
",1
fake_4205,1,1,6,-1,78,2,4,"Today is November 5, 2024. Racially, I am white. Ideologically, I am extremely liberal. Politically, I am a weak Republican. I am 78 years old. I am a woman. I am not at all interested in politics.. Question: Do you think the federal government should be doing more about the opioid drug addiction issue, should be doing less, or is it currently doing the right amount?

Answer choices:
1. Should be doing more 2. Should be doing less 3. Is doing the right amount

When answering, respond ONLY with a single number that corresponds to the option you choose. Do not include any additional text, punctuation or explanation.

My answer is
",1
fake_4206,3,4,3,1,25,2,4,"Today is November 5, 2024. Racially, I am hispanic. Ideologically, I am moderate. Politically, I am an independent who leans Democratic. I attend church. I am 25 years old. I am a woman. I am not at all interested in politics.. Question: Do you think the federal government should be doing more about the opioid drug addiction issue, should be doing less, or is it currently doing the right amount?

Answer choices:
1. Should be doing more 2. Should be doing less 3. Is doing the right amount

When answering, respond ONLY with a single number that corresponds to the option you choose. Do not include any additional text, punctuation or explanation.

My answer is
",1
fake_4207,1,6,1,1,37,1,4,"Today is November 5, 2024. Racially, I am white. Ideologically, I am conservative. Politically, I am a strong democrat. I attend church. I am 37 years old. I am a man. I am not at all interested in politics.. Question: Do you think the federal government should be doing more about the opioid drug addiction issue, should be doing less, or is it currently doing the right amount?

Answer choices:
1. Should be doing more 2. Should be doing less 3. Is doing the right amount

When answering, respond ONLY with a single number that corresponds to the option you choose. Do not include any additional text, punctuation or explanation.

My answer is
",1
fake_4208,1,99,5,1,80,2,3,"Today is November 5, 2024. Racially, I am white. Politically, I am an independent who leans Republican. I attend church. I am 80 years old. I am a woman. I am not very interested in politics.. Question: Do you think the federal government should be doing more about the opioid drug addiction issue, should be doing less, or is it currently doing the right amount?

Answer choices:
1. Should be doing more 2. Should be doing less 3. Is doing the right amount

When answering, respond ONLY with a single number that corresponds to the option you choose. Do not include any additional text, punctuation or explanation.

My answer is
",1
fake_4209,1,3,3,2,48,2,3,"Today is November 5, 2024. Racially, I am white. Ideologically, I am slightly liberal. Politically, I am an independent who leans Democratic. I do not attend church. I am 48 years old. I am a woman. I am not very interested in politics.. Question: Do you think the federal government should be doing more about the opioid drug addiction issue, should be doing less, or is it currently doing the right amount?

Answer choices:
1. Should be doing more 2. Should be doing less 3. Is doing the right amount

When answering, respond ONLY with a single number that corresponds to the option you choose. Do not include any additional text, punctuation or explanation.

My answer is
",1
fake_4210,1,1,5,1,39,1,2,"Today is November 5, 2024. Racially, I am white. Ideologically, I am extremely liberal. Politically, I am an independent who leans Republican. I attend church. I am 39 years old. I am a man. I am somewhat interested in politics.. Question: Do you think the federal government should be doing more about the opioid drug addiction issue, should be doing less, or is it currently doing the right amount?

Answer choices:
1. Should be doing more 2. Should be doing less 3. Is doing the right amount

When answering, respond ONLY with a single number that corresponds to the option you choose. Do not include any additional text, punctuation or explanation.

My answer is
",1
fake_4211,1,1,1,1,80,1,-6,"Today is November 5, 2024. Racially, I am white. Ideologically, I am extremely liberal. Politically, I am a strong democrat. I attend church. I am 80 years old. I am a man.. Question: Do you think the federal government should be doing more about the opioid drug addiction issue, should be doing less, or is it currently doing the right amount?

Answer choices:
1. Should be doing more 2. Should be doing less 3. Is doing the right amount

When answering, respond ONLY with a single number that corresponds to the option you choose. Do not include any additional text, punctuation or explanation.

My answer is
",1
fake_4212,1,2,1,1,34,1,2,"Today is November 5, 2024. Racially, I am white. Ideologically, I am liberal. Politically, I am a strong democrat. I attend church. I am 34 years old. I am a man. I am somewhat interested in politics.. Question: Do you think the federal government should be doing more about the opioid drug addiction issue, should be doing less, or is it currently doing the right amount?

Answer choices:
1. Should be doing more 2. Should be doing less 3. Is doing the right amount

When answering, respond ONLY with a single number that corresponds to the option you choose. Do not include any additional text, punctuation or explanation.

My answer is
",1
fake_4213,1,2,7,2,79,1,1,"Today is November 5, 2024. Racially, I am white. Ideologically, I am liberal. Politically, I am a strong Republican. I do not attend church. I am 79 years old. I am a man. I am very interested in politics.. Question: Do you think the federal government should be doing more about the opioid drug addiction issue, should be doing less, or is it currently doing the right amount?

Answer choices:
1. Should be doing more 2. Should be doing less 3. Is doing the right amount

When answering, respond ONLY with a single number that corresponds to the option you choose. Do not include any additional text, punctuation or explanation.

My answer is
",1
fake_4214,1,5,3,2,65,1,3,"Today is November 5, 2024. Racially, I am white. Ideologically, I am slightly conservative. Politically, I am an independent who leans Democratic. I do not attend church. I am 65 years old. I am a man. I am not very interested in politics.. Question: Do you think the federal government should be doing more about the opioid drug addiction issue, should be doing less, or is it currently doing the right amount?

Answer choices:
1. Should be doing more 2. Should be doing less 3. Is doing the right amount

When answering, respond ONLY with a single number that corresponds to the option you choose. Do not include any additional text, punctuation or explanation.

My answer is
",1
fake_4215,1,2,3,2,29,2,1,"Today is November 5, 2024. Racially, I am white. Ideologically, I am liberal. Politically, I am an independent who leans Democratic. I do not attend church. I am 29 years old. I am a woman. I am very interested in politics.. Question: Do you think the federal government should be doing more about the opioid drug addiction issue, should be doing less, or is it currently doing the right amount?

Answer choices:
1. Should be doing more 2. Should be doing less 3. Is doing the right amount

When answering, respond ONLY with a single number that corresponds to the option you choose. Do not include any additional text, punctuation or explanation.

My answer is
",1
fake_4216,1,5,2,-1,74,2,4,"Today is November 5, 2024. Racially, I am white. Ideologically, I am slightly conservative. Politically, I am a weak Democrat. I am 74 years old. I am a woman. I am not at all interested in politics.. Question: Do you think the federal government should be doing more about the opioid drug addiction issue, should be doing less, or is it currently doing the right amount?

Answer choices:
1. Should be doing more 2. Should be doing less 3. Is doing the right amount

When answering, respond ONLY with a single number that corresponds to the option you choose. Do not include any additional text, punctuation or explanation.

My answer is
",1
fake_4217,1,4,4,2,-2,2,3,"Today is November 5, 2024. Racially, I am white. Ideologically, I am moderate. Politically, I am an independent. I do not attend church. I am a woman. I am not very interested in politics.. Question: Do you think the federal government should be doing more about the opioid drug addiction issue, should be doing less, or is it currently doing the right amount?

Answer choices:
1. Should be doing more 2. Should be doing less 3. Is doing the right amount

When answering, respond ONLY with a single number that corresponds to the option you choose. Do not include any additional text, punctuation or explanation.

My answer is
",1
fake_4218,1,99,6,1,78,1,2,"Today is November 5, 2024. Racially, I am white. Politically, I am a weak Republican. I attend church. I am 78 years old. I am a man. I am somewhat interested in politics.. Question: Do you think the federal government should be doing more about the opioid drug addiction issue, should be doing less, or is it currently doing the right amount?

Answer choices:
1. Should be doing more 2. Should be doing less 3. Is doing the right amount

When answering, respond ONLY with a single number that corresponds to the option you choose. Do not include any additional text, punctuation or explanation.

My answer is
",1
fake_4219,1,99,6,2,60,1,2,"Today is November 5, 2024. Racially, I am white. Politically, I am a weak Republican. I do not attend church. I am 60 years old. I am a man. I am somewhat interested in politics.. Question: Do you think the federal government should be doing more about the opioid drug addiction issue, should be doing less, or is it currently doing the right amount?

Answer choices:
1. Should be doing more 2. Should be doing less 3. Is doing the right amount

When answering, respond ONLY with a single number that corresponds to the option you choose. Do not include any additional text, punctuation or explanation.

My answer is
",1
fake_4220,1,1,4,1,70,1,1,"Today is November 5, 2024. Racially, I am white. Ideologically, I am extremely liberal. Politically, I am an independent. I attend church. I am 70 years old. I am a man. I am very interested in politics.. Question: Do you think the federal government should be doing more about the opioid drug addiction issue, should be doing less, or is it currently doing the right amount?

Answer choices:
1. Should be doing more 2. Should be doing less 3. Is doing the right amount

When answering, respond ONLY with a single number that corresponds to the option you choose. Do not include any additional text, punctuation or explanation.

My answer is
",1
fake_4221,1,2,6,2,28,1,1,"Today is November 5, 2024. Racially, I am white. Ideologically, I am liberal. Politically, I am a weak Republican. I do not attend church. I am 28 years old. I am a man. I am very interested in politics.. Question: Do you think the federal government should be doing more about the opioid drug addiction issue, should be doing less, or is it currently doing the right amount?

Answer choices:
1. Should be doing more 2. Should be doing less 3. Is doing the right amount

When answering, respond ONLY with a single number that corresponds to the option you choose. Do not include any additional text, punctuation or explanation.

My answer is
",1
fake_4222,1,6,5,1,78,1,2,"Today is November 5, 2024. Racially, I am white. Ideologically, I am conservative. Politically, I am an independent who leans Republican. I attend church. I am 78 years old. I am a man. I am somewhat interested in politics.. Question: Do you think the federal government should be doing more about the opioid drug addiction issue, should be doing less, or is it currently doing the right amount?

Answer choices:
1. Should be doing more 2. Should be doing less 3. Is doing the right amount

When answering, respond ONLY with a single number that corresponds to the option you choose. Do not include any additional text, punctuation or explanation.

My answer is
",1
fake_4223,1,5,3,-1,40,2,4,"Today is November 5, 2024. Racially, I am white. Ideologically, I am slightly conservative. Politically, I am an independent who leans Democratic. I am 40 years old. I am a woman. I am not at all interested in politics.. Question: Do you think the federal government should be doing more about the opioid drug addiction issue, should be doing less, or is it currently doing the right amount?

Answer choices:
1. Should be doing more 2. Should be doing less 3. Is doing the right amount

When answering, respond ONLY with a single number that corresponds to the option you choose. Do not include any additional text, punctuation or explanation.

My answer is
",1
fake_4224,1,1,7,2,56,2,2,"Today is November 5, 2024. Racially, I am white. Ideologically, I am extremely liberal. Politically, I am a strong Republican. I do not attend church. I am 56 years old. I am a woman. I am somewhat interested in politics.. Question: Do you think the federal government should be doing more about the opioid drug addiction issue, should be doing less, or is it currently doing the right amount?

Answer choices:
1. Should be doing more 2. Should be doing less 3. Is doing the right amount

When answering, respond ONLY with a single number that corresponds to the option you choose. Do not include any additional text, punctuation or explanation.

My answer is
",1
fake_4225,1,3,1,1,42,1,2,"Today is November 5, 2024. Racially, I am white. Ideologically, I am slightly liberal. Politically, I am a strong democrat. I attend church. I am 42 years old. I am a man. I am somewhat interested in politics.. Question: Do you think the federal government should be doing more about the opioid drug addiction issue, should be doing less, or is it currently doing the right amount?

Answer choices:
1. Should be doing more 2. Should be doing less 3. Is doing the right amount

When answering, respond ONLY with a single number that corresponds to the option you choose. Do not include any additional text, punctuation or explanation.

My answer is
",1
fake_4226,1,5,7,1,64,1,2,"Today is November 5, 2024. Racially, I am white. Ideologically, I am slightly conservative. Politically, I am a strong Republican. I attend church. I am 64 years old. I am a man. I am somewhat interested in politics.. Question: Do you think the federal government should be doing more about the opioid drug addiction issue, should be doing less, or is it currently doing the right amount?

Answer choices:
1. Should be doing more 2. Should be doing less 3. Is doing the right amount

When answering, respond ONLY with a single number that corresponds to the option you choose. Do not include any additional text, punctuation or explanation.

My answer is
",1
fake_4227,3,6,7,1,49,2,2,"Today is November 5, 2024. Racially, I am hispanic. Ideologically, I am conservative. Politically, I am a strong Republican. I attend church. I am 49 years old. I am a woman. I am somewhat interested in politics.. Question: Do you think the federal government should be doing more about the opioid drug addiction issue, should be doing less, or is it currently doing the right amount?

Answer choices:
1. Should be doing more 2. Should be doing less 3. Is doing the right amount

When answering, respond ONLY with a single number that corresponds to the option you choose. Do not include any additional text, punctuation or explanation.

My answer is
",1
fake_4228,1,6,6,2,79,1,4,"Today is November 5, 2024. Racially, I am white. Ideologically, I am conservative. Politically, I am a weak Republican. I do not attend church. I am 79 years old. I am a man. I am not at all interested in politics.. Question: Do you think the federal government should be doing more about the opioid drug addiction issue, should be doing less, or is it currently doing the right amount?

Answer choices:
1. Should be doing more 2. Should be doing less 3. Is doing the right amount

When answering, respond ONLY with a single number that corresponds to the option you choose. Do not include any additional text, punctuation or explanation.

My answer is
",1
fake_4229,1,4,1,1,41,2,2,"Today is November 5, 2024. Racially, I am white. Ideologically, I am moderate. Politically, I am a strong democrat. I attend church. I am 41 years old. I am a woman. I am somewhat interested in politics.. Question: Do you think the federal government should be doing more about the opioid drug addiction issue, should be doing less, or is it currently doing the right amount?

Answer choices:
1. Should be doing more 2. Should be doing less 3. Is doing the right amount

When answering, respond ONLY with a single number that corresponds to the option you choose. Do not include any additional text, punctuation or explanation.

My answer is
",1
fake_4230,1,2,7,2,45,2,3,"Today is November 5, 2024. Racially, I am white. Ideologically, I am liberal. Politically, I am a strong Republican. I do not attend church. I am 45 years old. I am a woman. I am not very interested in politics.. Question: Do you think the federal government should be doing more about the opioid drug addiction issue, should be doing less, or is it currently doing the right amount?

Answer choices:
1. Should be doing more 2. Should be doing less 3. Is doing the right amount

When answering, respond ONLY with a single number that corresponds to the option you choose. Do not include any additional text, punctuation or explanation.

My answer is
",1
fake_4231,3,4,3,2,51,1,4,"Today is November 5, 2024. Racially, I am hispanic. Ideologically, I am moderate. Politically, I am an independent who leans Democratic. I do not attend church. I am 51 years old. I am a man. I am not at all interested in politics.. Question: Do you think the federal government should be doing more about the opioid drug addiction issue, should be doing less, or is it currently doing the right amount?

Answer choices:
1. Should be doing more 2. Should be doing less 3. Is doing the right amount

When answering, respond ONLY with a single number that corresponds to the option you choose. Do not include any additional text, punctuation or explanation.

My answer is
",1
fake_4232,1,4,5,1,-2,2,1,"Today is November 5, 2024. Racially, I am white. Ideologically, I am moderate. Politically, I am an independent who leans Republican. I attend church. I am a woman. I am very interested in politics.. Question: Do you think the federal government should be doing more about the opioid drug addiction issue, should be doing less, or is it currently doing the right amount?

Answer choices:
1. Should be doing more 2. Should be doing less 3. Is doing the right amount

When answering, respond ONLY with a single number that corresponds to the option you choose. Do not include any additional text, punctuation or explanation.

My answer is
",1
fake_4233,1,4,3,2,25,1,1,"Today is November 5, 2024. Racially, I am white. Ideologically, I am moderate. Politically, I am an independent who leans Democratic. I do not attend church. I am 25 years old. I am a man. I am very interested in politics.. Question: Do you think the federal government should be doing more about the opioid drug addiction issue, should be doing less, or is it currently doing the right amount?

Answer choices:
1. Should be doing more 2. Should be doing less 3. Is doing the right amount

When answering, respond ONLY with a single number that corresponds to the option you choose. Do not include any additional text, punctuation or explanation.

My answer is
",1
fake_4234,1,2,1,1,29,1,1,"Today is November 5, 2024. Racially, I am white. Ideologically, I am liberal. Politically, I am a strong democrat. I attend church. I am 29 years old. I am a man. I am very interested in politics.. Question: Do you think the federal government should be doing more about the opioid drug addiction issue, should be doing less, or is it currently doing the right amount?

Answer choices:
1. Should be doing more 2. Should be doing less 3. Is doing the right amount

When answering, respond ONLY with a single number that corresponds to the option you choose. Do not include any additional text, punctuation or explanation.

My answer is
",1
fake_4235,1,2,5,2,21,1,2,"Today is November 5, 2024. Racially, I am white. Ideologically, I am liberal. Politically, I am an independent who leans Republican. I do not attend church. I am 21 years old. I am a man. I am somewhat interested in politics.. Question: Do you think the federal government should be doing more about the opioid drug addiction issue, should be doing less, or is it currently doing the right amount?

Answer choices:
1. Should be doing more 2. Should be doing less 3. Is doing the right amount

When answering, respond ONLY with a single number that corresponds to the option you choose. Do not include any additional text, punctuation or explanation.

My answer is
",1
fake_4236,1,2,2,2,47,1,2,"Today is November 5, 2024. Racially, I am white. Ideologically, I am liberal. Politically, I am a weak Democrat. I do not attend church. I am 47 years old. I am a man. I am somewhat interested in politics.. Question: Do you think the federal government should be doing more about the opioid drug addiction issue, should be doing less, or is it currently doing the right amount?

Answer choices:
1. Should be doing more 2. Should be doing less 3. Is doing the right amount

When answering, respond ONLY with a single number that corresponds to the option you choose. Do not include any additional text, punctuation or explanation.

My answer is
",1
fake_4237,1,6,1,2,51,1,3,"Today is November 5, 2024. Racially, I am white. Ideologically, I am conservative. Politically, I am a strong democrat. I do not attend church. I am 51 years old. I am a man. I am not very interested in politics.. Question: Do you think the federal government should be doing more about the opioid drug addiction issue, should be doing less, or is it currently doing the right amount?

Answer choices:
1. Should be doing more 2. Should be doing less 3. Is doing the right amount

When answering, respond ONLY with a single number that corresponds to the option you choose. Do not include any additional text, punctuation or explanation.

My answer is
",1
fake_4238,1,-9,1,2,77,2,2,"Today is November 5, 2024. Racially, I am white. Politically, I am a strong democrat. I do not attend church. I am 77 years old. I am a woman. I am somewhat interested in politics.. Question: Do you think the federal government should be doing more about the opioid drug addiction issue, should be doing less, or is it currently doing the right amount?

Answer choices:
1. Should be doing more 2. Should be doing less 3. Is doing the right amount

When answering, respond ONLY with a single number that corresponds to the option you choose. Do not include any additional text, punctuation or explanation.

My answer is
",1
fake_4239,1,4,7,2,80,2,2,"Today is November 5, 2024. Racially, I am white. Ideologically, I am moderate. Politically, I am a strong Republican. I do not attend church. I am 80 years old. I am a woman. I am somewhat interested in politics.. Question: Do you think the federal government should be doing more about the opioid drug addiction issue, should be doing less, or is it currently doing the right amount?

Answer choices:
1. Should be doing more 2. Should be doing less 3. Is doing the right amount

When answering, respond ONLY with a single number that corresponds to the option you choose. Do not include any additional text, punctuation or explanation.

My answer is
",1
fake_4240,1,5,4,2,64,1,4,"Today is November 5, 2024. Racially, I am white. Ideologically, I am slightly conservative. Politically, I am an independent. I do not attend church. I am 64 years old. I am a man. I am not at all interested in politics.. Question: Do you think the federal government should be doing more about the opioid drug addiction issue, should be doing less, or is it currently doing the right amount?

Answer choices:
1. Should be doing more 2. Should be doing less 3. Is doing the right amount

When answering, respond ONLY with a single number that corresponds to the option you choose. Do not include any additional text, punctuation or explanation.

My answer is
",1
fake_4241,1,5,5,2,71,1,2,"Today is November 5, 2024. Racially, I am white. Ideologically, I am slightly conservative. Politically, I am an independent who leans Republican. I do not attend church. I am 71 years old. I am a man. I am somewhat interested in politics.. Question: Do you think the federal government should be doing more about the opioid drug addiction issue, should be doing less, or is it currently doing the right amount?

Answer choices:
1. Should be doing more 2. Should be doing less 3. Is doing the right amount

When answering, respond ONLY with a single number that corresponds to the option you choose. Do not include any additional text, punctuation or explanation.

My answer is
",1
fake_4242,5,6,3,1,40,2,1,"Today is November 5, 2024. Racially, I am native American. Ideologically, I am conservative. Politically, I am an independent who leans Democratic. I attend church. I am 40 years old. I am a woman. I am very interested in politics.. Question: Do you think the federal government should be doing more about the opioid drug addiction issue, should be doing less, or is it currently doing the right amount?

Answer choices:
1. Should be doing more 2. Should be doing less 3. Is doing the right amount

When answering, respond ONLY with a single number that corresponds to the option you choose. Do not include any additional text, punctuation or explanation.

My answer is
",1
fake_4243,1,99,6,1,32,2,2,"Today is November 5, 2024. Racially, I am white. Politically, I am a weak Republican. I attend church. I am 32 years old. I am a woman. I am somewhat interested in politics.. Question: Do you think the federal government should be doing more about the opioid drug addiction issue, should be doing less, or is it currently doing the right amount?

Answer choices:
1. Should be doing more 2. Should be doing less 3. Is doing the right amount

When answering, respond ONLY with a single number that corresponds to the option you choose. Do not include any additional text, punctuation or explanation.

My answer is
",1
fake_4244,1,4,1,2,58,1,4,"Today is November 5, 2024. Racially, I am white. Ideologically, I am moderate. Politically, I am a strong democrat. I do not attend church. I am 58 years old. I am a man. I am not at all interested in politics.. Question: Do you think the federal government should be doing more about the opioid drug addiction issue, should be doing less, or is it currently doing the right amount?

Answer choices:
1. Should be doing more 2. Should be doing less 3. Is doing the right amount

When answering, respond ONLY with a single number that corresponds to the option you choose. Do not include any additional text, punctuation or explanation.

My answer is
",1
fake_4245,1,1,1,2,55,2,2,"Today is November 5, 2024. Racially, I am white. Ideologically, I am extremely liberal. Politically, I am a strong democrat. I do not attend church. I am 55 years old. I am a woman. I am somewhat interested in politics.. Question: Do you think the federal government should be doing more about the opioid drug addiction issue, should be doing less, or is it currently doing the right amount?

Answer choices:
1. Should be doing more 2. Should be doing less 3. Is doing the right amount

When answering, respond ONLY with a single number that corresponds to the option you choose. Do not include any additional text, punctuation or explanation.

My answer is
",1
fake_4246,1,6,6,2,-2,2,-5,"Today is November 5, 2024. Racially, I am white. Ideologically, I am conservative. Politically, I am a weak Republican. I do not attend church. I am a woman.. Question: Do you think the federal government should be doing more about the opioid drug addiction issue, should be doing less, or is it currently doing the right amount?

Answer choices:
1. Should be doing more 2. Should be doing less 3. Is doing the right amount

When answering, respond ONLY with a single number that corresponds to the option you choose. Do not include any additional text, punctuation or explanation.

My answer is
",1
fake_4247,1,4,3,1,80,1,1,"Today is November 5, 2024. Racially, I am white. Ideologically, I am moderate. Politically, I am an independent who leans Democratic. I attend church. I am 80 years old. I am a man. I am very interested in politics.. Question: Do you think the federal government should be doing more about the opioid drug addiction issue, should be doing less, or is it currently doing the right amount?

Answer choices:
1. Should be doing more 2. Should be doing less 3. Is doing the right amount

When answering, respond ONLY with a single number that corresponds to the option you choose. Do not include any additional text, punctuation or explanation.

My answer is
",1
fake_4248,1,99,6,1,68,1,3,"Today is November 5, 2024. Racially, I am white. Politically, I am a weak Republican. I attend church. I am 68 years old. I am a man. I am not very interested in politics.. Question: Do you think the federal government should be doing more about the opioid drug addiction issue, should be doing less, or is it currently doing the right amount?

Answer choices:
1. Should be doing more 2. Should be doing less 3. Is doing the right amount

When answering, respond ONLY with a single number that corresponds to the option you choose. Do not include any additional text, punctuation or explanation.

My answer is
",1
fake_4249,1,7,7,2,80,2,2,"Today is November 5, 2024. Racially, I am white. Ideologically, I am extremely conservative. Politically, I am a strong Republican. I do not attend church. I am 80 years old. I am a woman. I am somewhat interested in politics.. Question: Do you think the federal government should be doing more about the opioid drug addiction issue, should be doing less, or is it currently doing the right amount?

Answer choices:
1. Should be doing more 2. Should be doing less 3. Is doing the right amount

When answering, respond ONLY with a single number that corresponds to the option you choose. Do not include any additional text, punctuation or explanation.

My answer is
",1
fake_4250,1,4,4,-1,77,2,2,"Today is November 5, 2024. Racially, I am white. Ideologically, I am moderate. Politically, I am an independent. I am 77 years old. I am a woman. I am somewhat interested in politics.. Question: Do you think the federal government should be doing more about the opioid drug addiction issue, should be doing less, or is it currently doing the right amount?

Answer choices:
1. Should be doing more 2. Should be doing less 3. Is doing the right amount

When answering, respond ONLY with a single number that corresponds to the option you choose. Do not include any additional text, punctuation or explanation.

My answer is
",1
fake_4251,1,2,6,1,30,2,3,"Today is November 5, 2024. Racially, I am white. Ideologically, I am liberal. Politically, I am a weak Republican. I attend church. I am 30 years old. I am a woman. I am not very interested in politics.. Question: Do you think the federal government should be doing more about the opioid drug addiction issue, should be doing less, or is it currently doing the right amount?

Answer choices:
1. Should be doing more 2. Should be doing less 3. Is doing the right amount

When answering, respond ONLY with a single number that corresponds to the option you choose. Do not include any additional text, punctuation or explanation.

My answer is
",1
fake_4252,3,2,7,2,68,1,4,"Today is November 5, 2024. Racially, I am hispanic. Ideologically, I am liberal. Politically, I am a strong Republican. I do not attend church. I am 68 years old. I am a man. I am not at all interested in politics.. Question: Do you think the federal government should be doing more about the opioid drug addiction issue, should be doing less, or is it currently doing the right amount?

Answer choices:
1. Should be doing more 2. Should be doing less 3. Is doing the right amount

When answering, respond ONLY with a single number that corresponds to the option you choose. Do not include any additional text, punctuation or explanation.

My answer is
",1
fake_4253,6,4,7,1,80,1,1,"Today is November 5, 2024. Ideologically, I am moderate. Politically, I am a strong Republican. I attend church. I am 80 years old. I am a man. I am very interested in politics.. Question: Do you think the federal government should be doing more about the opioid drug addiction issue, should be doing less, or is it currently doing the right amount?

Answer choices:
1. Should be doing more 2. Should be doing less 3. Is doing the right amount

When answering, respond ONLY with a single number that corresponds to the option you choose. Do not include any additional text, punctuation or explanation.

My answer is
",1
fake_4254,1,4,7,1,76,2,2,"Today is November 5, 2024. Racially, I am white. Ideologically, I am moderate. Politically, I am a strong Republican. I attend church. I am 76 years old. I am a woman. I am somewhat interested in politics.. Question: Do you think the federal government should be doing more about the opioid drug addiction issue, should be doing less, or is it currently doing the right amount?

Answer choices:
1. Should be doing more 2. Should be doing less 3. Is doing the right amount

When answering, respond ONLY with a single number that corresponds to the option you choose. Do not include any additional text, punctuation or explanation.

My answer is
",1
fake_4255,1,99,1,2,54,2,2,"Today is November 5, 2024. Racially, I am white. Politically, I am a strong democrat. I do not attend church. I am 54 years old. I am a woman. I am somewhat interested in politics.. Question: Do you think the federal government should be doing more about the opioid drug addiction issue, should be doing less, or is it currently doing the right amount?

Answer choices:
1. Should be doing more 2. Should be doing less 3. Is doing the right amount

When answering, respond ONLY with a single number that corresponds to the option you choose. Do not include any additional text, punctuation or explanation.

My answer is
",1
fake_4256,1,4,3,2,30,1,2,"Today is November 5, 2024. Racially, I am white. Ideologically, I am moderate. Politically, I am an independent who leans Democratic. I do not attend church. I am 30 years old. I am a man. I am somewhat interested in politics.. Question: Do you think the federal government should be doing more about the opioid drug addiction issue, should be doing less, or is it currently doing the right amount?

Answer choices:
1. Should be doing more 2. Should be doing less 3. Is doing the right amount

When answering, respond ONLY with a single number that corresponds to the option you choose. Do not include any additional text, punctuation or explanation.

My answer is
",1
fake_4257,1,99,7,1,70,1,2,"Today is November 5, 2024. Racially, I am white. Politically, I am a strong Republican. I attend church. I am 70 years old. I am a man. I am somewhat interested in politics.. Question: Do you think the federal government should be doing more about the opioid drug addiction issue, should be doing less, or is it currently doing the right amount?

Answer choices:
1. Should be doing more 2. Should be doing less 3. Is doing the right amount

When answering, respond ONLY with a single number that corresponds to the option you choose. Do not include any additional text, punctuation or explanation.

My answer is
",1
fake_4258,3,2,1,1,69,1,2,"Today is November 5, 2024. Racially, I am hispanic. Ideologically, I am liberal. Politically, I am a strong democrat. I attend church. I am 69 years old. I am a man. I am somewhat interested in politics.. Question: Do you think the federal government should be doing more about the opioid drug addiction issue, should be doing less, or is it currently doing the right amount?

Answer choices:
1. Should be doing more 2. Should be doing less 3. Is doing the right amount

When answering, respond ONLY with a single number that corresponds to the option you choose. Do not include any additional text, punctuation or explanation.

My answer is
",1
fake_4259,-9,4,6,1,67,2,2,"Today is November 5, 2024. Ideologically, I am moderate. Politically, I am a weak Republican. I attend church. I am 67 years old. I am a woman. I am somewhat interested in politics.. Question: Do you think the federal government should be doing more about the opioid drug addiction issue, should be doing less, or is it currently doing the right amount?

Answer choices:
1. Should be doing more 2. Should be doing less 3. Is doing the right amount

When answering, respond ONLY with a single number that corresponds to the option you choose. Do not include any additional text, punctuation or explanation.

My answer is
",1
fake_4260,1,6,2,-1,63,2,-6,"Today is November 5, 2024. Racially, I am white. Ideologically, I am conservative. Politically, I am a weak Democrat. I am 63 years old. I am a woman.. Question: Do you think the federal government should be doing more about the opioid drug addiction issue, should be doing less, or is it currently doing the right amount?

Answer choices:
1. Should be doing more 2. Should be doing less 3. Is doing the right amount

When answering, respond ONLY with a single number that corresponds to the option you choose. Do not include any additional text, punctuation or explanation.

My answer is
",1
fake_4261,3,99,1,1,19,2,2,"Today is November 5, 2024. Racially, I am hispanic. Politically, I am a strong democrat. I attend church. I am 19 years old. I am a woman. I am somewhat interested in politics.. Question: Do you think the federal government should be doing more about the opioid drug addiction issue, should be doing less, or is it currently doing the right amount?

Answer choices:
1. Should be doing more 2. Should be doing less 3. Is doing the right amount

When answering, respond ONLY with a single number that corresponds to the option you choose. Do not include any additional text, punctuation or explanation.

My answer is
",1
fake_4262,1,3,7,1,33,2,1,"Today is November 5, 2024. Racially, I am white. Ideologically, I am slightly liberal. Politically, I am a strong Republican. I attend church. I am 33 years old. I am a woman. I am very interested in politics.. Question: Do you think the federal government should be doing more about the opioid drug addiction issue, should be doing less, or is it currently doing the right amount?

Answer choices:
1. Should be doing more 2. Should be doing less 3. Is doing the right amount

When answering, respond ONLY with a single number that corresponds to the option you choose. Do not include any additional text, punctuation or explanation.

My answer is
",1
fake_4263,5,4,4,2,40,1,-6,"Today is November 5, 2024. Racially, I am native American. Ideologically, I am moderate. Politically, I am an independent. I do not attend church. I am 40 years old. I am a man.. Question: Do you think the federal government should be doing more about the opioid drug addiction issue, should be doing less, or is it currently doing the right amount?

Answer choices:
1. Should be doing more 2. Should be doing less 3. Is doing the right amount

When answering, respond ONLY with a single number that corresponds to the option you choose. Do not include any additional text, punctuation or explanation.

My answer is
",1
fake_4264,1,1,6,2,42,2,1,"Today is November 5, 2024. Racially, I am white. Ideologically, I am extremely liberal. Politically, I am a weak Republican. I do not attend church. I am 42 years old. I am a woman. I am very interested in politics.. Question: Do you think the federal government should be doing more about the opioid drug addiction issue, should be doing less, or is it currently doing the right amount?

Answer choices:
1. Should be doing more 2. Should be doing less 3. Is doing the right amount

When answering, respond ONLY with a single number that corresponds to the option you choose. Do not include any additional text, punctuation or explanation.

My answer is
",1
fake_4265,1,7,7,1,67,2,2,"Today is November 5, 2024. Racially, I am white. Ideologically, I am extremely conservative. Politically, I am a strong Republican. I attend church. I am 67 years old. I am a woman. I am somewhat interested in politics.. Question: Do you think the federal government should be doing more about the opioid drug addiction issue, should be doing less, or is it currently doing the right amount?

Answer choices:
1. Should be doing more 2. Should be doing less 3. Is doing the right amount

When answering, respond ONLY with a single number that corresponds to the option you choose. Do not include any additional text, punctuation or explanation.

My answer is
",1
fake_4266,1,4,7,2,70,2,2,"Today is November 5, 2024. Racially, I am white. Ideologically, I am moderate. Politically, I am a strong Republican. I do not attend church. I am 70 years old. I am a woman. I am somewhat interested in politics.. Question: Do you think the federal government should be doing more about the opioid drug addiction issue, should be doing less, or is it currently doing the right amount?

Answer choices:
1. Should be doing more 2. Should be doing less 3. Is doing the right amount

When answering, respond ONLY with a single number that corresponds to the option you choose. Do not include any additional text, punctuation or explanation.

My answer is
",1
fake_4267,1,99,3,1,29,1,2,"Today is November 5, 2024. Racially, I am white. Politically, I am an independent who leans Democratic. I attend church. I am 29 years old. I am a man. I am somewhat interested in politics.. Question: Do you think the federal government should be doing more about the opioid drug addiction issue, should be doing less, or is it currently doing the right amount?

Answer choices:
1. Should be doing more 2. Should be doing less 3. Is doing the right amount

When answering, respond ONLY with a single number that corresponds to the option you choose. Do not include any additional text, punctuation or explanation.

My answer is
",1
fake_4268,1,5,3,2,45,2,2,"Today is November 5, 2024. Racially, I am white. Ideologically, I am slightly conservative. Politically, I am an independent who leans Democratic. I do not attend church. I am 45 years old. I am a woman. I am somewhat interested in politics.. Question: Do you think the federal government should be doing more about the opioid drug addiction issue, should be doing less, or is it currently doing the right amount?

Answer choices:
1. Should be doing more 2. Should be doing less 3. Is doing the right amount

When answering, respond ONLY with a single number that corresponds to the option you choose. Do not include any additional text, punctuation or explanation.

My answer is
",1
fake_4269,2,4,7,1,44,2,-6,"Today is November 5, 2024. Racially, I am black. Ideologically, I am moderate. Politically, I am a strong Republican. I attend church. I am 44 years old. I am a woman.. Question: Do you think the federal government should be doing more about the opioid drug addiction issue, should be doing less, or is it currently doing the right amount?

Answer choices:
1. Should be doing more 2. Should be doing less 3. Is doing the right amount

When answering, respond ONLY with a single number that corresponds to the option you choose. Do not include any additional text, punctuation or explanation.

My answer is
",1
fake_4270,1,7,7,2,59,1,1,"Today is November 5, 2024. Racially, I am white. Ideologically, I am extremely conservative. Politically, I am a strong Republican. I do not attend church. I am 59 years old. I am a man. I am very interested in politics.. Question: Do you think the federal government should be doing more about the opioid drug addiction issue, should be doing less, or is it currently doing the right amount?

Answer choices:
1. Should be doing more 2. Should be doing less 3. Is doing the right amount

When answering, respond ONLY with a single number that corresponds to the option you choose. Do not include any additional text, punctuation or explanation.

My answer is
",2
fake_4271,1,4,5,1,47,2,2,"Today is November 5, 2024. Racially, I am white. Ideologically, I am moderate. Politically, I am an independent who leans Republican. I attend church. I am 47 years old. I am a woman. I am somewhat interested in politics.. Question: Do you think the federal government should be doing more about the opioid drug addiction issue, should be doing less, or is it currently doing the right amount?

Answer choices:
1. Should be doing more 2. Should be doing less 3. Is doing the right amount

When answering, respond ONLY with a single number that corresponds to the option you choose. Do not include any additional text, punctuation or explanation.

My answer is
",1
fake_4272,2,99,2,1,62,1,2,"Today is November 5, 2024. Racially, I am black. Politically, I am a weak Democrat. I attend church. I am 62 years old. I am a man. I am somewhat interested in politics.. Question: Do you think the federal government should be doing more about the opioid drug addiction issue, should be doing less, or is it currently doing the right amount?

Answer choices:
1. Should be doing more 2. Should be doing less 3. Is doing the right amount

When answering, respond ONLY with a single number that corresponds to the option you choose. Do not include any additional text, punctuation or explanation.

My answer is
",1
fake_4273,3,6,3,2,56,1,2,"Today is November 5, 2024. Racially, I am hispanic. Ideologically, I am conservative. Politically, I am an independent who leans Democratic. I do not attend church. I am 56 years old. I am a man. I am somewhat interested in politics.. Question: Do you think the federal government should be doing more about the opioid drug addiction issue, should be doing less, or is it currently doing the right amount?

Answer choices:
1. Should be doing more 2. Should be doing less 3. Is doing the right amount

When answering, respond ONLY with a single number that corresponds to the option you choose. Do not include any additional text, punctuation or explanation.

My answer is
",1
fake_4274,1,4,2,2,40,1,2,"Today is November 5, 2024. Racially, I am white. Ideologically, I am moderate. Politically, I am a weak Democrat. I do not attend church. I am 40 years old. I am a man. I am somewhat interested in politics.. Question: Do you think the federal government should be doing more about the opioid drug addiction issue, should be doing less, or is it currently doing the right amount?

Answer choices:
1. Should be doing more 2. Should be doing less 3. Is doing the right amount

When answering, respond ONLY with a single number that corresponds to the option you choose. Do not include any additional text, punctuation or explanation.

My answer is
",1
fake_4275,1,5,6,2,29,1,2,"Today is November 5, 2024. Racially, I am white. Ideologically, I am slightly conservative. Politically, I am a weak Republican. I do not attend church. I am 29 years old. I am a man. I am somewhat interested in politics.. Question: Do you think the federal government should be doing more about the opioid drug addiction issue, should be doing less, or is it currently doing the right amount?

Answer choices:
1. Should be doing more 2. Should be doing less 3. Is doing the right amount

When answering, respond ONLY with a single number that corresponds to the option you choose. Do not include any additional text, punctuation or explanation.

My answer is
",1
fake_4276,1,7,3,1,54,2,2,"Today is November 5, 2024. Racially, I am white. Ideologically, I am extremely conservative. Politically, I am an independent who leans Democratic. I attend church. I am 54 years old. I am a woman. I am somewhat interested in politics.. Question: Do you think the federal government should be doing more about the opioid drug addiction issue, should be doing less, or is it currently doing the right amount?

Answer choices:
1. Should be doing more 2. Should be doing less 3. Is doing the right amount

When answering, respond ONLY with a single number that corresponds to the option you choose. Do not include any additional text, punctuation or explanation.

My answer is
",1
fake_4277,1,6,1,2,54,1,2,"Today is November 5, 2024. Racially, I am white. Ideologically, I am conservative. Politically, I am a strong democrat. I do not attend church. I am 54 years old. I am a man. I am somewhat interested in politics.. Question: Do you think the federal government should be doing more about the opioid drug addiction issue, should be doing less, or is it currently doing the right amount?

Answer choices:
1. Should be doing more 2. Should be doing less 3. Is doing the right amount

When answering, respond ONLY with a single number that corresponds to the option you choose. Do not include any additional text, punctuation or explanation.

My answer is
",1
fake_4278,1,99,1,2,72,2,1,"Today is November 5, 2024. Racially, I am white. Politically, I am a strong democrat. I do not attend church. I am 72 years old. I am a woman. I am very interested in politics.. Question: Do you think the federal government should be doing more about the opioid drug addiction issue, should be doing less, or is it currently doing the right amount?

Answer choices:
1. Should be doing more 2. Should be doing less 3. Is doing the right amount

When answering, respond ONLY with a single number that corresponds to the option you choose. Do not include any additional text, punctuation or explanation.

My answer is
",1
fake_4279,1,4,7,1,27,1,2,"Today is November 5, 2024. Racially, I am white. Ideologically, I am moderate. Politically, I am a strong Republican. I attend church. I am 27 years old. I am a man. I am somewhat interested in politics.. Question: Do you think the federal government should be doing more about the opioid drug addiction issue, should be doing less, or is it currently doing the right amount?

Answer choices:
1. Should be doing more 2. Should be doing less 3. Is doing the right amount

When answering, respond ONLY with a single number that corresponds to the option you choose. Do not include any additional text, punctuation or explanation.

My answer is
",1
fake_4280,5,4,6,2,21,2,3,"Today is November 5, 2024. Racially, I am native American. Ideologically, I am moderate. Politically, I am a weak Republican. I do not attend church. I am 21 years old. I am a woman. I am not very interested in politics.. Question: Do you think the federal government should be doing more about the opioid drug addiction issue, should be doing less, or is it currently doing the right amount?

Answer choices:
1. Should be doing more 2. Should be doing less 3. Is doing the right amount

When answering, respond ONLY with a single number that corresponds to the option you choose. Do not include any additional text, punctuation or explanation.

My answer is
",1
fake_4281,1,4,6,1,72,1,2,"Today is November 5, 2024. Racially, I am white. Ideologically, I am moderate. Politically, I am a weak Republican. I attend church. I am 72 years old. I am a man. I am somewhat interested in politics.. Question: Do you think the federal government should be doing more about the opioid drug addiction issue, should be doing less, or is it currently doing the right amount?

Answer choices:
1. Should be doing more 2. Should be doing less 3. Is doing the right amount

When answering, respond ONLY with a single number that corresponds to the option you choose. Do not include any additional text, punctuation or explanation.

My answer is
",1
fake_4282,1,4,5,1,80,1,1,"Today is November 5, 2024. Racially, I am white. Ideologically, I am moderate. Politically, I am an independent who leans Republican. I attend church. I am 80 years old. I am a man. I am very interested in politics.. Question: Do you think the federal government should be doing more about the opioid drug addiction issue, should be doing less, or is it currently doing the right amount?

Answer choices:
1. Should be doing more 2. Should be doing less 3. Is doing the right amount

When answering, respond ONLY with a single number that corresponds to the option you choose. Do not include any additional text, punctuation or explanation.

My answer is
",1
fake_4283,1,2,5,2,80,1,1,"Today is November 5, 2024. Racially, I am white. Ideologically, I am liberal. Politically, I am an independent who leans Republican. I do not attend church. I am 80 years old. I am a man. I am very interested in politics.. Question: Do you think the federal government should be doing more about the opioid drug addiction issue, should be doing less, or is it currently doing the right amount?

Answer choices:
1. Should be doing more 2. Should be doing less 3. Is doing the right amount

When answering, respond ONLY with a single number that corresponds to the option you choose. Do not include any additional text, punctuation or explanation.

My answer is
",1
fake_4284,1,99,1,2,62,1,4,"Today is November 5, 2024. Racially, I am white. Politically, I am a strong democrat. I do not attend church. I am 62 years old. I am a man. I am not at all interested in politics.. Question: Do you think the federal government should be doing more about the opioid drug addiction issue, should be doing less, or is it currently doing the right amount?

Answer choices:
1. Should be doing more 2. Should be doing less 3. Is doing the right amount

When answering, respond ONLY with a single number that corresponds to the option you choose. Do not include any additional text, punctuation or explanation.

My answer is
",1
fake_4285,1,3,6,1,67,1,3,"Today is November 5, 2024. Racially, I am white. Ideologically, I am slightly liberal. Politically, I am a weak Republican. I attend church. I am 67 years old. I am a man. I am not very interested in politics.. Question: Do you think the federal government should be doing more about the opioid drug addiction issue, should be doing less, or is it currently doing the right amount?

Answer choices:
1. Should be doing more 2. Should be doing less 3. Is doing the right amount

When answering, respond ONLY with a single number that corresponds to the option you choose. Do not include any additional text, punctuation or explanation.

My answer is
",1
fake_4286,1,2,6,2,61,1,3,"Today is November 5, 2024. Racially, I am white. Ideologically, I am liberal. Politically, I am a weak Republican. I do not attend church. I am 61 years old. I am a man. I am not very interested in politics.. Question: Do you think the federal government should be doing more about the opioid drug addiction issue, should be doing less, or is it currently doing the right amount?

Answer choices:
1. Should be doing more 2. Should be doing less 3. Is doing the right amount

When answering, respond ONLY with a single number that corresponds to the option you choose. Do not include any additional text, punctuation or explanation.

My answer is
",1
fake_4287,1,4,4,1,-2,2,1,"Today is November 5, 2024. Racially, I am white. Ideologically, I am moderate. Politically, I am an independent. I attend church. I am a woman. I am very interested in politics.. Question: Do you think the federal government should be doing more about the opioid drug addiction issue, should be doing less, or is it currently doing the right amount?

Answer choices:
1. Should be doing more 2. Should be doing less 3. Is doing the right amount

When answering, respond ONLY with a single number that corresponds to the option you choose. Do not include any additional text, punctuation or explanation.

My answer is
",1
fake_4288,1,4,6,1,71,2,1,"Today is November 5, 2024. Racially, I am white. Ideologically, I am moderate. Politically, I am a weak Republican. I attend church. I am 71 years old. I am a woman. I am very interested in politics.. Question: Do you think the federal government should be doing more about the opioid drug addiction issue, should be doing less, or is it currently doing the right amount?

Answer choices:
1. Should be doing more 2. Should be doing less 3. Is doing the right amount

When answering, respond ONLY with a single number that corresponds to the option you choose. Do not include any additional text, punctuation or explanation.

My answer is
",1
fake_4289,6,6,7,-1,67,1,4,"Today is November 5, 2024. Ideologically, I am conservative. Politically, I am a strong Republican. I am 67 years old. I am a man. I am not at all interested in politics.. Question: Do you think the federal government should be doing more about the opioid drug addiction issue, should be doing less, or is it currently doing the right amount?

Answer choices:
1. Should be doing more 2. Should be doing less 3. Is doing the right amount

When answering, respond ONLY with a single number that corresponds to the option you choose. Do not include any additional text, punctuation or explanation.

My answer is
",1
fake_4290,3,4,5,2,74,1,-6,"Today is November 5, 2024. Racially, I am hispanic. Ideologically, I am moderate. Politically, I am an independent who leans Republican. I do not attend church. I am 74 years old. I am a man.. Question: Do you think the federal government should be doing more about the opioid drug addiction issue, should be doing less, or is it currently doing the right amount?

Answer choices:
1. Should be doing more 2. Should be doing less 3. Is doing the right amount

When answering, respond ONLY with a single number that corresponds to the option you choose. Do not include any additional text, punctuation or explanation.

My answer is
",1
fake_4291,1,2,3,2,72,1,-6,"Today is November 5, 2024. Racially, I am white. Ideologically, I am liberal. Politically, I am an independent who leans Democratic. I do not attend church. I am 72 years old. I am a man.. Question: Do you think the federal government should be doing more about the opioid drug addiction issue, should be doing less, or is it currently doing the right amount?

Answer choices:
1. Should be doing more 2. Should be doing less 3. Is doing the right amount

When answering, respond ONLY with a single number that corresponds to the option you choose. Do not include any additional text, punctuation or explanation.

My answer is
",1
fake_4292,2,3,1,1,56,1,3,"Today is November 5, 2024. Racially, I am black. Ideologically, I am slightly liberal. Politically, I am a strong democrat. I attend church. I am 56 years old. I am a man. I am not very interested in politics.. Question: Do you think the federal government should be doing more about the opioid drug addiction issue, should be doing less, or is it currently doing the right amount?

Answer choices:
1. Should be doing more 2. Should be doing less 3. Is doing the right amount

When answering, respond ONLY with a single number that corresponds to the option you choose. Do not include any additional text, punctuation or explanation.

My answer is
",1
fake_4293,1,3,7,1,80,2,2,"Today is November 5, 2024. Racially, I am white. Ideologically, I am slightly liberal. Politically, I am a strong Republican. I attend church. I am 80 years old. I am a woman. I am somewhat interested in politics.. Question: Do you think the federal government should be doing more about the opioid drug addiction issue, should be doing less, or is it currently doing the right amount?

Answer choices:
1. Should be doing more 2. Should be doing less 3. Is doing the right amount

When answering, respond ONLY with a single number that corresponds to the option you choose. Do not include any additional text, punctuation or explanation.

My answer is
",1
fake_4294,2,2,1,1,57,1,2,"Today is November 5, 2024. Racially, I am black. Ideologically, I am liberal. Politically, I am a strong democrat. I attend church. I am 57 years old. I am a man. I am somewhat interested in politics.. Question: Do you think the federal government should be doing more about the opioid drug addiction issue, should be doing less, or is it currently doing the right amount?

Answer choices:
1. Should be doing more 2. Should be doing less 3. Is doing the right amount

When answering, respond ONLY with a single number that corresponds to the option you choose. Do not include any additional text, punctuation or explanation.

My answer is
",1
fake_4295,6,5,5,1,42,1,2,"Today is November 5, 2024. Ideologically, I am slightly conservative. Politically, I am an independent who leans Republican. I attend church. I am 42 years old. I am a man. I am somewhat interested in politics.. Question: Do you think the federal government should be doing more about the opioid drug addiction issue, should be doing less, or is it currently doing the right amount?

Answer choices:
1. Should be doing more 2. Should be doing less 3. Is doing the right amount

When answering, respond ONLY with a single number that corresponds to the option you choose. Do not include any additional text, punctuation or explanation.

My answer is
",1
fake_4296,1,5,2,1,18,1,2,"Today is November 5, 2024. Racially, I am white. Ideologically, I am slightly conservative. Politically, I am a weak Democrat. I attend church. I am 18 years old. I am a man. I am somewhat interested in politics.. Question: Do you think the federal government should be doing more about the opioid drug addiction issue, should be doing less, or is it currently doing the right amount?

Answer choices:
1. Should be doing more 2. Should be doing less 3. Is doing the right amount

When answering, respond ONLY with a single number that corresponds to the option you choose. Do not include any additional text, punctuation or explanation.

My answer is
",1
fake_4297,1,5,5,1,37,1,2,"Today is November 5, 2024. Racially, I am white. Ideologically, I am slightly conservative. Politically, I am an independent who leans Republican. I attend church. I am 37 years old. I am a man. I am somewhat interested in politics.. Question: Do you think the federal government should be doing more about the opioid drug addiction issue, should be doing less, or is it currently doing the right amount?

Answer choices:
1. Should be doing more 2. Should be doing less 3. Is doing the right amount

When answering, respond ONLY with a single number that corresponds to the option you choose. Do not include any additional text, punctuation or explanation.

My answer is
",1
fake_4298,1,99,1,2,-2,2,2,"Today is November 5, 2024. Racially, I am white. Politically, I am a strong democrat. I do not attend church. I am a woman. I am somewhat interested in politics.. Question: Do you think the federal government should be doing more about the opioid drug addiction issue, should be doing less, or is it currently doing the right amount?

Answer choices:
1. Should be doing more 2. Should be doing less 3. Is doing the right amount

When answering, respond ONLY with a single number that corresponds to the option you choose. Do not include any additional text, punctuation or explanation.

My answer is
",1
fake_4299,1,3,1,1,62,2,3,"Today is November 5, 2024. Racially, I am white. Ideologically, I am slightly liberal. Politically, I am a strong democrat. I attend church. I am 62 years old. I am a woman. I am not very interested in politics.. Question: Do you think the federal government should be doing more about the opioid drug addiction issue, should be doing less, or is it currently doing the right amount?

Answer choices:
1. Should be doing more 2. Should be doing less 3. Is doing the right amount

When answering, respond ONLY with a single number that corresponds to the option you choose. Do not include any additional text, punctuation or explanation.

My answer is
",1
fake_4300,1,2,6,2,32,2,4,"Today is November 5, 2024. Racially, I am white. Ideologically, I am liberal. Politically, I am a weak Republican. I do not attend church. I am 32 years old. I am a woman. I am not at all interested in politics.. Question: Do you think the federal government should be doing more about the opioid drug addiction issue, should be doing less, or is it currently doing the right amount?

Answer choices:
1. Should be doing more 2. Should be doing less 3. Is doing the right amount

When answering, respond ONLY with a single number that corresponds to the option you choose. Do not include any additional text, punctuation or explanation.

My answer is
",1
fake_4301,3,6,5,2,54,1,1,"Today is November 5, 2024. Racially, I am hispanic. Ideologically, I am conservative. Politically, I am an independent who leans Republican. I do not attend church. I am 54 years old. I am a man. I am very interested in politics.. Question: Do you think the federal government should be doing more about the opioid drug addiction issue, should be doing less, or is it currently doing the right amount?

Answer choices:
1. Should be doing more 2. Should be doing less 3. Is doing the right amount

When answering, respond ONLY with a single number that corresponds to the option you choose. Do not include any additional text, punctuation or explanation.

My answer is
",1
fake_4302,1,6,2,2,75,2,2,"Today is November 5, 2024. Racially, I am white. Ideologically, I am conservative. Politically, I am a weak Democrat. I do not attend church. I am 75 years old. I am a woman. I am somewhat interested in politics.. Question: Do you think the federal government should be doing more about the opioid drug addiction issue, should be doing less, or is it currently doing the right amount?

Answer choices:
1. Should be doing more 2. Should be doing less 3. Is doing the right amount

When answering, respond ONLY with a single number that corresponds to the option you choose. Do not include any additional text, punctuation or explanation.

My answer is
",1
fake_4303,1,4,6,1,74,1,3,"Today is November 5, 2024. Racially, I am white. Ideologically, I am moderate. Politically, I am a weak Republican. I attend church. I am 74 years old. I am a man. I am not very interested in politics.. Question: Do you think the federal government should be doing more about the opioid drug addiction issue, should be doing less, or is it currently doing the right amount?

Answer choices:
1. Should be doing more 2. Should be doing less 3. Is doing the right amount

When answering, respond ONLY with a single number that corresponds to the option you choose. Do not include any additional text, punctuation or explanation.

My answer is
",1
fake_4304,1,3,5,1,24,1,3,"Today is November 5, 2024. Racially, I am white. Ideologically, I am slightly liberal. Politically, I am an independent who leans Republican. I attend church. I am 24 years old. I am a man. I am not very interested in politics.. Question: Do you think the federal government should be doing more about the opioid drug addiction issue, should be doing less, or is it currently doing the right amount?

Answer choices:
1. Should be doing more 2. Should be doing less 3. Is doing the right amount

When answering, respond ONLY with a single number that corresponds to the option you choose. Do not include any additional text, punctuation or explanation.

My answer is
",1
fake_4305,1,5,6,2,36,2,2,"Today is November 5, 2024. Racially, I am white. Ideologically, I am slightly conservative. Politically, I am a weak Republican. I do not attend church. I am 36 years old. I am a woman. I am somewhat interested in politics.. Question: Do you think the federal government should be doing more about the opioid drug addiction issue, should be doing less, or is it currently doing the right amount?

Answer choices:
1. Should be doing more 2. Should be doing less 3. Is doing the right amount

When answering, respond ONLY with a single number that corresponds to the option you choose. Do not include any additional text, punctuation or explanation.

My answer is
",1
fake_4306,2,4,2,1,35,2,4,"Today is November 5, 2024. Racially, I am black. Ideologically, I am moderate. Politically, I am a weak Democrat. I attend church. I am 35 years old. I am a woman. I am not at all interested in politics.. Question: Do you think the federal government should be doing more about the opioid drug addiction issue, should be doing less, or is it currently doing the right amount?

Answer choices:
1. Should be doing more 2. Should be doing less 3. Is doing the right amount

When answering, respond ONLY with a single number that corresponds to the option you choose. Do not include any additional text, punctuation or explanation.

My answer is
",1
fake_4307,1,6,1,2,35,2,2,"Today is November 5, 2024. Racially, I am white. Ideologically, I am conservative. Politically, I am a strong democrat. I do not attend church. I am 35 years old. I am a woman. I am somewhat interested in politics.. Question: Do you think the federal government should be doing more about the opioid drug addiction issue, should be doing less, or is it currently doing the right amount?

Answer choices:
1. Should be doing more 2. Should be doing less 3. Is doing the right amount

When answering, respond ONLY with a single number that corresponds to the option you choose. Do not include any additional text, punctuation or explanation.

My answer is
",1
fake_4308,1,3,5,2,20,2,2,"Today is November 5, 2024. Racially, I am white. Ideologically, I am slightly liberal. Politically, I am an independent who leans Republican. I do not attend church. I am 20 years old. I am a woman. I am somewhat interested in politics.. Question: Do you think the federal government should be doing more about the opioid drug addiction issue, should be doing less, or is it currently doing the right amount?

Answer choices:
1. Should be doing more 2. Should be doing less 3. Is doing the right amount

When answering, respond ONLY with a single number that corresponds to the option you choose. Do not include any additional text, punctuation or explanation.

My answer is
",1
fake_4309,3,5,5,1,73,2,3,"Today is November 5, 2024. Racially, I am hispanic. Ideologically, I am slightly conservative. Politically, I am an independent who leans Republican. I attend church. I am 73 years old. I am a woman. I am not very interested in politics.. Question: Do you think the federal government should be doing more about the opioid drug addiction issue, should be doing less, or is it currently doing the right amount?

Answer choices:
1. Should be doing more 2. Should be doing less 3. Is doing the right amount

When answering, respond ONLY with a single number that corresponds to the option you choose. Do not include any additional text, punctuation or explanation.

My answer is
",1
fake_4310,1,2,2,2,65,2,2,"Today is November 5, 2024. Racially, I am white. Ideologically, I am liberal. Politically, I am a weak Democrat. I do not attend church. I am 65 years old. I am a woman. I am somewhat interested in politics.. Question: Do you think the federal government should be doing more about the opioid drug addiction issue, should be doing less, or is it currently doing the right amount?

Answer choices:
1. Should be doing more 2. Should be doing less 3. Is doing the right amount

When answering, respond ONLY with a single number that corresponds to the option you choose. Do not include any additional text, punctuation or explanation.

My answer is
",1
fake_4311,1,7,3,1,30,1,-6,"Today is November 5, 2024. Racially, I am white. Ideologically, I am extremely conservative. Politically, I am an independent who leans Democratic. I attend church. I am 30 years old. I am a man.. Question: Do you think the federal government should be doing more about the opioid drug addiction issue, should be doing less, or is it currently doing the right amount?

Answer choices:
1. Should be doing more 2. Should be doing less 3. Is doing the right amount

When answering, respond ONLY with a single number that corresponds to the option you choose. Do not include any additional text, punctuation or explanation.

My answer is
",1
fake_4312,1,5,7,2,75,2,2,"Today is November 5, 2024. Racially, I am white. Ideologically, I am slightly conservative. Politically, I am a strong Republican. I do not attend church. I am 75 years old. I am a woman. I am somewhat interested in politics.. Question: Do you think the federal government should be doing more about the opioid drug addiction issue, should be doing less, or is it currently doing the right amount?

Answer choices:
1. Should be doing more 2. Should be doing less 3. Is doing the right amount

When answering, respond ONLY with a single number that corresponds to the option you choose. Do not include any additional text, punctuation or explanation.

My answer is
",1
fake_4313,3,6,1,1,70,2,3,"Today is November 5, 2024. Racially, I am hispanic. Ideologically, I am conservative. Politically, I am a strong democrat. I attend church. I am 70 years old. I am a woman. I am not very interested in politics.. Question: Do you think the federal government should be doing more about the opioid drug addiction issue, should be doing less, or is it currently doing the right amount?

Answer choices:
1. Should be doing more 2. Should be doing less 3. Is doing the right amount

When answering, respond ONLY with a single number that corresponds to the option you choose. Do not include any additional text, punctuation or explanation.

My answer is
",1
fake_4314,1,3,7,2,54,2,1,"Today is November 5, 2024. Racially, I am white. Ideologically, I am slightly liberal. Politically, I am a strong Republican. I do not attend church. I am 54 years old. I am a woman. I am very interested in politics.. Question: Do you think the federal government should be doing more about the opioid drug addiction issue, should be doing less, or is it currently doing the right amount?

Answer choices:
1. Should be doing more 2. Should be doing less 3. Is doing the right amount

When answering, respond ONLY with a single number that corresponds to the option you choose. Do not include any additional text, punctuation or explanation.

My answer is
",1
fake_4315,1,4,1,1,63,2,2,"Today is November 5, 2024. Racially, I am white. Ideologically, I am moderate. Politically, I am a strong democrat. I attend church. I am 63 years old. I am a woman. I am somewhat interested in politics.. Question: Do you think the federal government should be doing more about the opioid drug addiction issue, should be doing less, or is it currently doing the right amount?

Answer choices:
1. Should be doing more 2. Should be doing less 3. Is doing the right amount

When answering, respond ONLY with a single number that corresponds to the option you choose. Do not include any additional text, punctuation or explanation.

My answer is
",1
fake_4316,1,7,1,2,57,2,1,"Today is November 5, 2024. Racially, I am white. Ideologically, I am extremely conservative. Politically, I am a strong democrat. I do not attend church. I am 57 years old. I am a woman. I am very interested in politics.. Question: Do you think the federal government should be doing more about the opioid drug addiction issue, should be doing less, or is it currently doing the right amount?

Answer choices:
1. Should be doing more 2. Should be doing less 3. Is doing the right amount

When answering, respond ONLY with a single number that corresponds to the option you choose. Do not include any additional text, punctuation or explanation.

My answer is
",1
fake_4317,3,99,1,2,49,2,4,"Today is November 5, 2024. Racially, I am hispanic. Politically, I am a strong democrat. I do not attend church. I am 49 years old. I am a woman. I am not at all interested in politics.. Question: Do you think the federal government should be doing more about the opioid drug addiction issue, should be doing less, or is it currently doing the right amount?

Answer choices:
1. Should be doing more 2. Should be doing less 3. Is doing the right amount

When answering, respond ONLY with a single number that corresponds to the option you choose. Do not include any additional text, punctuation or explanation.

My answer is
",1
fake_4318,1,4,6,2,35,2,2,"Today is November 5, 2024. Racially, I am white. Ideologically, I am moderate. Politically, I am a weak Republican. I do not attend church. I am 35 years old. I am a woman. I am somewhat interested in politics.. Question: Do you think the federal government should be doing more about the opioid drug addiction issue, should be doing less, or is it currently doing the right amount?

Answer choices:
1. Should be doing more 2. Should be doing less 3. Is doing the right amount

When answering, respond ONLY with a single number that corresponds to the option you choose. Do not include any additional text, punctuation or explanation.

My answer is
",1
fake_4319,1,2,4,2,61,2,-6,"Today is November 5, 2024. Racially, I am white. Ideologically, I am liberal. Politically, I am an independent. I do not attend church. I am 61 years old. I am a woman.. Question: Do you think the federal government should be doing more about the opioid drug addiction issue, should be doing less, or is it currently doing the right amount?

Answer choices:
1. Should be doing more 2. Should be doing less 3. Is doing the right amount

When answering, respond ONLY with a single number that corresponds to the option you choose. Do not include any additional text, punctuation or explanation.

My answer is
",1
fake_4320,1,6,7,2,-2,1,2,"Today is November 5, 2024. Racially, I am white. Ideologically, I am conservative. Politically, I am a strong Republican. I do not attend church. I am a man. I am somewhat interested in politics.. Question: Do you think the federal government should be doing more about the opioid drug addiction issue, should be doing less, or is it currently doing the right amount?

Answer choices:
1. Should be doing more 2. Should be doing less 3. Is doing the right amount

When answering, respond ONLY with a single number that corresponds to the option you choose. Do not include any additional text, punctuation or explanation.

My answer is
",1
fake_4321,1,3,1,2,28,1,3,"Today is November 5, 2024. Racially, I am white. Ideologically, I am slightly liberal. Politically, I am a strong democrat. I do not attend church. I am 28 years old. I am a man. I am not very interested in politics.. Question: Do you think the federal government should be doing more about the opioid drug addiction issue, should be doing less, or is it currently doing the right amount?

Answer choices:
1. Should be doing more 2. Should be doing less 3. Is doing the right amount

When answering, respond ONLY with a single number that corresponds to the option you choose. Do not include any additional text, punctuation or explanation.

My answer is
",1
fake_4322,1,99,3,1,30,2,-5,"Today is November 5, 2024. Racially, I am white. Politically, I am an independent who leans Democratic. I attend church. I am 30 years old. I am a woman.. Question: Do you think the federal government should be doing more about the opioid drug addiction issue, should be doing less, or is it currently doing the right amount?

Answer choices:
1. Should be doing more 2. Should be doing less 3. Is doing the right amount

When answering, respond ONLY with a single number that corresponds to the option you choose. Do not include any additional text, punctuation or explanation.

My answer is
",1
fake_4323,1,2,2,1,34,2,3,"Today is November 5, 2024. Racially, I am white. Ideologically, I am liberal. Politically, I am a weak Democrat. I attend church. I am 34 years old. I am a woman. I am not very interested in politics.. Question: Do you think the federal government should be doing more about the opioid drug addiction issue, should be doing less, or is it currently doing the right amount?

Answer choices:
1. Should be doing more 2. Should be doing less 3. Is doing the right amount

When answering, respond ONLY with a single number that corresponds to the option you choose. Do not include any additional text, punctuation or explanation.

My answer is
",1
fake_4324,1,7,7,2,18,2,2,"Today is November 5, 2024. Racially, I am white. Ideologically, I am extremely conservative. Politically, I am a strong Republican. I do not attend church. I am 18 years old. I am a woman. I am somewhat interested in politics.. Question: Do you think the federal government should be doing more about the opioid drug addiction issue, should be doing less, or is it currently doing the right amount?

Answer choices:
1. Should be doing more 2. Should be doing less 3. Is doing the right amount

When answering, respond ONLY with a single number that corresponds to the option you choose. Do not include any additional text, punctuation or explanation.

My answer is
",1
fake_4325,1,4,2,2,50,2,2,"Today is November 5, 2024. Racially, I am white. Ideologically, I am moderate. Politically, I am a weak Democrat. I do not attend church. I am 50 years old. I am a woman. I am somewhat interested in politics.. Question: Do you think the federal government should be doing more about the opioid drug addiction issue, should be doing less, or is it currently doing the right amount?

Answer choices:
1. Should be doing more 2. Should be doing less 3. Is doing the right amount

When answering, respond ONLY with a single number that corresponds to the option you choose. Do not include any additional text, punctuation or explanation.

My answer is
",1
fake_4326,2,6,4,1,31,2,2,"Today is November 5, 2024. Racially, I am black. Ideologically, I am conservative. Politically, I am an independent. I attend church. I am 31 years old. I am a woman. I am somewhat interested in politics.. Question: Do you think the federal government should be doing more about the opioid drug addiction issue, should be doing less, or is it currently doing the right amount?

Answer choices:
1. Should be doing more 2. Should be doing less 3. Is doing the right amount

When answering, respond ONLY with a single number that corresponds to the option you choose. Do not include any additional text, punctuation or explanation.

My answer is
",1
fake_4327,1,99,1,2,42,1,1,"Today is November 5, 2024. Racially, I am white. Politically, I am a strong democrat. I do not attend church. I am 42 years old. I am a man. I am very interested in politics.. Question: Do you think the federal government should be doing more about the opioid drug addiction issue, should be doing less, or is it currently doing the right amount?

Answer choices:
1. Should be doing more 2. Should be doing less 3. Is doing the right amount

When answering, respond ONLY with a single number that corresponds to the option you choose. Do not include any additional text, punctuation or explanation.

My answer is
",1
fake_4328,2,99,5,1,67,1,2,"Today is November 5, 2024. Racially, I am black. Politically, I am an independent who leans Republican. I attend church. I am 67 years old. I am a man. I am somewhat interested in politics.. Question: Do you think the federal government should be doing more about the opioid drug addiction issue, should be doing less, or is it currently doing the right amount?

Answer choices:
1. Should be doing more 2. Should be doing less 3. Is doing the right amount

When answering, respond ONLY with a single number that corresponds to the option you choose. Do not include any additional text, punctuation or explanation.

My answer is
",1
fake_4329,3,1,7,1,21,2,3,"Today is November 5, 2024. Racially, I am hispanic. Ideologically, I am extremely liberal. Politically, I am a strong Republican. I attend church. I am 21 years old. I am a woman. I am not very interested in politics.. Question: Do you think the federal government should be doing more about the opioid drug addiction issue, should be doing less, or is it currently doing the right amount?

Answer choices:
1. Should be doing more 2. Should be doing less 3. Is doing the right amount

When answering, respond ONLY with a single number that corresponds to the option you choose. Do not include any additional text, punctuation or explanation.

My answer is
",1
fake_4330,1,99,7,2,55,2,-6,"Today is November 5, 2024. Racially, I am white. Politically, I am a strong Republican. I do not attend church. I am 55 years old. I am a woman.. Question: Do you think the federal government should be doing more about the opioid drug addiction issue, should be doing less, or is it currently doing the right amount?

Answer choices:
1. Should be doing more 2. Should be doing less 3. Is doing the right amount

When answering, respond ONLY with a single number that corresponds to the option you choose. Do not include any additional text, punctuation or explanation.

My answer is
",1
fake_4331,4,1,7,2,67,2,2,"Today is November 5, 2024. Racially, I am asian. Ideologically, I am extremely liberal. Politically, I am a strong Republican. I do not attend church. I am 67 years old. I am a woman. I am somewhat interested in politics.. Question: Do you think the federal government should be doing more about the opioid drug addiction issue, should be doing less, or is it currently doing the right amount?

Answer choices:
1. Should be doing more 2. Should be doing less 3. Is doing the right amount

When answering, respond ONLY with a single number that corresponds to the option you choose. Do not include any additional text, punctuation or explanation.

My answer is
",1
fake_4332,1,99,7,2,30,2,2,"Today is November 5, 2024. Racially, I am white. Politically, I am a strong Republican. I do not attend church. I am 30 years old. I am a woman. I am somewhat interested in politics.. Question: Do you think the federal government should be doing more about the opioid drug addiction issue, should be doing less, or is it currently doing the right amount?

Answer choices:
1. Should be doing more 2. Should be doing less 3. Is doing the right amount

When answering, respond ONLY with a single number that corresponds to the option you choose. Do not include any additional text, punctuation or explanation.

My answer is
",1
fake_4333,1,99,3,2,45,2,2,"Today is November 5, 2024. Racially, I am white. Politically, I am an independent who leans Democratic. I do not attend church. I am 45 years old. I am a woman. I am somewhat interested in politics.. Question: Do you think the federal government should be doing more about the opioid drug addiction issue, should be doing less, or is it currently doing the right amount?

Answer choices:
1. Should be doing more 2. Should be doing less 3. Is doing the right amount

When answering, respond ONLY with a single number that corresponds to the option you choose. Do not include any additional text, punctuation or explanation.

My answer is
",1
fake_4334,4,6,5,1,42,1,2,"Today is November 5, 2024. Racially, I am asian. Ideologically, I am conservative. Politically, I am an independent who leans Republican. I attend church. I am 42 years old. I am a man. I am somewhat interested in politics.. Question: Do you think the federal government should be doing more about the opioid drug addiction issue, should be doing less, or is it currently doing the right amount?

Answer choices:
1. Should be doing more 2. Should be doing less 3. Is doing the right amount

When answering, respond ONLY with a single number that corresponds to the option you choose. Do not include any additional text, punctuation or explanation.

My answer is
",1
fake_4335,6,1,6,2,22,-9,-6,"Today is November 5, 2024. Ideologically, I am extremely liberal. Politically, I am a weak Republican. I do not attend church. I am 22 years old.. Question: Do you think the federal government should be doing more about the opioid drug addiction issue, should be doing less, or is it currently doing the right amount?

Answer choices:
1. Should be doing more 2. Should be doing less 3. Is doing the right amount

When answering, respond ONLY with a single number that corresponds to the option you choose. Do not include any additional text, punctuation or explanation.

My answer is
",1
fake_4336,1,1,1,2,42,2,2,"Today is November 5, 2024. Racially, I am white. Ideologically, I am extremely liberal. Politically, I am a strong democrat. I do not attend church. I am 42 years old. I am a woman. I am somewhat interested in politics.. Question: Do you think the federal government should be doing more about the opioid drug addiction issue, should be doing less, or is it currently doing the right amount?

Answer choices:
1. Should be doing more 2. Should be doing less 3. Is doing the right amount

When answering, respond ONLY with a single number that corresponds to the option you choose. Do not include any additional text, punctuation or explanation.

My answer is
",1
fake_4337,3,5,1,1,-2,1,1,"Today is November 5, 2024. Racially, I am hispanic. Ideologically, I am slightly conservative. Politically, I am a strong democrat. I attend church. I am a man. I am very interested in politics.. Question: Do you think the federal government should be doing more about the opioid drug addiction issue, should be doing less, or is it currently doing the right amount?

Answer choices:
1. Should be doing more 2. Should be doing less 3. Is doing the right amount

When answering, respond ONLY with a single number that corresponds to the option you choose. Do not include any additional text, punctuation or explanation.

My answer is
",1
fake_4338,1,2,5,2,48,2,2,"Today is November 5, 2024. Racially, I am white. Ideologically, I am liberal. Politically, I am an independent who leans Republican. I do not attend church. I am 48 years old. I am a woman. I am somewhat interested in politics.. Question: Do you think the federal government should be doing more about the opioid drug addiction issue, should be doing less, or is it currently doing the right amount?

Answer choices:
1. Should be doing more 2. Should be doing less 3. Is doing the right amount

When answering, respond ONLY with a single number that corresponds to the option you choose. Do not include any additional text, punctuation or explanation.

My answer is
",1
fake_4339,1,4,7,1,77,1,1,"Today is November 5, 2024. Racially, I am white. Ideologically, I am moderate. Politically, I am a strong Republican. I attend church. I am 77 years old. I am a man. I am very interested in politics.. Question: Do you think the federal government should be doing more about the opioid drug addiction issue, should be doing less, or is it currently doing the right amount?

Answer choices:
1. Should be doing more 2. Should be doing less 3. Is doing the right amount

When answering, respond ONLY with a single number that corresponds to the option you choose. Do not include any additional text, punctuation or explanation.

My answer is
",1
fake_4340,1,3,7,2,71,1,4,"Today is November 5, 2024. Racially, I am white. Ideologically, I am slightly liberal. Politically, I am a strong Republican. I do not attend church. I am 71 years old. I am a man. I am not at all interested in politics.. Question: Do you think the federal government should be doing more about the opioid drug addiction issue, should be doing less, or is it currently doing the right amount?

Answer choices:
1. Should be doing more 2. Should be doing less 3. Is doing the right amount

When answering, respond ONLY with a single number that corresponds to the option you choose. Do not include any additional text, punctuation or explanation.

My answer is
",1
fake_4341,1,99,3,2,71,1,-6,"Today is November 5, 2024. Racially, I am white. Politically, I am an independent who leans Democratic. I do not attend church. I am 71 years old. I am a man.. Question: Do you think the federal government should be doing more about the opioid drug addiction issue, should be doing less, or is it currently doing the right amount?

Answer choices:
1. Should be doing more 2. Should be doing less 3. Is doing the right amount

When answering, respond ONLY with a single number that corresponds to the option you choose. Do not include any additional text, punctuation or explanation.

My answer is
",1
fake_4342,1,2,2,1,74,1,4,"Today is November 5, 2024. Racially, I am white. Ideologically, I am liberal. Politically, I am a weak Democrat. I attend church. I am 74 years old. I am a man. I am not at all interested in politics.. Question: Do you think the federal government should be doing more about the opioid drug addiction issue, should be doing less, or is it currently doing the right amount?

Answer choices:
1. Should be doing more 2. Should be doing less 3. Is doing the right amount

When answering, respond ONLY with a single number that corresponds to the option you choose. Do not include any additional text, punctuation or explanation.

My answer is
",1
fake_4343,1,5,1,2,54,2,3,"Today is November 5, 2024. Racially, I am white. Ideologically, I am slightly conservative. Politically, I am a strong democrat. I do not attend church. I am 54 years old. I am a woman. I am not very interested in politics.. Question: Do you think the federal government should be doing more about the opioid drug addiction issue, should be doing less, or is it currently doing the right amount?

Answer choices:
1. Should be doing more 2. Should be doing less 3. Is doing the right amount

When answering, respond ONLY with a single number that corresponds to the option you choose. Do not include any additional text, punctuation or explanation.

My answer is
",1
fake_4344,1,3,5,1,-2,1,4,"Today is November 5, 2024. Racially, I am white. Ideologically, I am slightly liberal. Politically, I am an independent who leans Republican. I attend church. I am a man. I am not at all interested in politics.. Question: Do you think the federal government should be doing more about the opioid drug addiction issue, should be doing less, or is it currently doing the right amount?

Answer choices:
1. Should be doing more 2. Should be doing less 3. Is doing the right amount

When answering, respond ONLY with a single number that corresponds to the option you choose. Do not include any additional text, punctuation or explanation.

My answer is
",1
fake_4345,1,99,6,1,46,2,2,"Today is November 5, 2024. Racially, I am white. Politically, I am a weak Republican. I attend church. I am 46 years old. I am a woman. I am somewhat interested in politics.. Question: Do you think the federal government should be doing more about the opioid drug addiction issue, should be doing less, or is it currently doing the right amount?

Answer choices:
1. Should be doing more 2. Should be doing less 3. Is doing the right amount

When answering, respond ONLY with a single number that corresponds to the option you choose. Do not include any additional text, punctuation or explanation.

My answer is
",1
fake_4346,1,99,4,2,46,1,3,"Today is November 5, 2024. Racially, I am white. Politically, I am an independent. I do not attend church. I am 46 years old. I am a man. I am not very interested in politics.. Question: Do you think the federal government should be doing more about the opioid drug addiction issue, should be doing less, or is it currently doing the right amount?

Answer choices:
1. Should be doing more 2. Should be doing less 3. Is doing the right amount

When answering, respond ONLY with a single number that corresponds to the option you choose. Do not include any additional text, punctuation or explanation.

My answer is
",1
fake_4347,6,5,4,1,-2,2,2,"Today is November 5, 2024. Ideologically, I am slightly conservative. Politically, I am an independent. I attend church. I am a woman. I am somewhat interested in politics.. Question: Do you think the federal government should be doing more about the opioid drug addiction issue, should be doing less, or is it currently doing the right amount?

Answer choices:
1. Should be doing more 2. Should be doing less 3. Is doing the right amount

When answering, respond ONLY with a single number that corresponds to the option you choose. Do not include any additional text, punctuation or explanation.

My answer is
",1
fake_4348,1,7,1,1,80,1,-6,"Today is November 5, 2024. Racially, I am white. Ideologically, I am extremely conservative. Politically, I am a strong democrat. I attend church. I am 80 years old. I am a man.. Question: Do you think the federal government should be doing more about the opioid drug addiction issue, should be doing less, or is it currently doing the right amount?

Answer choices:
1. Should be doing more 2. Should be doing less 3. Is doing the right amount

When answering, respond ONLY with a single number that corresponds to the option you choose. Do not include any additional text, punctuation or explanation.

My answer is
",1
fake_4349,1,6,2,1,64,1,2,"Today is November 5, 2024. Racially, I am white. Ideologically, I am conservative. Politically, I am a weak Democrat. I attend church. I am 64 years old. I am a man. I am somewhat interested in politics.. Question: Do you think the federal government should be doing more about the opioid drug addiction issue, should be doing less, or is it currently doing the right amount?

Answer choices:
1. Should be doing more 2. Should be doing less 3. Is doing the right amount

When answering, respond ONLY with a single number that corresponds to the option you choose. Do not include any additional text, punctuation or explanation.

My answer is
",1
fake_4350,1,2,1,1,70,1,2,"Today is November 5, 2024. Racially, I am white. Ideologically, I am liberal. Politically, I am a strong democrat. I attend church. I am 70 years old. I am a man. I am somewhat interested in politics.. Question: Do you think the federal government should be doing more about the opioid drug addiction issue, should be doing less, or is it currently doing the right amount?

Answer choices:
1. Should be doing more 2. Should be doing less 3. Is doing the right amount

When answering, respond ONLY with a single number that corresponds to the option you choose. Do not include any additional text, punctuation or explanation.

My answer is
",1
fake_4351,1,6,3,1,21,1,2,"Today is November 5, 2024. Racially, I am white. Ideologically, I am conservative. Politically, I am an independent who leans Democratic. I attend church. I am 21 years old. I am a man. I am somewhat interested in politics.. Question: Do you think the federal government should be doing more about the opioid drug addiction issue, should be doing less, or is it currently doing the right amount?

Answer choices:
1. Should be doing more 2. Should be doing less 3. Is doing the right amount

When answering, respond ONLY with a single number that corresponds to the option you choose. Do not include any additional text, punctuation or explanation.

My answer is
",1
fake_4352,1,7,3,2,80,2,-6,"Today is November 5, 2024. Racially, I am white. Ideologically, I am extremely conservative. Politically, I am an independent who leans Democratic. I do not attend church. I am 80 years old. I am a woman.. Question: Do you think the federal government should be doing more about the opioid drug addiction issue, should be doing less, or is it currently doing the right amount?

Answer choices:
1. Should be doing more 2. Should be doing less 3. Is doing the right amount

When answering, respond ONLY with a single number that corresponds to the option you choose. Do not include any additional text, punctuation or explanation.

My answer is
",1
fake_4353,1,3,1,1,63,1,4,"Today is November 5, 2024. Racially, I am white. Ideologically, I am slightly liberal. Politically, I am a strong democrat. I attend church. I am 63 years old. I am a man. I am not at all interested in politics.. Question: Do you think the federal government should be doing more about the opioid drug addiction issue, should be doing less, or is it currently doing the right amount?

Answer choices:
1. Should be doing more 2. Should be doing less 3. Is doing the right amount

When answering, respond ONLY with a single number that corresponds to the option you choose. Do not include any additional text, punctuation or explanation.

My answer is
",1
fake_4354,3,4,5,2,39,2,3,"Today is November 5, 2024. Racially, I am hispanic. Ideologically, I am moderate. Politically, I am an independent who leans Republican. I do not attend church. I am 39 years old. I am a woman. I am not very interested in politics.. Question: Do you think the federal government should be doing more about the opioid drug addiction issue, should be doing less, or is it currently doing the right amount?

Answer choices:
1. Should be doing more 2. Should be doing less 3. Is doing the right amount

When answering, respond ONLY with a single number that corresponds to the option you choose. Do not include any additional text, punctuation or explanation.

My answer is
",1
fake_4355,1,5,4,1,75,2,3,"Today is November 5, 2024. Racially, I am white. Ideologically, I am slightly conservative. Politically, I am an independent. I attend church. I am 75 years old. I am a woman. I am not very interested in politics.. Question: Do you think the federal government should be doing more about the opioid drug addiction issue, should be doing less, or is it currently doing the right amount?

Answer choices:
1. Should be doing more 2. Should be doing less 3. Is doing the right amount

When answering, respond ONLY with a single number that corresponds to the option you choose. Do not include any additional text, punctuation or explanation.

My answer is
",1
fake_4356,1,3,1,1,74,2,3,"Today is November 5, 2024. Racially, I am white. Ideologically, I am slightly liberal. Politically, I am a strong democrat. I attend church. I am 74 years old. I am a woman. I am not very interested in politics.. Question: Do you think the federal government should be doing more about the opioid drug addiction issue, should be doing less, or is it currently doing the right amount?

Answer choices:
1. Should be doing more 2. Should be doing less 3. Is doing the right amount

When answering, respond ONLY with a single number that corresponds to the option you choose. Do not include any additional text, punctuation or explanation.

My answer is
",1
fake_4357,1,2,7,2,56,2,2,"Today is November 5, 2024. Racially, I am white. Ideologically, I am liberal. Politically, I am a strong Republican. I do not attend church. I am 56 years old. I am a woman. I am somewhat interested in politics.. Question: Do you think the federal government should be doing more about the opioid drug addiction issue, should be doing less, or is it currently doing the right amount?

Answer choices:
1. Should be doing more 2. Should be doing less 3. Is doing the right amount

When answering, respond ONLY with a single number that corresponds to the option you choose. Do not include any additional text, punctuation or explanation.

My answer is
",1
fake_4358,1,3,1,1,46,1,2,"Today is November 5, 2024. Racially, I am white. Ideologically, I am slightly liberal. Politically, I am a strong democrat. I attend church. I am 46 years old. I am a man. I am somewhat interested in politics.. Question: Do you think the federal government should be doing more about the opioid drug addiction issue, should be doing less, or is it currently doing the right amount?

Answer choices:
1. Should be doing more 2. Should be doing less 3. Is doing the right amount

When answering, respond ONLY with a single number that corresponds to the option you choose. Do not include any additional text, punctuation or explanation.

My answer is
",1
fake_4359,1,6,4,2,77,1,2,"Today is November 5, 2024. Racially, I am white. Ideologically, I am conservative. Politically, I am an independent. I do not attend church. I am 77 years old. I am a man. I am somewhat interested in politics.. Question: Do you think the federal government should be doing more about the opioid drug addiction issue, should be doing less, or is it currently doing the right amount?

Answer choices:
1. Should be doing more 2. Should be doing less 3. Is doing the right amount

When answering, respond ONLY with a single number that corresponds to the option you choose. Do not include any additional text, punctuation or explanation.

My answer is
",1
fake_4360,1,6,3,1,74,1,2,"Today is November 5, 2024. Racially, I am white. Ideologically, I am conservative. Politically, I am an independent who leans Democratic. I attend church. I am 74 years old. I am a man. I am somewhat interested in politics.. Question: Do you think the federal government should be doing more about the opioid drug addiction issue, should be doing less, or is it currently doing the right amount?

Answer choices:
1. Should be doing more 2. Should be doing less 3. Is doing the right amount

When answering, respond ONLY with a single number that corresponds to the option you choose. Do not include any additional text, punctuation or explanation.

My answer is
",1
fake_4361,1,4,1,1,54,2,4,"Today is November 5, 2024. Racially, I am white. Ideologically, I am moderate. Politically, I am a strong democrat. I attend church. I am 54 years old. I am a woman. I am not at all interested in politics.. Question: Do you think the federal government should be doing more about the opioid drug addiction issue, should be doing less, or is it currently doing the right amount?

Answer choices:
1. Should be doing more 2. Should be doing less 3. Is doing the right amount

When answering, respond ONLY with a single number that corresponds to the option you choose. Do not include any additional text, punctuation or explanation.

My answer is
",1
fake_4362,1,4,5,-1,74,2,1,"Today is November 5, 2024. Racially, I am white. Ideologically, I am moderate. Politically, I am an independent who leans Republican. I am 74 years old. I am a woman. I am very interested in politics.. Question: Do you think the federal government should be doing more about the opioid drug addiction issue, should be doing less, or is it currently doing the right amount?

Answer choices:
1. Should be doing more 2. Should be doing less 3. Is doing the right amount

When answering, respond ONLY with a single number that corresponds to the option you choose. Do not include any additional text, punctuation or explanation.

My answer is
",1
fake_4363,1,6,1,2,27,2,2,"Today is November 5, 2024. Racially, I am white. Ideologically, I am conservative. Politically, I am a strong democrat. I do not attend church. I am 27 years old. I am a woman. I am somewhat interested in politics.. Question: Do you think the federal government should be doing more about the opioid drug addiction issue, should be doing less, or is it currently doing the right amount?

Answer choices:
1. Should be doing more 2. Should be doing less 3. Is doing the right amount

When answering, respond ONLY with a single number that corresponds to the option you choose. Do not include any additional text, punctuation or explanation.

My answer is
",1
fake_4364,1,99,2,2,57,1,3,"Today is November 5, 2024. Racially, I am white. Politically, I am a weak Democrat. I do not attend church. I am 57 years old. I am a man. I am not very interested in politics.. Question: Do you think the federal government should be doing more about the opioid drug addiction issue, should be doing less, or is it currently doing the right amount?

Answer choices:
1. Should be doing more 2. Should be doing less 3. Is doing the right amount

When answering, respond ONLY with a single number that corresponds to the option you choose. Do not include any additional text, punctuation or explanation.

My answer is
",1
fake_4365,6,4,1,1,73,1,2,"Today is November 5, 2024. Ideologically, I am moderate. Politically, I am a strong democrat. I attend church. I am 73 years old. I am a man. I am somewhat interested in politics.. Question: Do you think the federal government should be doing more about the opioid drug addiction issue, should be doing less, or is it currently doing the right amount?

Answer choices:
1. Should be doing more 2. Should be doing less 3. Is doing the right amount

When answering, respond ONLY with a single number that corresponds to the option you choose. Do not include any additional text, punctuation or explanation.

My answer is
",1
fake_4366,1,4,3,2,45,1,3,"Today is November 5, 2024. Racially, I am white. Ideologically, I am moderate. Politically, I am an independent who leans Democratic. I do not attend church. I am 45 years old. I am a man. I am not very interested in politics.. Question: Do you think the federal government should be doing more about the opioid drug addiction issue, should be doing less, or is it currently doing the right amount?

Answer choices:
1. Should be doing more 2. Should be doing less 3. Is doing the right amount

When answering, respond ONLY with a single number that corresponds to the option you choose. Do not include any additional text, punctuation or explanation.

My answer is
",1
fake_4367,1,4,5,1,46,1,2,"Today is November 5, 2024. Racially, I am white. Ideologically, I am moderate. Politically, I am an independent who leans Republican. I attend church. I am 46 years old. I am a man. I am somewhat interested in politics.. Question: Do you think the federal government should be doing more about the opioid drug addiction issue, should be doing less, or is it currently doing the right amount?

Answer choices:
1. Should be doing more 2. Should be doing less 3. Is doing the right amount

When answering, respond ONLY with a single number that corresponds to the option you choose. Do not include any additional text, punctuation or explanation.

My answer is
",1
fake_4368,1,99,6,1,32,1,2,"Today is November 5, 2024. Racially, I am white. Politically, I am a weak Republican. I attend church. I am 32 years old. I am a man. I am somewhat interested in politics.. Question: Do you think the federal government should be doing more about the opioid drug addiction issue, should be doing less, or is it currently doing the right amount?

Answer choices:
1. Should be doing more 2. Should be doing less 3. Is doing the right amount

When answering, respond ONLY with a single number that corresponds to the option you choose. Do not include any additional text, punctuation or explanation.

My answer is
",1
fake_4369,1,6,5,1,80,2,2,"Today is November 5, 2024. Racially, I am white. Ideologically, I am conservative. Politically, I am an independent who leans Republican. I attend church. I am 80 years old. I am a woman. I am somewhat interested in politics.. Question: Do you think the federal government should be doing more about the opioid drug addiction issue, should be doing less, or is it currently doing the right amount?

Answer choices:
1. Should be doing more 2. Should be doing less 3. Is doing the right amount

When answering, respond ONLY with a single number that corresponds to the option you choose. Do not include any additional text, punctuation or explanation.

My answer is
",1
fake_4370,1,6,1,2,36,1,3,"Today is November 5, 2024. Racially, I am white. Ideologically, I am conservative. Politically, I am a strong democrat. I do not attend church. I am 36 years old. I am a man. I am not very interested in politics.. Question: Do you think the federal government should be doing more about the opioid drug addiction issue, should be doing less, or is it currently doing the right amount?

Answer choices:
1. Should be doing more 2. Should be doing less 3. Is doing the right amount

When answering, respond ONLY with a single number that corresponds to the option you choose. Do not include any additional text, punctuation or explanation.

My answer is
",1
fake_4371,1,99,1,2,66,1,2,"Today is November 5, 2024. Racially, I am white. Politically, I am a strong democrat. I do not attend church. I am 66 years old. I am a man. I am somewhat interested in politics.. Question: Do you think the federal government should be doing more about the opioid drug addiction issue, should be doing less, or is it currently doing the right amount?

Answer choices:
1. Should be doing more 2. Should be doing less 3. Is doing the right amount

When answering, respond ONLY with a single number that corresponds to the option you choose. Do not include any additional text, punctuation or explanation.

My answer is
",1
fake_4372,1,3,3,1,79,1,1,"Today is November 5, 2024. Racially, I am white. Ideologically, I am slightly liberal. Politically, I am an independent who leans Democratic. I attend church. I am 79 years old. I am a man. I am very interested in politics.. Question: Do you think the federal government should be doing more about the opioid drug addiction issue, should be doing less, or is it currently doing the right amount?

Answer choices:
1. Should be doing more 2. Should be doing less 3. Is doing the right amount

When answering, respond ONLY with a single number that corresponds to the option you choose. Do not include any additional text, punctuation or explanation.

My answer is
",1
fake_4373,1,2,3,1,69,2,1,"Today is November 5, 2024. Racially, I am white. Ideologically, I am liberal. Politically, I am an independent who leans Democratic. I attend church. I am 69 years old. I am a woman. I am very interested in politics.. Question: Do you think the federal government should be doing more about the opioid drug addiction issue, should be doing less, or is it currently doing the right amount?

Answer choices:
1. Should be doing more 2. Should be doing less 3. Is doing the right amount

When answering, respond ONLY with a single number that corresponds to the option you choose. Do not include any additional text, punctuation or explanation.

My answer is
",1
fake_4374,1,2,7,2,41,1,2,"Today is November 5, 2024. Racially, I am white. Ideologically, I am liberal. Politically, I am a strong Republican. I do not attend church. I am 41 years old. I am a man. I am somewhat interested in politics.. Question: Do you think the federal government should be doing more about the opioid drug addiction issue, should be doing less, or is it currently doing the right amount?

Answer choices:
1. Should be doing more 2. Should be doing less 3. Is doing the right amount

When answering, respond ONLY with a single number that corresponds to the option you choose. Do not include any additional text, punctuation or explanation.

My answer is
",1
fake_4375,1,2,2,-1,35,2,2,"Today is November 5, 2024. Racially, I am white. Ideologically, I am liberal. Politically, I am a weak Democrat. I am 35 years old. I am a woman. I am somewhat interested in politics.. Question: Do you think the federal government should be doing more about the opioid drug addiction issue, should be doing less, or is it currently doing the right amount?

Answer choices:
1. Should be doing more 2. Should be doing less 3. Is doing the right amount

When answering, respond ONLY with a single number that corresponds to the option you choose. Do not include any additional text, punctuation or explanation.

My answer is
",1
fake_4376,1,6,7,2,48,1,4,"Today is November 5, 2024. Racially, I am white. Ideologically, I am conservative. Politically, I am a strong Republican. I do not attend church. I am 48 years old. I am a man. I am not at all interested in politics.. Question: Do you think the federal government should be doing more about the opioid drug addiction issue, should be doing less, or is it currently doing the right amount?

Answer choices:
1. Should be doing more 2. Should be doing less 3. Is doing the right amount

When answering, respond ONLY with a single number that corresponds to the option you choose. Do not include any additional text, punctuation or explanation.

My answer is
",1
fake_4377,1,4,7,1,21,1,2,"Today is November 5, 2024. Racially, I am white. Ideologically, I am moderate. Politically, I am a strong Republican. I attend church. I am 21 years old. I am a man. I am somewhat interested in politics.. Question: Do you think the federal government should be doing more about the opioid drug addiction issue, should be doing less, or is it currently doing the right amount?

Answer choices:
1. Should be doing more 2. Should be doing less 3. Is doing the right amount

When answering, respond ONLY with a single number that corresponds to the option you choose. Do not include any additional text, punctuation or explanation.

My answer is
",1
fake_4378,1,5,6,1,80,1,3,"Today is November 5, 2024. Racially, I am white. Ideologically, I am slightly conservative. Politically, I am a weak Republican. I attend church. I am 80 years old. I am a man. I am not very interested in politics.. Question: Do you think the federal government should be doing more about the opioid drug addiction issue, should be doing less, or is it currently doing the right amount?

Answer choices:
1. Should be doing more 2. Should be doing less 3. Is doing the right amount

When answering, respond ONLY with a single number that corresponds to the option you choose. Do not include any additional text, punctuation or explanation.

My answer is
",1
fake_4379,3,6,4,2,64,2,2,"Today is November 5, 2024. Racially, I am hispanic. Ideologically, I am conservative. Politically, I am an independent. I do not attend church. I am 64 years old. I am a woman. I am somewhat interested in politics.. Question: Do you think the federal government should be doing more about the opioid drug addiction issue, should be doing less, or is it currently doing the right amount?

Answer choices:
1. Should be doing more 2. Should be doing less 3. Is doing the right amount

When answering, respond ONLY with a single number that corresponds to the option you choose. Do not include any additional text, punctuation or explanation.

My answer is
",1
fake_4380,6,3,1,2,39,2,-6,"Today is November 5, 2024. Ideologically, I am slightly liberal. Politically, I am a strong democrat. I do not attend church. I am 39 years old. I am a woman.. Question: Do you think the federal government should be doing more about the opioid drug addiction issue, should be doing less, or is it currently doing the right amount?

Answer choices:
1. Should be doing more 2. Should be doing less 3. Is doing the right amount

When answering, respond ONLY with a single number that corresponds to the option you choose. Do not include any additional text, punctuation or explanation.

My answer is
",1
fake_4381,1,2,5,1,48,2,1,"Today is November 5, 2024. Racially, I am white. Ideologically, I am liberal. Politically, I am an independent who leans Republican. I attend church. I am 48 years old. I am a woman. I am very interested in politics.. Question: Do you think the federal government should be doing more about the opioid drug addiction issue, should be doing less, or is it currently doing the right amount?

Answer choices:
1. Should be doing more 2. Should be doing less 3. Is doing the right amount

When answering, respond ONLY with a single number that corresponds to the option you choose. Do not include any additional text, punctuation or explanation.

My answer is
",1
fake_4382,1,99,7,2,62,2,1,"Today is November 5, 2024. Racially, I am white. Politically, I am a strong Republican. I do not attend church. I am 62 years old. I am a woman. I am very interested in politics.. Question: Do you think the federal government should be doing more about the opioid drug addiction issue, should be doing less, or is it currently doing the right amount?

Answer choices:
1. Should be doing more 2. Should be doing less 3. Is doing the right amount

When answering, respond ONLY with a single number that corresponds to the option you choose. Do not include any additional text, punctuation or explanation.

My answer is
",1
fake_4383,1,3,1,2,49,2,4,"Today is November 5, 2024. Racially, I am white. Ideologically, I am slightly liberal. Politically, I am a strong democrat. I do not attend church. I am 49 years old. I am a woman. I am not at all interested in politics.. Question: Do you think the federal government should be doing more about the opioid drug addiction issue, should be doing less, or is it currently doing the right amount?

Answer choices:
1. Should be doing more 2. Should be doing less 3. Is doing the right amount

When answering, respond ONLY with a single number that corresponds to the option you choose. Do not include any additional text, punctuation or explanation.

My answer is
",1
fake_4384,1,6,1,2,80,1,2,"Today is November 5, 2024. Racially, I am white. Ideologically, I am conservative. Politically, I am a strong democrat. I do not attend church. I am 80 years old. I am a man. I am somewhat interested in politics.. Question: Do you think the federal government should be doing more about the opioid drug addiction issue, should be doing less, or is it currently doing the right amount?

Answer choices:
1. Should be doing more 2. Should be doing less 3. Is doing the right amount

When answering, respond ONLY with a single number that corresponds to the option you choose. Do not include any additional text, punctuation or explanation.

My answer is
",1
fake_4385,2,3,3,1,-2,2,2,"Today is November 5, 2024. Racially, I am black. Ideologically, I am slightly liberal. Politically, I am an independent who leans Democratic. I attend church. I am a woman. I am somewhat interested in politics.. Question: Do you think the federal government should be doing more about the opioid drug addiction issue, should be doing less, or is it currently doing the right amount?

Answer choices:
1. Should be doing more 2. Should be doing less 3. Is doing the right amount

When answering, respond ONLY with a single number that corresponds to the option you choose. Do not include any additional text, punctuation or explanation.

My answer is
",1
fake_4386,1,99,3,1,69,1,1,"Today is November 5, 2024. Racially, I am white. Politically, I am an independent who leans Democratic. I attend church. I am 69 years old. I am a man. I am very interested in politics.. Question: Do you think the federal government should be doing more about the opioid drug addiction issue, should be doing less, or is it currently doing the right amount?

Answer choices:
1. Should be doing more 2. Should be doing less 3. Is doing the right amount

When answering, respond ONLY with a single number that corresponds to the option you choose. Do not include any additional text, punctuation or explanation.

My answer is
",1
fake_4387,1,99,1,1,61,1,2,"Today is November 5, 2024. Racially, I am white. Politically, I am a strong democrat. I attend church. I am 61 years old. I am a man. I am somewhat interested in politics.. Question: Do you think the federal government should be doing more about the opioid drug addiction issue, should be doing less, or is it currently doing the right amount?

Answer choices:
1. Should be doing more 2. Should be doing less 3. Is doing the right amount

When answering, respond ONLY with a single number that corresponds to the option you choose. Do not include any additional text, punctuation or explanation.

My answer is
",1
fake_4388,1,6,1,1,18,2,2,"Today is November 5, 2024. Racially, I am white. Ideologically, I am conservative. Politically, I am a strong democrat. I attend church. I am 18 years old. I am a woman. I am somewhat interested in politics.. Question: Do you think the federal government should be doing more about the opioid drug addiction issue, should be doing less, or is it currently doing the right amount?

Answer choices:
1. Should be doing more 2. Should be doing less 3. Is doing the right amount

When answering, respond ONLY with a single number that corresponds to the option you choose. Do not include any additional text, punctuation or explanation.

My answer is
",1
fake_4389,4,3,5,1,61,2,2,"Today is November 5, 2024. Racially, I am asian. Ideologically, I am slightly liberal. Politically, I am an independent who leans Republican. I attend church. I am 61 years old. I am a woman. I am somewhat interested in politics.. Question: Do you think the federal government should be doing more about the opioid drug addiction issue, should be doing less, or is it currently doing the right amount?

Answer choices:
1. Should be doing more 2. Should be doing less 3. Is doing the right amount

When answering, respond ONLY with a single number that corresponds to the option you choose. Do not include any additional text, punctuation or explanation.

My answer is
",1
fake_4390,1,2,6,1,43,2,2,"Today is November 5, 2024. Racially, I am white. Ideologically, I am liberal. Politically, I am a weak Republican. I attend church. I am 43 years old. I am a woman. I am somewhat interested in politics.. Question: Do you think the federal government should be doing more about the opioid drug addiction issue, should be doing less, or is it currently doing the right amount?

Answer choices:
1. Should be doing more 2. Should be doing less 3. Is doing the right amount

When answering, respond ONLY with a single number that corresponds to the option you choose. Do not include any additional text, punctuation or explanation.

My answer is
",1
fake_4391,6,2,1,2,78,1,3,"Today is November 5, 2024. Ideologically, I am liberal. Politically, I am a strong democrat. I do not attend church. I am 78 years old. I am a man. I am not very interested in politics.. Question: Do you think the federal government should be doing more about the opioid drug addiction issue, should be doing less, or is it currently doing the right amount?

Answer choices:
1. Should be doing more 2. Should be doing less 3. Is doing the right amount

When answering, respond ONLY with a single number that corresponds to the option you choose. Do not include any additional text, punctuation or explanation.

My answer is
",1
fake_4392,1,3,7,2,65,1,1,"Today is November 5, 2024. Racially, I am white. Ideologically, I am slightly liberal. Politically, I am a strong Republican. I do not attend church. I am 65 years old. I am a man. I am very interested in politics.. Question: Do you think the federal government should be doing more about the opioid drug addiction issue, should be doing less, or is it currently doing the right amount?

Answer choices:
1. Should be doing more 2. Should be doing less 3. Is doing the right amount

When answering, respond ONLY with a single number that corresponds to the option you choose. Do not include any additional text, punctuation or explanation.

My answer is
",1
fake_4393,1,2,3,1,37,2,1,"Today is November 5, 2024. Racially, I am white. Ideologically, I am liberal. Politically, I am an independent who leans Democratic. I attend church. I am 37 years old. I am a woman. I am very interested in politics.. Question: Do you think the federal government should be doing more about the opioid drug addiction issue, should be doing less, or is it currently doing the right amount?

Answer choices:
1. Should be doing more 2. Should be doing less 3. Is doing the right amount

When answering, respond ONLY with a single number that corresponds to the option you choose. Do not include any additional text, punctuation or explanation.

My answer is
",1
fake_4394,1,6,3,2,78,1,-6,"Today is November 5, 2024. Racially, I am white. Ideologically, I am conservative. Politically, I am an independent who leans Democratic. I do not attend church. I am 78 years old. I am a man.. Question: Do you think the federal government should be doing more about the opioid drug addiction issue, should be doing less, or is it currently doing the right amount?

Answer choices:
1. Should be doing more 2. Should be doing less 3. Is doing the right amount

When answering, respond ONLY with a single number that corresponds to the option you choose. Do not include any additional text, punctuation or explanation.

My answer is
",1
fake_4395,6,7,5,1,30,1,2,"Today is November 5, 2024. Ideologically, I am extremely conservative. Politically, I am an independent who leans Republican. I attend church. I am 30 years old. I am a man. I am somewhat interested in politics.. Question: Do you think the federal government should be doing more about the opioid drug addiction issue, should be doing less, or is it currently doing the right amount?

Answer choices:
1. Should be doing more 2. Should be doing less 3. Is doing the right amount

When answering, respond ONLY with a single number that corresponds to the option you choose. Do not include any additional text, punctuation or explanation.

My answer is
",1
fake_4396,6,4,7,1,75,1,2,"Today is November 5, 2024. Ideologically, I am moderate. Politically, I am a strong Republican. I attend church. I am 75 years old. I am a man. I am somewhat interested in politics.. Question: Do you think the federal government should be doing more about the opioid drug addiction issue, should be doing less, or is it currently doing the right amount?

Answer choices:
1. Should be doing more 2. Should be doing less 3. Is doing the right amount

When answering, respond ONLY with a single number that corresponds to the option you choose. Do not include any additional text, punctuation or explanation.

My answer is
",1
fake_4397,1,5,1,2,32,1,1,"Today is November 5, 2024. Racially, I am white. Ideologically, I am slightly conservative. Politically, I am a strong democrat. I do not attend church. I am 32 years old. I am a man. I am very interested in politics.. Question: Do you think the federal government should be doing more about the opioid drug addiction issue, should be doing less, or is it currently doing the right amount?

Answer choices:
1. Should be doing more 2. Should be doing less 3. Is doing the right amount

When answering, respond ONLY with a single number that corresponds to the option you choose. Do not include any additional text, punctuation or explanation.

My answer is
",1
fake_4398,4,2,5,1,74,2,2,"Today is November 5, 2024. Racially, I am asian. Ideologically, I am liberal. Politically, I am an independent who leans Republican. I attend church. I am 74 years old. I am a woman. I am somewhat interested in politics.. Question: Do you think the federal government should be doing more about the opioid drug addiction issue, should be doing less, or is it currently doing the right amount?

Answer choices:
1. Should be doing more 2. Should be doing less 3. Is doing the right amount

When answering, respond ONLY with a single number that corresponds to the option you choose. Do not include any additional text, punctuation or explanation.

My answer is
",1
fake_4399,1,5,6,1,68,1,1,"Today is November 5, 2024. Racially, I am white. Ideologically, I am slightly conservative. Politically, I am a weak Republican. I attend church. I am 68 years old. I am a man. I am very interested in politics.. Question: Do you think the federal government should be doing more about the opioid drug addiction issue, should be doing less, or is it currently doing the right amount?

Answer choices:
1. Should be doing more 2. Should be doing less 3. Is doing the right amount

When answering, respond ONLY with a single number that corresponds to the option you choose. Do not include any additional text, punctuation or explanation.

My answer is
",1
fake_4400,1,6,1,1,27,2,2,"Today is November 5, 2024. Racially, I am white. Ideologically, I am conservative. Politically, I am a strong democrat. I attend church. I am 27 years old. I am a woman. I am somewhat interested in politics.. Question: Do you think the federal government should be doing more about the opioid drug addiction issue, should be doing less, or is it currently doing the right amount?

Answer choices:
1. Should be doing more 2. Should be doing less 3. Is doing the right amount

When answering, respond ONLY with a single number that corresponds to the option you choose. Do not include any additional text, punctuation or explanation.

My answer is
",1
fake_4401,1,99,3,2,43,1,2,"Today is November 5, 2024. Racially, I am white. Politically, I am an independent who leans Democratic. I do not attend church. I am 43 years old. I am a man. I am somewhat interested in politics.. Question: Do you think the federal government should be doing more about the opioid drug addiction issue, should be doing less, or is it currently doing the right amount?

Answer choices:
1. Should be doing more 2. Should be doing less 3. Is doing the right amount

When answering, respond ONLY with a single number that corresponds to the option you choose. Do not include any additional text, punctuation or explanation.

My answer is
",1
fake_4402,1,5,5,1,28,1,3,"Today is November 5, 2024. Racially, I am white. Ideologically, I am slightly conservative. Politically, I am an independent who leans Republican. I attend church. I am 28 years old. I am a man. I am not very interested in politics.. Question: Do you think the federal government should be doing more about the opioid drug addiction issue, should be doing less, or is it currently doing the right amount?

Answer choices:
1. Should be doing more 2. Should be doing less 3. Is doing the right amount

When answering, respond ONLY with a single number that corresponds to the option you choose. Do not include any additional text, punctuation or explanation.

My answer is
",1
fake_4403,1,99,7,2,80,1,1,"Today is November 5, 2024. Racially, I am white. Politically, I am a strong Republican. I do not attend church. I am 80 years old. I am a man. I am very interested in politics.. Question: Do you think the federal government should be doing more about the opioid drug addiction issue, should be doing less, or is it currently doing the right amount?

Answer choices:
1. Should be doing more 2. Should be doing less 3. Is doing the right amount

When answering, respond ONLY with a single number that corresponds to the option you choose. Do not include any additional text, punctuation or explanation.

My answer is
",2
fake_4404,1,6,4,1,49,2,1,"Today is November 5, 2024. Racially, I am white. Ideologically, I am conservative. Politically, I am an independent. I attend church. I am 49 years old. I am a woman. I am very interested in politics.. Question: Do you think the federal government should be doing more about the opioid drug addiction issue, should be doing less, or is it currently doing the right amount?

Answer choices:
1. Should be doing more 2. Should be doing less 3. Is doing the right amount

When answering, respond ONLY with a single number that corresponds to the option you choose. Do not include any additional text, punctuation or explanation.

My answer is
",1
fake_4405,2,99,1,1,67,2,2,"Today is November 5, 2024. Racially, I am black. Politically, I am a strong democrat. I attend church. I am 67 years old. I am a woman. I am somewhat interested in politics.. Question: Do you think the federal government should be doing more about the opioid drug addiction issue, should be doing less, or is it currently doing the right amount?

Answer choices:
1. Should be doing more 2. Should be doing less 3. Is doing the right amount

When answering, respond ONLY with a single number that corresponds to the option you choose. Do not include any additional text, punctuation or explanation.

My answer is
",1
fake_4406,1,99,3,2,32,2,2,"Today is November 5, 2024. Racially, I am white. Politically, I am an independent who leans Democratic. I do not attend church. I am 32 years old. I am a woman. I am somewhat interested in politics.. Question: Do you think the federal government should be doing more about the opioid drug addiction issue, should be doing less, or is it currently doing the right amount?

Answer choices:
1. Should be doing more 2. Should be doing less 3. Is doing the right amount

When answering, respond ONLY with a single number that corresponds to the option you choose. Do not include any additional text, punctuation or explanation.

My answer is
",1
fake_4407,1,2,4,2,45,1,-6,"Today is November 5, 2024. Racially, I am white. Ideologically, I am liberal. Politically, I am an independent. I do not attend church. I am 45 years old. I am a man.. Question: Do you think the federal government should be doing more about the opioid drug addiction issue, should be doing less, or is it currently doing the right amount?

Answer choices:
1. Should be doing more 2. Should be doing less 3. Is doing the right amount

When answering, respond ONLY with a single number that corresponds to the option you choose. Do not include any additional text, punctuation or explanation.

My answer is
",1
fake_4408,1,2,7,1,39,2,3,"Today is November 5, 2024. Racially, I am white. Ideologically, I am liberal. Politically, I am a strong Republican. I attend church. I am 39 years old. I am a woman. I am not very interested in politics.. Question: Do you think the federal government should be doing more about the opioid drug addiction issue, should be doing less, or is it currently doing the right amount?

Answer choices:
1. Should be doing more 2. Should be doing less 3. Is doing the right amount

When answering, respond ONLY with a single number that corresponds to the option you choose. Do not include any additional text, punctuation or explanation.

My answer is
",1
fake_4409,1,6,1,1,66,2,2,"Today is November 5, 2024. Racially, I am white. Ideologically, I am conservative. Politically, I am a strong democrat. I attend church. I am 66 years old. I am a woman. I am somewhat interested in politics.. Question: Do you think the federal government should be doing more about the opioid drug addiction issue, should be doing less, or is it currently doing the right amount?

Answer choices:
1. Should be doing more 2. Should be doing less 3. Is doing the right amount

When answering, respond ONLY with a single number that corresponds to the option you choose. Do not include any additional text, punctuation or explanation.

My answer is
",1
fake_4410,3,5,5,2,69,1,1,"Today is November 5, 2024. Racially, I am hispanic. Ideologically, I am slightly conservative. Politically, I am an independent who leans Republican. I do not attend church. I am 69 years old. I am a man. I am very interested in politics.. Question: Do you think the federal government should be doing more about the opioid drug addiction issue, should be doing less, or is it currently doing the right amount?

Answer choices:
1. Should be doing more 2. Should be doing less 3. Is doing the right amount

When answering, respond ONLY with a single number that corresponds to the option you choose. Do not include any additional text, punctuation or explanation.

My answer is
",1
fake_4411,1,99,3,2,45,2,2,"Today is November 5, 2024. Racially, I am white. Politically, I am an independent who leans Democratic. I do not attend church. I am 45 years old. I am a woman. I am somewhat interested in politics.. Question: Do you think the federal government should be doing more about the opioid drug addiction issue, should be doing less, or is it currently doing the right amount?

Answer choices:
1. Should be doing more 2. Should be doing less 3. Is doing the right amount

When answering, respond ONLY with a single number that corresponds to the option you choose. Do not include any additional text, punctuation or explanation.

My answer is
",1
fake_4412,2,1,7,2,-2,2,2,"Today is November 5, 2024. Racially, I am black. Ideologically, I am extremely liberal. Politically, I am a strong Republican. I do not attend church. I am a woman. I am somewhat interested in politics.. Question: Do you think the federal government should be doing more about the opioid drug addiction issue, should be doing less, or is it currently doing the right amount?

Answer choices:
1. Should be doing more 2. Should be doing less 3. Is doing the right amount

When answering, respond ONLY with a single number that corresponds to the option you choose. Do not include any additional text, punctuation or explanation.

My answer is
",1
fake_4413,1,-9,1,2,51,1,2,"Today is November 5, 2024. Racially, I am white. Politically, I am a strong democrat. I do not attend church. I am 51 years old. I am a man. I am somewhat interested in politics.. Question: Do you think the federal government should be doing more about the opioid drug addiction issue, should be doing less, or is it currently doing the right amount?

Answer choices:
1. Should be doing more 2. Should be doing less 3. Is doing the right amount

When answering, respond ONLY with a single number that corresponds to the option you choose. Do not include any additional text, punctuation or explanation.

My answer is
",1
fake_4414,2,6,6,1,76,2,2,"Today is November 5, 2024. Racially, I am black. Ideologically, I am conservative. Politically, I am a weak Republican. I attend church. I am 76 years old. I am a woman. I am somewhat interested in politics.. Question: Do you think the federal government should be doing more about the opioid drug addiction issue, should be doing less, or is it currently doing the right amount?

Answer choices:
1. Should be doing more 2. Should be doing less 3. Is doing the right amount

When answering, respond ONLY with a single number that corresponds to the option you choose. Do not include any additional text, punctuation or explanation.

My answer is
",1
fake_4415,1,5,4,1,31,-9,2,"Today is November 5, 2024. Racially, I am white. Ideologically, I am slightly conservative. Politically, I am an independent. I attend church. I am 31 years old. I am somewhat interested in politics.. Question: Do you think the federal government should be doing more about the opioid drug addiction issue, should be doing less, or is it currently doing the right amount?

Answer choices:
1. Should be doing more 2. Should be doing less 3. Is doing the right amount

When answering, respond ONLY with a single number that corresponds to the option you choose. Do not include any additional text, punctuation or explanation.

My answer is
",1
fake_4416,1,4,5,1,70,1,-6,"Today is November 5, 2024. Racially, I am white. Ideologically, I am moderate. Politically, I am an independent who leans Republican. I attend church. I am 70 years old. I am a man.. Question: Do you think the federal government should be doing more about the opioid drug addiction issue, should be doing less, or is it currently doing the right amount?

Answer choices:
1. Should be doing more 2. Should be doing less 3. Is doing the right amount

When answering, respond ONLY with a single number that corresponds to the option you choose. Do not include any additional text, punctuation or explanation.

My answer is
",1
fake_4417,1,6,6,2,-2,1,2,"Today is November 5, 2024. Racially, I am white. Ideologically, I am conservative. Politically, I am a weak Republican. I do not attend church. I am a man. I am somewhat interested in politics.. Question: Do you think the federal government should be doing more about the opioid drug addiction issue, should be doing less, or is it currently doing the right amount?

Answer choices:
1. Should be doing more 2. Should be doing less 3. Is doing the right amount

When answering, respond ONLY with a single number that corresponds to the option you choose. Do not include any additional text, punctuation or explanation.

My answer is
",1
fake_4418,1,4,3,2,35,2,4,"Today is November 5, 2024. Racially, I am white. Ideologically, I am moderate. Politically, I am an independent who leans Democratic. I do not attend church. I am 35 years old. I am a woman. I am not at all interested in politics.. Question: Do you think the federal government should be doing more about the opioid drug addiction issue, should be doing less, or is it currently doing the right amount?

Answer choices:
1. Should be doing more 2. Should be doing less 3. Is doing the right amount

When answering, respond ONLY with a single number that corresponds to the option you choose. Do not include any additional text, punctuation or explanation.

My answer is
",1
fake_4419,1,4,5,2,61,1,4,"Today is November 5, 2024. Racially, I am white. Ideologically, I am moderate. Politically, I am an independent who leans Republican. I do not attend church. I am 61 years old. I am a man. I am not at all interested in politics.. Question: Do you think the federal government should be doing more about the opioid drug addiction issue, should be doing less, or is it currently doing the right amount?

Answer choices:
1. Should be doing more 2. Should be doing less 3. Is doing the right amount

When answering, respond ONLY with a single number that corresponds to the option you choose. Do not include any additional text, punctuation or explanation.

My answer is
",1
fake_4420,1,6,2,2,36,1,2,"Today is November 5, 2024. Racially, I am white. Ideologically, I am conservative. Politically, I am a weak Democrat. I do not attend church. I am 36 years old. I am a man. I am somewhat interested in politics.. Question: Do you think the federal government should be doing more about the opioid drug addiction issue, should be doing less, or is it currently doing the right amount?

Answer choices:
1. Should be doing more 2. Should be doing less 3. Is doing the right amount

When answering, respond ONLY with a single number that corresponds to the option you choose. Do not include any additional text, punctuation or explanation.

My answer is
",1
fake_4421,1,3,1,1,64,1,2,"Today is November 5, 2024. Racially, I am white. Ideologically, I am slightly liberal. Politically, I am a strong democrat. I attend church. I am 64 years old. I am a man. I am somewhat interested in politics.. Question: Do you think the federal government should be doing more about the opioid drug addiction issue, should be doing less, or is it currently doing the right amount?

Answer choices:
1. Should be doing more 2. Should be doing less 3. Is doing the right amount

When answering, respond ONLY with a single number that corresponds to the option you choose. Do not include any additional text, punctuation or explanation.

My answer is
",1
fake_4422,1,5,1,1,80,1,4,"Today is November 5, 2024. Racially, I am white. Ideologically, I am slightly conservative. Politically, I am a strong democrat. I attend church. I am 80 years old. I am a man. I am not at all interested in politics.. Question: Do you think the federal government should be doing more about the opioid drug addiction issue, should be doing less, or is it currently doing the right amount?

Answer choices:
1. Should be doing more 2. Should be doing less 3. Is doing the right amount

When answering, respond ONLY with a single number that corresponds to the option you choose. Do not include any additional text, punctuation or explanation.

My answer is
",1
fake_4423,1,2,3,2,30,1,2,"Today is November 5, 2024. Racially, I am white. Ideologically, I am liberal. Politically, I am an independent who leans Democratic. I do not attend church. I am 30 years old. I am a man. I am somewhat interested in politics.. Question: Do you think the federal government should be doing more about the opioid drug addiction issue, should be doing less, or is it currently doing the right amount?

Answer choices:
1. Should be doing more 2. Should be doing less 3. Is doing the right amount

When answering, respond ONLY with a single number that corresponds to the option you choose. Do not include any additional text, punctuation or explanation.

My answer is
",1
fake_4424,1,4,1,1,67,2,2,"Today is November 5, 2024. Racially, I am white. Ideologically, I am moderate. Politically, I am a strong democrat. I attend church. I am 67 years old. I am a woman. I am somewhat interested in politics.. Question: Do you think the federal government should be doing more about the opioid drug addiction issue, should be doing less, or is it currently doing the right amount?

Answer choices:
1. Should be doing more 2. Should be doing less 3. Is doing the right amount

When answering, respond ONLY with a single number that corresponds to the option you choose. Do not include any additional text, punctuation or explanation.

My answer is
",1
fake_4425,1,5,3,1,80,1,-6,"Today is November 5, 2024. Racially, I am white. Ideologically, I am slightly conservative. Politically, I am an independent who leans Democratic. I attend church. I am 80 years old. I am a man.. Question: Do you think the federal government should be doing more about the opioid drug addiction issue, should be doing less, or is it currently doing the right amount?

Answer choices:
1. Should be doing more 2. Should be doing less 3. Is doing the right amount

When answering, respond ONLY with a single number that corresponds to the option you choose. Do not include any additional text, punctuation or explanation.

My answer is
",1
fake_4426,3,5,7,1,29,2,4,"Today is November 5, 2024. Racially, I am hispanic. Ideologically, I am slightly conservative. Politically, I am a strong Republican. I attend church. I am 29 years old. I am a woman. I am not at all interested in politics.. Question: Do you think the federal government should be doing more about the opioid drug addiction issue, should be doing less, or is it currently doing the right amount?

Answer choices:
1. Should be doing more 2. Should be doing less 3. Is doing the right amount

When answering, respond ONLY with a single number that corresponds to the option you choose. Do not include any additional text, punctuation or explanation.

My answer is
",1
fake_4427,3,6,1,2,49,1,2,"Today is November 5, 2024. Racially, I am hispanic. Ideologically, I am conservative. Politically, I am a strong democrat. I do not attend church. I am 49 years old. I am a man. I am somewhat interested in politics.. Question: Do you think the federal government should be doing more about the opioid drug addiction issue, should be doing less, or is it currently doing the right amount?

Answer choices:
1. Should be doing more 2. Should be doing less 3. Is doing the right amount

When answering, respond ONLY with a single number that corresponds to the option you choose. Do not include any additional text, punctuation or explanation.

My answer is
",1
fake_4428,1,5,5,1,51,1,1,"Today is November 5, 2024. Racially, I am white. Ideologically, I am slightly conservative. Politically, I am an independent who leans Republican. I attend church. I am 51 years old. I am a man. I am very interested in politics.. Question: Do you think the federal government should be doing more about the opioid drug addiction issue, should be doing less, or is it currently doing the right amount?

Answer choices:
1. Should be doing more 2. Should be doing less 3. Is doing the right amount

When answering, respond ONLY with a single number that corresponds to the option you choose. Do not include any additional text, punctuation or explanation.

My answer is
",1
fake_4429,1,99,5,1,75,2,2,"Today is November 5, 2024. Racially, I am white. Politically, I am an independent who leans Republican. I attend church. I am 75 years old. I am a woman. I am somewhat interested in politics.. Question: Do you think the federal government should be doing more about the opioid drug addiction issue, should be doing less, or is it currently doing the right amount?

Answer choices:
1. Should be doing more 2. Should be doing less 3. Is doing the right amount

When answering, respond ONLY with a single number that corresponds to the option you choose. Do not include any additional text, punctuation or explanation.

My answer is
",1
fake_4430,1,6,6,2,77,2,3,"Today is November 5, 2024. Racially, I am white. Ideologically, I am conservative. Politically, I am a weak Republican. I do not attend church. I am 77 years old. I am a woman. I am not very interested in politics.. Question: Do you think the federal government should be doing more about the opioid drug addiction issue, should be doing less, or is it currently doing the right amount?

Answer choices:
1. Should be doing more 2. Should be doing less 3. Is doing the right amount

When answering, respond ONLY with a single number that corresponds to the option you choose. Do not include any additional text, punctuation or explanation.

My answer is
",1
fake_4431,1,6,1,1,56,1,2,"Today is November 5, 2024. Racially, I am white. Ideologically, I am conservative. Politically, I am a strong democrat. I attend church. I am 56 years old. I am a man. I am somewhat interested in politics.. Question: Do you think the federal government should be doing more about the opioid drug addiction issue, should be doing less, or is it currently doing the right amount?

Answer choices:
1. Should be doing more 2. Should be doing less 3. Is doing the right amount

When answering, respond ONLY with a single number that corresponds to the option you choose. Do not include any additional text, punctuation or explanation.

My answer is
",1
fake_4432,1,5,2,1,66,2,2,"Today is November 5, 2024. Racially, I am white. Ideologically, I am slightly conservative. Politically, I am a weak Democrat. I attend church. I am 66 years old. I am a woman. I am somewhat interested in politics.. Question: Do you think the federal government should be doing more about the opioid drug addiction issue, should be doing less, or is it currently doing the right amount?

Answer choices:
1. Should be doing more 2. Should be doing less 3. Is doing the right amount

When answering, respond ONLY with a single number that corresponds to the option you choose. Do not include any additional text, punctuation or explanation.

My answer is
",1
fake_4433,1,4,2,1,76,2,4,"Today is November 5, 2024. Racially, I am white. Ideologically, I am moderate. Politically, I am a weak Democrat. I attend church. I am 76 years old. I am a woman. I am not at all interested in politics.. Question: Do you think the federal government should be doing more about the opioid drug addiction issue, should be doing less, or is it currently doing the right amount?

Answer choices:
1. Should be doing more 2. Should be doing less 3. Is doing the right amount

When answering, respond ONLY with a single number that corresponds to the option you choose. Do not include any additional text, punctuation or explanation.

My answer is
",1
fake_4434,1,99,7,1,62,2,3,"Today is November 5, 2024. Racially, I am white. Politically, I am a strong Republican. I attend church. I am 62 years old. I am a woman. I am not very interested in politics.. Question: Do you think the federal government should be doing more about the opioid drug addiction issue, should be doing less, or is it currently doing the right amount?

Answer choices:
1. Should be doing more 2. Should be doing less 3. Is doing the right amount

When answering, respond ONLY with a single number that corresponds to the option you choose. Do not include any additional text, punctuation or explanation.

My answer is
",1
fake_4435,4,4,1,2,80,1,2,"Today is November 5, 2024. Racially, I am asian. Ideologically, I am moderate. Politically, I am a strong democrat. I do not attend church. I am 80 years old. I am a man. I am somewhat interested in politics.. Question: Do you think the federal government should be doing more about the opioid drug addiction issue, should be doing less, or is it currently doing the right amount?

Answer choices:
1. Should be doing more 2. Should be doing less 3. Is doing the right amount

When answering, respond ONLY with a single number that corresponds to the option you choose. Do not include any additional text, punctuation or explanation.

My answer is
",1
fake_4436,2,2,6,-1,29,1,2,"Today is November 5, 2024. Racially, I am black. Ideologically, I am liberal. Politically, I am a weak Republican. I am 29 years old. I am a man. I am somewhat interested in politics.. Question: Do you think the federal government should be doing more about the opioid drug addiction issue, should be doing less, or is it currently doing the right amount?

Answer choices:
1. Should be doing more 2. Should be doing less 3. Is doing the right amount

When answering, respond ONLY with a single number that corresponds to the option you choose. Do not include any additional text, punctuation or explanation.

My answer is
",1
fake_4437,1,4,7,2,53,2,2,"Today is November 5, 2024. Racially, I am white. Ideologically, I am moderate. Politically, I am a strong Republican. I do not attend church. I am 53 years old. I am a woman. I am somewhat interested in politics.. Question: Do you think the federal government should be doing more about the opioid drug addiction issue, should be doing less, or is it currently doing the right amount?

Answer choices:
1. Should be doing more 2. Should be doing less 3. Is doing the right amount

When answering, respond ONLY with a single number that corresponds to the option you choose. Do not include any additional text, punctuation or explanation.

My answer is
",1
fake_4438,1,7,1,2,68,2,4,"Today is November 5, 2024. Racially, I am white. Ideologically, I am extremely conservative. Politically, I am a strong democrat. I do not attend church. I am 68 years old. I am a woman. I am not at all interested in politics.. Question: Do you think the federal government should be doing more about the opioid drug addiction issue, should be doing less, or is it currently doing the right amount?

Answer choices:
1. Should be doing more 2. Should be doing less 3. Is doing the right amount

When answering, respond ONLY with a single number that corresponds to the option you choose. Do not include any additional text, punctuation or explanation.

My answer is
",1
fake_4439,1,3,5,2,60,1,2,"Today is November 5, 2024. Racially, I am white. Ideologically, I am slightly liberal. Politically, I am an independent who leans Republican. I do not attend church. I am 60 years old. I am a man. I am somewhat interested in politics.. Question: Do you think the federal government should be doing more about the opioid drug addiction issue, should be doing less, or is it currently doing the right amount?

Answer choices:
1. Should be doing more 2. Should be doing less 3. Is doing the right amount

When answering, respond ONLY with a single number that corresponds to the option you choose. Do not include any additional text, punctuation or explanation.

My answer is
",1
fake_4440,1,4,3,1,75,1,1,"Today is November 5, 2024. Racially, I am white. Ideologically, I am moderate. Politically, I am an independent who leans Democratic. I attend church. I am 75 years old. I am a man. I am very interested in politics.. Question: Do you think the federal government should be doing more about the opioid drug addiction issue, should be doing less, or is it currently doing the right amount?

Answer choices:
1. Should be doing more 2. Should be doing less 3. Is doing the right amount

When answering, respond ONLY with a single number that corresponds to the option you choose. Do not include any additional text, punctuation or explanation.

My answer is
",1
fake_4441,1,2,7,-1,63,2,-9,"Today is November 5, 2024. Racially, I am white. Ideologically, I am liberal. Politically, I am a strong Republican. I am 63 years old. I am a woman.. Question: Do you think the federal government should be doing more about the opioid drug addiction issue, should be doing less, or is it currently doing the right amount?

Answer choices:
1. Should be doing more 2. Should be doing less 3. Is doing the right amount

When answering, respond ONLY with a single number that corresponds to the option you choose. Do not include any additional text, punctuation or explanation.

My answer is
",1
fake_4442,1,2,2,1,69,2,1,"Today is November 5, 2024. Racially, I am white. Ideologically, I am liberal. Politically, I am a weak Democrat. I attend church. I am 69 years old. I am a woman. I am very interested in politics.. Question: Do you think the federal government should be doing more about the opioid drug addiction issue, should be doing less, or is it currently doing the right amount?

Answer choices:
1. Should be doing more 2. Should be doing less 3. Is doing the right amount

When answering, respond ONLY with a single number that corresponds to the option you choose. Do not include any additional text, punctuation or explanation.

My answer is
",1
fake_4443,1,6,6,1,71,2,1,"Today is November 5, 2024. Racially, I am white. Ideologically, I am conservative. Politically, I am a weak Republican. I attend church. I am 71 years old. I am a woman. I am very interested in politics.. Question: Do you think the federal government should be doing more about the opioid drug addiction issue, should be doing less, or is it currently doing the right amount?

Answer choices:
1. Should be doing more 2. Should be doing less 3. Is doing the right amount

When answering, respond ONLY with a single number that corresponds to the option you choose. Do not include any additional text, punctuation or explanation.

My answer is
",1
fake_4444,1,4,6,1,51,2,3,"Today is November 5, 2024. Racially, I am white. Ideologically, I am moderate. Politically, I am a weak Republican. I attend church. I am 51 years old. I am a woman. I am not very interested in politics.. Question: Do you think the federal government should be doing more about the opioid drug addiction issue, should be doing less, or is it currently doing the right amount?

Answer choices:
1. Should be doing more 2. Should be doing less 3. Is doing the right amount

When answering, respond ONLY with a single number that corresponds to the option you choose. Do not include any additional text, punctuation or explanation.

My answer is
",1
fake_4445,3,2,7,2,48,2,2,"Today is November 5, 2024. Racially, I am hispanic. Ideologically, I am liberal. Politically, I am a strong Republican. I do not attend church. I am 48 years old. I am a woman. I am somewhat interested in politics.. Question: Do you think the federal government should be doing more about the opioid drug addiction issue, should be doing less, or is it currently doing the right amount?

Answer choices:
1. Should be doing more 2. Should be doing less 3. Is doing the right amount

When answering, respond ONLY with a single number that corresponds to the option you choose. Do not include any additional text, punctuation or explanation.

My answer is
",1
fake_4446,1,4,6,2,49,1,-6,"Today is November 5, 2024. Racially, I am white. Ideologically, I am moderate. Politically, I am a weak Republican. I do not attend church. I am 49 years old. I am a man.. Question: Do you think the federal government should be doing more about the opioid drug addiction issue, should be doing less, or is it currently doing the right amount?

Answer choices:
1. Should be doing more 2. Should be doing less 3. Is doing the right amount

When answering, respond ONLY with a single number that corresponds to the option you choose. Do not include any additional text, punctuation or explanation.

My answer is
",1
fake_4447,1,4,4,1,50,2,2,"Today is November 5, 2024. Racially, I am white. Ideologically, I am moderate. Politically, I am an independent. I attend church. I am 50 years old. I am a woman. I am somewhat interested in politics.. Question: Do you think the federal government should be doing more about the opioid drug addiction issue, should be doing less, or is it currently doing the right amount?

Answer choices:
1. Should be doing more 2. Should be doing less 3. Is doing the right amount

When answering, respond ONLY with a single number that corresponds to the option you choose. Do not include any additional text, punctuation or explanation.

My answer is
",1
fake_4448,1,7,6,1,32,1,2,"Today is November 5, 2024. Racially, I am white. Ideologically, I am extremely conservative. Politically, I am a weak Republican. I attend church. I am 32 years old. I am a man. I am somewhat interested in politics.. Question: Do you think the federal government should be doing more about the opioid drug addiction issue, should be doing less, or is it currently doing the right amount?

Answer choices:
1. Should be doing more 2. Should be doing less 3. Is doing the right amount

When answering, respond ONLY with a single number that corresponds to the option you choose. Do not include any additional text, punctuation or explanation.

My answer is
",1
fake_4449,1,4,4,2,36,2,2,"Today is November 5, 2024. Racially, I am white. Ideologically, I am moderate. Politically, I am an independent. I do not attend church. I am 36 years old. I am a woman. I am somewhat interested in politics.. Question: Do you think the federal government should be doing more about the opioid drug addiction issue, should be doing less, or is it currently doing the right amount?

Answer choices:
1. Should be doing more 2. Should be doing less 3. Is doing the right amount

When answering, respond ONLY with a single number that corresponds to the option you choose. Do not include any additional text, punctuation or explanation.

My answer is
",1
fake_4450,1,1,5,1,54,2,3,"Today is November 5, 2024. Racially, I am white. Ideologically, I am extremely liberal. Politically, I am an independent who leans Republican. I attend church. I am 54 years old. I am a woman. I am not very interested in politics.. Question: Do you think the federal government should be doing more about the opioid drug addiction issue, should be doing less, or is it currently doing the right amount?

Answer choices:
1. Should be doing more 2. Should be doing less 3. Is doing the right amount

When answering, respond ONLY with a single number that corresponds to the option you choose. Do not include any additional text, punctuation or explanation.

My answer is
",1
fake_4451,1,2,5,2,31,1,2,"Today is November 5, 2024. Racially, I am white. Ideologically, I am liberal. Politically, I am an independent who leans Republican. I do not attend church. I am 31 years old. I am a man. I am somewhat interested in politics.. Question: Do you think the federal government should be doing more about the opioid drug addiction issue, should be doing less, or is it currently doing the right amount?

Answer choices:
1. Should be doing more 2. Should be doing less 3. Is doing the right amount

When answering, respond ONLY with a single number that corresponds to the option you choose. Do not include any additional text, punctuation or explanation.

My answer is
",1
fake_4452,3,5,1,2,47,2,-6,"Today is November 5, 2024. Racially, I am hispanic. Ideologically, I am slightly conservative. Politically, I am a strong democrat. I do not attend church. I am 47 years old. I am a woman.. Question: Do you think the federal government should be doing more about the opioid drug addiction issue, should be doing less, or is it currently doing the right amount?

Answer choices:
1. Should be doing more 2. Should be doing less 3. Is doing the right amount

When answering, respond ONLY with a single number that corresponds to the option you choose. Do not include any additional text, punctuation or explanation.

My answer is
",1
fake_4453,1,2,1,2,70,1,1,"Today is November 5, 2024. Racially, I am white. Ideologically, I am liberal. Politically, I am a strong democrat. I do not attend church. I am 70 years old. I am a man. I am very interested in politics.. Question: Do you think the federal government should be doing more about the opioid drug addiction issue, should be doing less, or is it currently doing the right amount?

Answer choices:
1. Should be doing more 2. Should be doing less 3. Is doing the right amount

When answering, respond ONLY with a single number that corresponds to the option you choose. Do not include any additional text, punctuation or explanation.

My answer is
",1
fake_4454,1,4,6,2,67,2,2,"Today is November 5, 2024. Racially, I am white. Ideologically, I am moderate. Politically, I am a weak Republican. I do not attend church. I am 67 years old. I am a woman. I am somewhat interested in politics.. Question: Do you think the federal government should be doing more about the opioid drug addiction issue, should be doing less, or is it currently doing the right amount?

Answer choices:
1. Should be doing more 2. Should be doing less 3. Is doing the right amount

When answering, respond ONLY with a single number that corresponds to the option you choose. Do not include any additional text, punctuation or explanation.

My answer is
",1
fake_4455,1,6,4,1,75,1,3,"Today is November 5, 2024. Racially, I am white. Ideologically, I am conservative. Politically, I am an independent. I attend church. I am 75 years old. I am a man. I am not very interested in politics.. Question: Do you think the federal government should be doing more about the opioid drug addiction issue, should be doing less, or is it currently doing the right amount?

Answer choices:
1. Should be doing more 2. Should be doing less 3. Is doing the right amount

When answering, respond ONLY with a single number that corresponds to the option you choose. Do not include any additional text, punctuation or explanation.

My answer is
",1
fake_4456,1,5,6,1,68,2,1,"Today is November 5, 2024. Racially, I am white. Ideologically, I am slightly conservative. Politically, I am a weak Republican. I attend church. I am 68 years old. I am a woman. I am very interested in politics.. Question: Do you think the federal government should be doing more about the opioid drug addiction issue, should be doing less, or is it currently doing the right amount?

Answer choices:
1. Should be doing more 2. Should be doing less 3. Is doing the right amount

When answering, respond ONLY with a single number that corresponds to the option you choose. Do not include any additional text, punctuation or explanation.

My answer is
",1
fake_4457,1,2,2,-1,47,2,4,"Today is November 5, 2024. Racially, I am white. Ideologically, I am liberal. Politically, I am a weak Democrat. I am 47 years old. I am a woman. I am not at all interested in politics.. Question: Do you think the federal government should be doing more about the opioid drug addiction issue, should be doing less, or is it currently doing the right amount?

Answer choices:
1. Should be doing more 2. Should be doing less 3. Is doing the right amount

When answering, respond ONLY with a single number that corresponds to the option you choose. Do not include any additional text, punctuation or explanation.

My answer is
",1
fake_4458,6,4,5,1,68,1,2,"Today is November 5, 2024. Ideologically, I am moderate. Politically, I am an independent who leans Republican. I attend church. I am 68 years old. I am a man. I am somewhat interested in politics.. Question: Do you think the federal government should be doing more about the opioid drug addiction issue, should be doing less, or is it currently doing the right amount?

Answer choices:
1. Should be doing more 2. Should be doing less 3. Is doing the right amount

When answering, respond ONLY with a single number that corresponds to the option you choose. Do not include any additional text, punctuation or explanation.

My answer is
",1
fake_4459,3,2,5,1,27,1,4,"Today is November 5, 2024. Racially, I am hispanic. Ideologically, I am liberal. Politically, I am an independent who leans Republican. I attend church. I am 27 years old. I am a man. I am not at all interested in politics.. Question: Do you think the federal government should be doing more about the opioid drug addiction issue, should be doing less, or is it currently doing the right amount?

Answer choices:
1. Should be doing more 2. Should be doing less 3. Is doing the right amount

When answering, respond ONLY with a single number that corresponds to the option you choose. Do not include any additional text, punctuation or explanation.

My answer is
",1
fake_4460,1,99,1,2,-2,2,4,"Today is November 5, 2024. Racially, I am white. Politically, I am a strong democrat. I do not attend church. I am a woman. I am not at all interested in politics.. Question: Do you think the federal government should be doing more about the opioid drug addiction issue, should be doing less, or is it currently doing the right amount?

Answer choices:
1. Should be doing more 2. Should be doing less 3. Is doing the right amount

When answering, respond ONLY with a single number that corresponds to the option you choose. Do not include any additional text, punctuation or explanation.

My answer is
",1
fake_4461,1,4,3,1,69,1,-6,"Today is November 5, 2024. Racially, I am white. Ideologically, I am moderate. Politically, I am an independent who leans Democratic. I attend church. I am 69 years old. I am a man.. Question: Do you think the federal government should be doing more about the opioid drug addiction issue, should be doing less, or is it currently doing the right amount?

Answer choices:
1. Should be doing more 2. Should be doing less 3. Is doing the right amount

When answering, respond ONLY with a single number that corresponds to the option you choose. Do not include any additional text, punctuation or explanation.

My answer is
",1
fake_4462,1,2,5,2,50,1,2,"Today is November 5, 2024. Racially, I am white. Ideologically, I am liberal. Politically, I am an independent who leans Republican. I do not attend church. I am 50 years old. I am a man. I am somewhat interested in politics.. Question: Do you think the federal government should be doing more about the opioid drug addiction issue, should be doing less, or is it currently doing the right amount?

Answer choices:
1. Should be doing more 2. Should be doing less 3. Is doing the right amount

When answering, respond ONLY with a single number that corresponds to the option you choose. Do not include any additional text, punctuation or explanation.

My answer is
",1
fake_4463,1,6,2,-1,-2,1,2,"Today is November 5, 2024. Racially, I am white. Ideologically, I am conservative. Politically, I am a weak Democrat. I am a man. I am somewhat interested in politics.. Question: Do you think the federal government should be doing more about the opioid drug addiction issue, should be doing less, or is it currently doing the right amount?

Answer choices:
1. Should be doing more 2. Should be doing less 3. Is doing the right amount

When answering, respond ONLY with a single number that corresponds to the option you choose. Do not include any additional text, punctuation or explanation.

My answer is
",1
fake_4464,3,6,4,2,56,1,2,"Today is November 5, 2024. Racially, I am hispanic. Ideologically, I am conservative. Politically, I am an independent. I do not attend church. I am 56 years old. I am a man. I am somewhat interested in politics.. Question: Do you think the federal government should be doing more about the opioid drug addiction issue, should be doing less, or is it currently doing the right amount?

Answer choices:
1. Should be doing more 2. Should be doing less 3. Is doing the right amount

When answering, respond ONLY with a single number that corresponds to the option you choose. Do not include any additional text, punctuation or explanation.

My answer is
",1
fake_4465,1,4,1,2,40,1,2,"Today is November 5, 2024. Racially, I am white. Ideologically, I am moderate. Politically, I am a strong democrat. I do not attend church. I am 40 years old. I am a man. I am somewhat interested in politics.. Question: Do you think the federal government should be doing more about the opioid drug addiction issue, should be doing less, or is it currently doing the right amount?

Answer choices:
1. Should be doing more 2. Should be doing less 3. Is doing the right amount

When answering, respond ONLY with a single number that corresponds to the option you choose. Do not include any additional text, punctuation or explanation.

My answer is
",1
fake_4466,1,99,1,1,69,2,2,"Today is November 5, 2024. Racially, I am white. Politically, I am a strong democrat. I attend church. I am 69 years old. I am a woman. I am somewhat interested in politics.. Question: Do you think the federal government should be doing more about the opioid drug addiction issue, should be doing less, or is it currently doing the right amount?

Answer choices:
1. Should be doing more 2. Should be doing less 3. Is doing the right amount

When answering, respond ONLY with a single number that corresponds to the option you choose. Do not include any additional text, punctuation or explanation.

My answer is
",1
fake_4467,1,2,6,2,-2,1,3,"Today is November 5, 2024. Racially, I am white. Ideologically, I am liberal. Politically, I am a weak Republican. I do not attend church. I am a man. I am not very interested in politics.. Question: Do you think the federal government should be doing more about the opioid drug addiction issue, should be doing less, or is it currently doing the right amount?

Answer choices:
1. Should be doing more 2. Should be doing less 3. Is doing the right amount

When answering, respond ONLY with a single number that corresponds to the option you choose. Do not include any additional text, punctuation or explanation.

My answer is
",1
fake_4468,1,4,3,1,49,2,-6,"Today is November 5, 2024. Racially, I am white. Ideologically, I am moderate. Politically, I am an independent who leans Democratic. I attend church. I am 49 years old. I am a woman.. Question: Do you think the federal government should be doing more about the opioid drug addiction issue, should be doing less, or is it currently doing the right amount?

Answer choices:
1. Should be doing more 2. Should be doing less 3. Is doing the right amount

When answering, respond ONLY with a single number that corresponds to the option you choose. Do not include any additional text, punctuation or explanation.

My answer is
",1
fake_4469,1,99,4,2,56,2,2,"Today is November 5, 2024. Racially, I am white. Politically, I am an independent. I do not attend church. I am 56 years old. I am a woman. I am somewhat interested in politics.. Question: Do you think the federal government should be doing more about the opioid drug addiction issue, should be doing less, or is it currently doing the right amount?

Answer choices:
1. Should be doing more 2. Should be doing less 3. Is doing the right amount

When answering, respond ONLY with a single number that corresponds to the option you choose. Do not include any additional text, punctuation or explanation.

My answer is
",1
fake_4470,2,4,3,1,40,2,2,"Today is November 5, 2024. Racially, I am black. Ideologically, I am moderate. Politically, I am an independent who leans Democratic. I attend church. I am 40 years old. I am a woman. I am somewhat interested in politics.. Question: Do you think the federal government should be doing more about the opioid drug addiction issue, should be doing less, or is it currently doing the right amount?

Answer choices:
1. Should be doing more 2. Should be doing less 3. Is doing the right amount

When answering, respond ONLY with a single number that corresponds to the option you choose. Do not include any additional text, punctuation or explanation.

My answer is
",1
fake_4471,1,99,5,1,70,1,3,"Today is November 5, 2024. Racially, I am white. Politically, I am an independent who leans Republican. I attend church. I am 70 years old. I am a man. I am not very interested in politics.. Question: Do you think the federal government should be doing more about the opioid drug addiction issue, should be doing less, or is it currently doing the right amount?

Answer choices:
1. Should be doing more 2. Should be doing less 3. Is doing the right amount

When answering, respond ONLY with a single number that corresponds to the option you choose. Do not include any additional text, punctuation or explanation.

My answer is
",1
fake_4472,1,99,6,1,64,2,1,"Today is November 5, 2024. Racially, I am white. Politically, I am a weak Republican. I attend church. I am 64 years old. I am a woman. I am very interested in politics.. Question: Do you think the federal government should be doing more about the opioid drug addiction issue, should be doing less, or is it currently doing the right amount?

Answer choices:
1. Should be doing more 2. Should be doing less 3. Is doing the right amount

When answering, respond ONLY with a single number that corresponds to the option you choose. Do not include any additional text, punctuation or explanation.

My answer is
",1
fake_4473,1,99,4,1,49,2,1,"Today is November 5, 2024. Racially, I am white. Politically, I am an independent. I attend church. I am 49 years old. I am a woman. I am very interested in politics.. Question: Do you think the federal government should be doing more about the opioid drug addiction issue, should be doing less, or is it currently doing the right amount?

Answer choices:
1. Should be doing more 2. Should be doing less 3. Is doing the right amount

When answering, respond ONLY with a single number that corresponds to the option you choose. Do not include any additional text, punctuation or explanation.

My answer is
",1
fake_4474,3,4,7,1,26,1,2,"Today is November 5, 2024. Racially, I am hispanic. Ideologically, I am moderate. Politically, I am a strong Republican. I attend church. I am 26 years old. I am a man. I am somewhat interested in politics.. Question: Do you think the federal government should be doing more about the opioid drug addiction issue, should be doing less, or is it currently doing the right amount?

Answer choices:
1. Should be doing more 2. Should be doing less 3. Is doing the right amount

When answering, respond ONLY with a single number that corresponds to the option you choose. Do not include any additional text, punctuation or explanation.

My answer is
",1
fake_4475,-9,4,3,2,80,1,2,"Today is November 5, 2024. Ideologically, I am moderate. Politically, I am an independent who leans Democratic. I do not attend church. I am 80 years old. I am a man. I am somewhat interested in politics.. Question: Do you think the federal government should be doing more about the opioid drug addiction issue, should be doing less, or is it currently doing the right amount?

Answer choices:
1. Should be doing more 2. Should be doing less 3. Is doing the right amount

When answering, respond ONLY with a single number that corresponds to the option you choose. Do not include any additional text, punctuation or explanation.

My answer is
",1
fake_4476,1,4,1,2,51,2,1,"Today is November 5, 2024. Racially, I am white. Ideologically, I am moderate. Politically, I am a strong democrat. I do not attend church. I am 51 years old. I am a woman. I am very interested in politics.. Question: Do you think the federal government should be doing more about the opioid drug addiction issue, should be doing less, or is it currently doing the right amount?

Answer choices:
1. Should be doing more 2. Should be doing less 3. Is doing the right amount

When answering, respond ONLY with a single number that corresponds to the option you choose. Do not include any additional text, punctuation or explanation.

My answer is
",1
fake_4477,1,2,6,-1,-2,1,2,"Today is November 5, 2024. Racially, I am white. Ideologically, I am liberal. Politically, I am a weak Republican. I am a man. I am somewhat interested in politics.. Question: Do you think the federal government should be doing more about the opioid drug addiction issue, should be doing less, or is it currently doing the right amount?

Answer choices:
1. Should be doing more 2. Should be doing less 3. Is doing the right amount

When answering, respond ONLY with a single number that corresponds to the option you choose. Do not include any additional text, punctuation or explanation.

My answer is
",1
fake_4478,1,6,1,1,57,2,-6,"Today is November 5, 2024. Racially, I am white. Ideologically, I am conservative. Politically, I am a strong democrat. I attend church. I am 57 years old. I am a woman.. Question: Do you think the federal government should be doing more about the opioid drug addiction issue, should be doing less, or is it currently doing the right amount?

Answer choices:
1. Should be doing more 2. Should be doing less 3. Is doing the right amount

When answering, respond ONLY with a single number that corresponds to the option you choose. Do not include any additional text, punctuation or explanation.

My answer is
",1
fake_4479,1,99,5,2,75,1,3,"Today is November 5, 2024. Racially, I am white. Politically, I am an independent who leans Republican. I do not attend church. I am 75 years old. I am a man. I am not very interested in politics.. Question: Do you think the federal government should be doing more about the opioid drug addiction issue, should be doing less, or is it currently doing the right amount?

Answer choices:
1. Should be doing more 2. Should be doing less 3. Is doing the right amount

When answering, respond ONLY with a single number that corresponds to the option you choose. Do not include any additional text, punctuation or explanation.

My answer is
",1
fake_4480,1,2,4,2,48,1,3,"Today is November 5, 2024. Racially, I am white. Ideologically, I am liberal. Politically, I am an independent. I do not attend church. I am 48 years old. I am a man. I am not very interested in politics.. Question: Do you think the federal government should be doing more about the opioid drug addiction issue, should be doing less, or is it currently doing the right amount?

Answer choices:
1. Should be doing more 2. Should be doing less 3. Is doing the right amount

When answering, respond ONLY with a single number that corresponds to the option you choose. Do not include any additional text, punctuation or explanation.

My answer is
",1
fake_4481,1,3,5,1,31,1,1,"Today is November 5, 2024. Racially, I am white. Ideologically, I am slightly liberal. Politically, I am an independent who leans Republican. I attend church. I am 31 years old. I am a man. I am very interested in politics.. Question: Do you think the federal government should be doing more about the opioid drug addiction issue, should be doing less, or is it currently doing the right amount?

Answer choices:
1. Should be doing more 2. Should be doing less 3. Is doing the right amount

When answering, respond ONLY with a single number that corresponds to the option you choose. Do not include any additional text, punctuation or explanation.

My answer is
",1
fake_4482,2,6,6,1,41,2,2,"Today is November 5, 2024. Racially, I am black. Ideologically, I am conservative. Politically, I am a weak Republican. I attend church. I am 41 years old. I am a woman. I am somewhat interested in politics.. Question: Do you think the federal government should be doing more about the opioid drug addiction issue, should be doing less, or is it currently doing the right amount?

Answer choices:
1. Should be doing more 2. Should be doing less 3. Is doing the right amount

When answering, respond ONLY with a single number that corresponds to the option you choose. Do not include any additional text, punctuation or explanation.

My answer is
",1
fake_4483,1,6,1,2,62,1,-6,"Today is November 5, 2024. Racially, I am white. Ideologically, I am conservative. Politically, I am a strong democrat. I do not attend church. I am 62 years old. I am a man.. Question: Do you think the federal government should be doing more about the opioid drug addiction issue, should be doing less, or is it currently doing the right amount?

Answer choices:
1. Should be doing more 2. Should be doing less 3. Is doing the right amount

When answering, respond ONLY with a single number that corresponds to the option you choose. Do not include any additional text, punctuation or explanation.

My answer is
",1
fake_4484,1,99,1,1,60,1,3,"Today is November 5, 2024. Racially, I am white. Politically, I am a strong democrat. I attend church. I am 60 years old. I am a man. I am not very interested in politics.. Question: Do you think the federal government should be doing more about the opioid drug addiction issue, should be doing less, or is it currently doing the right amount?

Answer choices:
1. Should be doing more 2. Should be doing less 3. Is doing the right amount

When answering, respond ONLY with a single number that corresponds to the option you choose. Do not include any additional text, punctuation or explanation.

My answer is
",1
fake_4485,6,6,3,1,80,2,3,"Today is November 5, 2024. Ideologically, I am conservative. Politically, I am an independent who leans Democratic. I attend church. I am 80 years old. I am a woman. I am not very interested in politics.. Question: Do you think the federal government should be doing more about the opioid drug addiction issue, should be doing less, or is it currently doing the right amount?

Answer choices:
1. Should be doing more 2. Should be doing less 3. Is doing the right amount

When answering, respond ONLY with a single number that corresponds to the option you choose. Do not include any additional text, punctuation or explanation.

My answer is
",1
fake_4486,1,4,6,2,80,2,1,"Today is November 5, 2024. Racially, I am white. Ideologically, I am moderate. Politically, I am a weak Republican. I do not attend church. I am 80 years old. I am a woman. I am very interested in politics.. Question: Do you think the federal government should be doing more about the opioid drug addiction issue, should be doing less, or is it currently doing the right amount?

Answer choices:
1. Should be doing more 2. Should be doing less 3. Is doing the right amount

When answering, respond ONLY with a single number that corresponds to the option you choose. Do not include any additional text, punctuation or explanation.

My answer is
",1
fake_4487,2,2,6,2,63,2,3,"Today is November 5, 2024. Racially, I am black. Ideologically, I am liberal. Politically, I am a weak Republican. I do not attend church. I am 63 years old. I am a woman. I am not very interested in politics.. Question: Do you think the federal government should be doing more about the opioid drug addiction issue, should be doing less, or is it currently doing the right amount?

Answer choices:
1. Should be doing more 2. Should be doing less 3. Is doing the right amount

When answering, respond ONLY with a single number that corresponds to the option you choose. Do not include any additional text, punctuation or explanation.

My answer is
",1
fake_4488,1,6,7,2,22,1,3,"Today is November 5, 2024. Racially, I am white. Ideologically, I am conservative. Politically, I am a strong Republican. I do not attend church. I am 22 years old. I am a man. I am not very interested in politics.. Question: Do you think the federal government should be doing more about the opioid drug addiction issue, should be doing less, or is it currently doing the right amount?

Answer choices:
1. Should be doing more 2. Should be doing less 3. Is doing the right amount

When answering, respond ONLY with a single number that corresponds to the option you choose. Do not include any additional text, punctuation or explanation.

My answer is
",1
fake_4489,1,-9,7,1,45,2,3,"Today is November 5, 2024. Racially, I am white. Politically, I am a strong Republican. I attend church. I am 45 years old. I am a woman. I am not very interested in politics.. Question: Do you think the federal government should be doing more about the opioid drug addiction issue, should be doing less, or is it currently doing the right amount?

Answer choices:
1. Should be doing more 2. Should be doing less 3. Is doing the right amount

When answering, respond ONLY with a single number that corresponds to the option you choose. Do not include any additional text, punctuation or explanation.

My answer is
",1
fake_4490,1,6,7,2,37,2,2,"Today is November 5, 2024. Racially, I am white. Ideologically, I am conservative. Politically, I am a strong Republican. I do not attend church. I am 37 years old. I am a woman. I am somewhat interested in politics.. Question: Do you think the federal government should be doing more about the opioid drug addiction issue, should be doing less, or is it currently doing the right amount?

Answer choices:
1. Should be doing more 2. Should be doing less 3. Is doing the right amount

When answering, respond ONLY with a single number that corresponds to the option you choose. Do not include any additional text, punctuation or explanation.

My answer is
",1
fake_4491,1,2,1,1,45,2,3,"Today is November 5, 2024. Racially, I am white. Ideologically, I am liberal. Politically, I am a strong democrat. I attend church. I am 45 years old. I am a woman. I am not very interested in politics.. Question: Do you think the federal government should be doing more about the opioid drug addiction issue, should be doing less, or is it currently doing the right amount?

Answer choices:
1. Should be doing more 2. Should be doing less 3. Is doing the right amount

When answering, respond ONLY with a single number that corresponds to the option you choose. Do not include any additional text, punctuation or explanation.

My answer is
",1
fake_4492,1,99,7,2,80,1,3,"Today is November 5, 2024. Racially, I am white. Politically, I am a strong Republican. I do not attend church. I am 80 years old. I am a man. I am not very interested in politics.. Question: Do you think the federal government should be doing more about the opioid drug addiction issue, should be doing less, or is it currently doing the right amount?

Answer choices:
1. Should be doing more 2. Should be doing less 3. Is doing the right amount

When answering, respond ONLY with a single number that corresponds to the option you choose. Do not include any additional text, punctuation or explanation.

My answer is
",1
fake_4493,1,6,3,2,45,1,1,"Today is November 5, 2024. Racially, I am white. Ideologically, I am conservative. Politically, I am an independent who leans Democratic. I do not attend church. I am 45 years old. I am a man. I am very interested in politics.. Question: Do you think the federal government should be doing more about the opioid drug addiction issue, should be doing less, or is it currently doing the right amount?

Answer choices:
1. Should be doing more 2. Should be doing less 3. Is doing the right amount

When answering, respond ONLY with a single number that corresponds to the option you choose. Do not include any additional text, punctuation or explanation.

My answer is
",1
fake_4494,1,2,5,2,27,1,1,"Today is November 5, 2024. Racially, I am white. Ideologically, I am liberal. Politically, I am an independent who leans Republican. I do not attend church. I am 27 years old. I am a man. I am very interested in politics.. Question: Do you think the federal government should be doing more about the opioid drug addiction issue, should be doing less, or is it currently doing the right amount?

Answer choices:
1. Should be doing more 2. Should be doing less 3. Is doing the right amount

When answering, respond ONLY with a single number that corresponds to the option you choose. Do not include any additional text, punctuation or explanation.

My answer is
",1
fake_4495,1,3,3,2,25,1,2,"Today is November 5, 2024. Racially, I am white. Ideologically, I am slightly liberal. Politically, I am an independent who leans Democratic. I do not attend church. I am 25 years old. I am a man. I am somewhat interested in politics.. Question: Do you think the federal government should be doing more about the opioid drug addiction issue, should be doing less, or is it currently doing the right amount?

Answer choices:
1. Should be doing more 2. Should be doing less 3. Is doing the right amount

When answering, respond ONLY with a single number that corresponds to the option you choose. Do not include any additional text, punctuation or explanation.

My answer is
",1
fake_4496,1,3,7,1,78,1,1,"Today is November 5, 2024. Racially, I am white. Ideologically, I am slightly liberal. Politically, I am a strong Republican. I attend church. I am 78 years old. I am a man. I am very interested in politics.. Question: Do you think the federal government should be doing more about the opioid drug addiction issue, should be doing less, or is it currently doing the right amount?

Answer choices:
1. Should be doing more 2. Should be doing less 3. Is doing the right amount

When answering, respond ONLY with a single number that corresponds to the option you choose. Do not include any additional text, punctuation or explanation.

My answer is
",1
fake_4497,1,2,2,1,65,1,1,"Today is November 5, 2024. Racially, I am white. Ideologically, I am liberal. Politically, I am a weak Democrat. I attend church. I am 65 years old. I am a man. I am very interested in politics.. Question: Do you think the federal government should be doing more about the opioid drug addiction issue, should be doing less, or is it currently doing the right amount?

Answer choices:
1. Should be doing more 2. Should be doing less 3. Is doing the right amount

When answering, respond ONLY with a single number that corresponds to the option you choose. Do not include any additional text, punctuation or explanation.

My answer is
",1
fake_4498,1,6,7,-9,64,1,-7,"Today is November 5, 2024. Racially, I am white. Ideologically, I am conservative. Politically, I am a strong Republican. I am 64 years old. I am a man.. Question: Do you think the federal government should be doing more about the opioid drug addiction issue, should be doing less, or is it currently doing the right amount?

Answer choices:
1. Should be doing more 2. Should be doing less 3. Is doing the right amount

When answering, respond ONLY with a single number that corresponds to the option you choose. Do not include any additional text, punctuation or explanation.

My answer is
",1
fake_4499,1,7,4,1,-2,2,2,"Today is November 5, 2024. Racially, I am white. Ideologically, I am extremely conservative. Politically, I am an independent. I attend church. I am a woman. I am somewhat interested in politics.. Question: Do you think the federal government should be doing more about the opioid drug addiction issue, should be doing less, or is it currently doing the right amount?

Answer choices:
1. Should be doing more 2. Should be doing less 3. Is doing the right amount

When answering, respond ONLY with a single number that corresponds to the option you choose. Do not include any additional text, punctuation or explanation.

My answer is
",1
fake_4500,1,4,3,2,48,2,2,"Today is November 5, 2024. Racially, I am white. Ideologically, I am moderate. Politically, I am an independent who leans Democratic. I do not attend church. I am 48 years old. I am a woman. I am somewhat interested in politics.. Question: Do you think the federal government should be doing more about the opioid drug addiction issue, should be doing less, or is it currently doing the right amount?

Answer choices:
1. Should be doing more 2. Should be doing less 3. Is doing the right amount

When answering, respond ONLY with a single number that corresponds to the option you choose. Do not include any additional text, punctuation or explanation.

My answer is
",1
fake_4501,2,2,5,2,40,1,2,"Today is November 5, 2024. Racially, I am black. Ideologically, I am liberal. Politically, I am an independent who leans Republican. I do not attend church. I am 40 years old. I am a man. I am somewhat interested in politics.. Question: Do you think the federal government should be doing more about the opioid drug addiction issue, should be doing less, or is it currently doing the right amount?

Answer choices:
1. Should be doing more 2. Should be doing less 3. Is doing the right amount

When answering, respond ONLY with a single number that corresponds to the option you choose. Do not include any additional text, punctuation or explanation.

My answer is
",1
fake_4502,3,2,7,2,24,2,2,"Today is November 5, 2024. Racially, I am hispanic. Ideologically, I am liberal. Politically, I am a strong Republican. I do not attend church. I am 24 years old. I am a woman. I am somewhat interested in politics.. Question: Do you think the federal government should be doing more about the opioid drug addiction issue, should be doing less, or is it currently doing the right amount?

Answer choices:
1. Should be doing more 2. Should be doing less 3. Is doing the right amount

When answering, respond ONLY with a single number that corresponds to the option you choose. Do not include any additional text, punctuation or explanation.

My answer is
",1
fake_4503,3,5,1,2,80,1,3,"Today is November 5, 2024. Racially, I am hispanic. Ideologically, I am slightly conservative. Politically, I am a strong democrat. I do not attend church. I am 80 years old. I am a man. I am not very interested in politics.. Question: Do you think the federal government should be doing more about the opioid drug addiction issue, should be doing less, or is it currently doing the right amount?

Answer choices:
1. Should be doing more 2. Should be doing less 3. Is doing the right amount

When answering, respond ONLY with a single number that corresponds to the option you choose. Do not include any additional text, punctuation or explanation.

My answer is
",1
fake_4504,1,7,7,2,80,2,2,"Today is November 5, 2024. Racially, I am white. Ideologically, I am extremely conservative. Politically, I am a strong Republican. I do not attend church. I am 80 years old. I am a woman. I am somewhat interested in politics.. Question: Do you think the federal government should be doing more about the opioid drug addiction issue, should be doing less, or is it currently doing the right amount?

Answer choices:
1. Should be doing more 2. Should be doing less 3. Is doing the right amount

When answering, respond ONLY with a single number that corresponds to the option you choose. Do not include any additional text, punctuation or explanation.

My answer is
",2
fake_4505,3,6,1,2,76,2,3,"Today is November 5, 2024. Racially, I am hispanic. Ideologically, I am conservative. Politically, I am a strong democrat. I do not attend church. I am 76 years old. I am a woman. I am not very interested in politics.. Question: Do you think the federal government should be doing more about the opioid drug addiction issue, should be doing less, or is it currently doing the right amount?

Answer choices:
1. Should be doing more 2. Should be doing less 3. Is doing the right amount

When answering, respond ONLY with a single number that corresponds to the option you choose. Do not include any additional text, punctuation or explanation.

My answer is
",1
fake_4506,2,99,7,2,68,2,2,"Today is November 5, 2024. Racially, I am black. Politically, I am a strong Republican. I do not attend church. I am 68 years old. I am a woman. I am somewhat interested in politics.. Question: Do you think the federal government should be doing more about the opioid drug addiction issue, should be doing less, or is it currently doing the right amount?

Answer choices:
1. Should be doing more 2. Should be doing less 3. Is doing the right amount

When answering, respond ONLY with a single number that corresponds to the option you choose. Do not include any additional text, punctuation or explanation.

My answer is
",1
fake_4507,2,4,1,2,69,2,4,"Today is November 5, 2024. Racially, I am black. Ideologically, I am moderate. Politically, I am a strong democrat. I do not attend church. I am 69 years old. I am a woman. I am not at all interested in politics.. Question: Do you think the federal government should be doing more about the opioid drug addiction issue, should be doing less, or is it currently doing the right amount?

Answer choices:
1. Should be doing more 2. Should be doing less 3. Is doing the right amount

When answering, respond ONLY with a single number that corresponds to the option you choose. Do not include any additional text, punctuation or explanation.

My answer is
",1
fake_4508,4,5,5,2,49,1,2,"Today is November 5, 2024. Racially, I am asian. Ideologically, I am slightly conservative. Politically, I am an independent who leans Republican. I do not attend church. I am 49 years old. I am a man. I am somewhat interested in politics.. Question: Do you think the federal government should be doing more about the opioid drug addiction issue, should be doing less, or is it currently doing the right amount?

Answer choices:
1. Should be doing more 2. Should be doing less 3. Is doing the right amount

When answering, respond ONLY with a single number that corresponds to the option you choose. Do not include any additional text, punctuation or explanation.

My answer is
",1
fake_4509,1,6,4,2,25,1,1,"Today is November 5, 2024. Racially, I am white. Ideologically, I am conservative. Politically, I am an independent. I do not attend church. I am 25 years old. I am a man. I am very interested in politics.. Question: Do you think the federal government should be doing more about the opioid drug addiction issue, should be doing less, or is it currently doing the right amount?

Answer choices:
1. Should be doing more 2. Should be doing less 3. Is doing the right amount

When answering, respond ONLY with a single number that corresponds to the option you choose. Do not include any additional text, punctuation or explanation.

My answer is
",1
fake_4510,1,99,1,1,78,1,2,"Today is November 5, 2024. Racially, I am white. Politically, I am a strong democrat. I attend church. I am 78 years old. I am a man. I am somewhat interested in politics.. Question: Do you think the federal government should be doing more about the opioid drug addiction issue, should be doing less, or is it currently doing the right amount?

Answer choices:
1. Should be doing more 2. Should be doing less 3. Is doing the right amount

When answering, respond ONLY with a single number that corresponds to the option you choose. Do not include any additional text, punctuation or explanation.

My answer is
",1
fake_4511,1,3,2,1,32,2,2,"Today is November 5, 2024. Racially, I am white. Ideologically, I am slightly liberal. Politically, I am a weak Democrat. I attend church. I am 32 years old. I am a woman. I am somewhat interested in politics.. Question: Do you think the federal government should be doing more about the opioid drug addiction issue, should be doing less, or is it currently doing the right amount?

Answer choices:
1. Should be doing more 2. Should be doing less 3. Is doing the right amount

When answering, respond ONLY with a single number that corresponds to the option you choose. Do not include any additional text, punctuation or explanation.

My answer is
",1
fake_4512,1,5,1,2,21,1,3,"Today is November 5, 2024. Racially, I am white. Ideologically, I am slightly conservative. Politically, I am a strong democrat. I do not attend church. I am 21 years old. I am a man. I am not very interested in politics.. Question: Do you think the federal government should be doing more about the opioid drug addiction issue, should be doing less, or is it currently doing the right amount?

Answer choices:
1. Should be doing more 2. Should be doing less 3. Is doing the right amount

When answering, respond ONLY with a single number that corresponds to the option you choose. Do not include any additional text, punctuation or explanation.

My answer is
",1
fake_4513,1,99,3,1,72,1,3,"Today is November 5, 2024. Racially, I am white. Politically, I am an independent who leans Democratic. I attend church. I am 72 years old. I am a man. I am not very interested in politics.. Question: Do you think the federal government should be doing more about the opioid drug addiction issue, should be doing less, or is it currently doing the right amount?

Answer choices:
1. Should be doing more 2. Should be doing less 3. Is doing the right amount

When answering, respond ONLY with a single number that corresponds to the option you choose. Do not include any additional text, punctuation or explanation.

My answer is
",1
fake_4514,1,6,6,2,39,1,2,"Today is November 5, 2024. Racially, I am white. Ideologically, I am conservative. Politically, I am a weak Republican. I do not attend church. I am 39 years old. I am a man. I am somewhat interested in politics.. Question: Do you think the federal government should be doing more about the opioid drug addiction issue, should be doing less, or is it currently doing the right amount?

Answer choices:
1. Should be doing more 2. Should be doing less 3. Is doing the right amount

When answering, respond ONLY with a single number that corresponds to the option you choose. Do not include any additional text, punctuation or explanation.

My answer is
",1
fake_4515,1,6,5,1,21,1,2,"Today is November 5, 2024. Racially, I am white. Ideologically, I am conservative. Politically, I am an independent who leans Republican. I attend church. I am 21 years old. I am a man. I am somewhat interested in politics.. Question: Do you think the federal government should be doing more about the opioid drug addiction issue, should be doing less, or is it currently doing the right amount?

Answer choices:
1. Should be doing more 2. Should be doing less 3. Is doing the right amount

When answering, respond ONLY with a single number that corresponds to the option you choose. Do not include any additional text, punctuation or explanation.

My answer is
",1
fake_4516,2,6,2,1,43,1,2,"Today is November 5, 2024. Racially, I am black. Ideologically, I am conservative. Politically, I am a weak Democrat. I attend church. I am 43 years old. I am a man. I am somewhat interested in politics.. Question: Do you think the federal government should be doing more about the opioid drug addiction issue, should be doing less, or is it currently doing the right amount?

Answer choices:
1. Should be doing more 2. Should be doing less 3. Is doing the right amount

When answering, respond ONLY with a single number that corresponds to the option you choose. Do not include any additional text, punctuation or explanation.

My answer is
",1
fake_4517,6,4,6,2,56,1,4,"Today is November 5, 2024. Ideologically, I am moderate. Politically, I am a weak Republican. I do not attend church. I am 56 years old. I am a man. I am not at all interested in politics.. Question: Do you think the federal government should be doing more about the opioid drug addiction issue, should be doing less, or is it currently doing the right amount?

Answer choices:
1. Should be doing more 2. Should be doing less 3. Is doing the right amount

When answering, respond ONLY with a single number that corresponds to the option you choose. Do not include any additional text, punctuation or explanation.

My answer is
",1
fake_4518,1,99,1,1,65,2,2,"Today is November 5, 2024. Racially, I am white. Politically, I am a strong democrat. I attend church. I am 65 years old. I am a woman. I am somewhat interested in politics.. Question: Do you think the federal government should be doing more about the opioid drug addiction issue, should be doing less, or is it currently doing the right amount?

Answer choices:
1. Should be doing more 2. Should be doing less 3. Is doing the right amount

When answering, respond ONLY with a single number that corresponds to the option you choose. Do not include any additional text, punctuation or explanation.

My answer is
",1
fake_4519,1,2,3,1,70,1,2,"Today is November 5, 2024. Racially, I am white. Ideologically, I am liberal. Politically, I am an independent who leans Democratic. I attend church. I am 70 years old. I am a man. I am somewhat interested in politics.. Question: Do you think the federal government should be doing more about the opioid drug addiction issue, should be doing less, or is it currently doing the right amount?

Answer choices:
1. Should be doing more 2. Should be doing less 3. Is doing the right amount

When answering, respond ONLY with a single number that corresponds to the option you choose. Do not include any additional text, punctuation or explanation.

My answer is
",1
fake_4520,3,4,1,1,50,2,4,"Today is November 5, 2024. Racially, I am hispanic. Ideologically, I am moderate. Politically, I am a strong democrat. I attend church. I am 50 years old. I am a woman. I am not at all interested in politics.. Question: Do you think the federal government should be doing more about the opioid drug addiction issue, should be doing less, or is it currently doing the right amount?

Answer choices:
1. Should be doing more 2. Should be doing less 3. Is doing the right amount

When answering, respond ONLY with a single number that corresponds to the option you choose. Do not include any additional text, punctuation or explanation.

My answer is
",1
fake_4521,1,2,1,1,77,2,1,"Today is November 5, 2024. Racially, I am white. Ideologically, I am liberal. Politically, I am a strong democrat. I attend church. I am 77 years old. I am a woman. I am very interested in politics.. Question: Do you think the federal government should be doing more about the opioid drug addiction issue, should be doing less, or is it currently doing the right amount?

Answer choices:
1. Should be doing more 2. Should be doing less 3. Is doing the right amount

When answering, respond ONLY with a single number that corresponds to the option you choose. Do not include any additional text, punctuation or explanation.

My answer is
",1
fake_4522,1,2,2,1,32,1,2,"Today is November 5, 2024. Racially, I am white. Ideologically, I am liberal. Politically, I am a weak Democrat. I attend church. I am 32 years old. I am a man. I am somewhat interested in politics.. Question: Do you think the federal government should be doing more about the opioid drug addiction issue, should be doing less, or is it currently doing the right amount?

Answer choices:
1. Should be doing more 2. Should be doing less 3. Is doing the right amount

When answering, respond ONLY with a single number that corresponds to the option you choose. Do not include any additional text, punctuation or explanation.

My answer is
",1
fake_4523,1,4,3,1,63,2,2,"Today is November 5, 2024. Racially, I am white. Ideologically, I am moderate. Politically, I am an independent who leans Democratic. I attend church. I am 63 years old. I am a woman. I am somewhat interested in politics.. Question: Do you think the federal government should be doing more about the opioid drug addiction issue, should be doing less, or is it currently doing the right amount?

Answer choices:
1. Should be doing more 2. Should be doing less 3. Is doing the right amount

When answering, respond ONLY with a single number that corresponds to the option you choose. Do not include any additional text, punctuation or explanation.

My answer is
",1
fake_4524,1,2,3,1,62,1,2,"Today is November 5, 2024. Racially, I am white. Ideologically, I am liberal. Politically, I am an independent who leans Democratic. I attend church. I am 62 years old. I am a man. I am somewhat interested in politics.. Question: Do you think the federal government should be doing more about the opioid drug addiction issue, should be doing less, or is it currently doing the right amount?

Answer choices:
1. Should be doing more 2. Should be doing less 3. Is doing the right amount

When answering, respond ONLY with a single number that corresponds to the option you choose. Do not include any additional text, punctuation or explanation.

My answer is
",1
fake_4525,2,99,1,2,37,1,2,"Today is November 5, 2024. Racially, I am black. Politically, I am a strong democrat. I do not attend church. I am 37 years old. I am a man. I am somewhat interested in politics.. Question: Do you think the federal government should be doing more about the opioid drug addiction issue, should be doing less, or is it currently doing the right amount?

Answer choices:
1. Should be doing more 2. Should be doing less 3. Is doing the right amount

When answering, respond ONLY with a single number that corresponds to the option you choose. Do not include any additional text, punctuation or explanation.

My answer is
",1
fake_4526,1,99,2,1,37,1,3,"Today is November 5, 2024. Racially, I am white. Politically, I am a weak Democrat. I attend church. I am 37 years old. I am a man. I am not very interested in politics.. Question: Do you think the federal government should be doing more about the opioid drug addiction issue, should be doing less, or is it currently doing the right amount?

Answer choices:
1. Should be doing more 2. Should be doing less 3. Is doing the right amount

When answering, respond ONLY with a single number that corresponds to the option you choose. Do not include any additional text, punctuation or explanation.

My answer is
",1
fake_4527,1,3,3,2,76,1,2,"Today is November 5, 2024. Racially, I am white. Ideologically, I am slightly liberal. Politically, I am an independent who leans Democratic. I do not attend church. I am 76 years old. I am a man. I am somewhat interested in politics.. Question: Do you think the federal government should be doing more about the opioid drug addiction issue, should be doing less, or is it currently doing the right amount?

Answer choices:
1. Should be doing more 2. Should be doing less 3. Is doing the right amount

When answering, respond ONLY with a single number that corresponds to the option you choose. Do not include any additional text, punctuation or explanation.

My answer is
",1
fake_4528,1,-9,6,2,64,1,-6,"Today is November 5, 2024. Racially, I am white. Politically, I am a weak Republican. I do not attend church. I am 64 years old. I am a man.. Question: Do you think the federal government should be doing more about the opioid drug addiction issue, should be doing less, or is it currently doing the right amount?

Answer choices:
1. Should be doing more 2. Should be doing less 3. Is doing the right amount

When answering, respond ONLY with a single number that corresponds to the option you choose. Do not include any additional text, punctuation or explanation.

My answer is
",1
fake_4529,1,5,5,1,76,1,2,"Today is November 5, 2024. Racially, I am white. Ideologically, I am slightly conservative. Politically, I am an independent who leans Republican. I attend church. I am 76 years old. I am a man. I am somewhat interested in politics.. Question: Do you think the federal government should be doing more about the opioid drug addiction issue, should be doing less, or is it currently doing the right amount?

Answer choices:
1. Should be doing more 2. Should be doing less 3. Is doing the right amount

When answering, respond ONLY with a single number that corresponds to the option you choose. Do not include any additional text, punctuation or explanation.

My answer is
",1
fake_4530,1,3,7,2,79,1,1,"Today is November 5, 2024. Racially, I am white. Ideologically, I am slightly liberal. Politically, I am a strong Republican. I do not attend church. I am 79 years old. I am a man. I am very interested in politics.. Question: Do you think the federal government should be doing more about the opioid drug addiction issue, should be doing less, or is it currently doing the right amount?

Answer choices:
1. Should be doing more 2. Should be doing less 3. Is doing the right amount

When answering, respond ONLY with a single number that corresponds to the option you choose. Do not include any additional text, punctuation or explanation.

My answer is
",1
fake_4531,1,5,3,1,41,2,4,"Today is November 5, 2024. Racially, I am white. Ideologically, I am slightly conservative. Politically, I am an independent who leans Democratic. I attend church. I am 41 years old. I am a woman. I am not at all interested in politics.. Question: Do you think the federal government should be doing more about the opioid drug addiction issue, should be doing less, or is it currently doing the right amount?

Answer choices:
1. Should be doing more 2. Should be doing less 3. Is doing the right amount

When answering, respond ONLY with a single number that corresponds to the option you choose. Do not include any additional text, punctuation or explanation.

My answer is
",1
fake_4532,1,4,7,2,60,2,-6,"Today is November 5, 2024. Racially, I am white. Ideologically, I am moderate. Politically, I am a strong Republican. I do not attend church. I am 60 years old. I am a woman.. Question: Do you think the federal government should be doing more about the opioid drug addiction issue, should be doing less, or is it currently doing the right amount?

Answer choices:
1. Should be doing more 2. Should be doing less 3. Is doing the right amount

When answering, respond ONLY with a single number that corresponds to the option you choose. Do not include any additional text, punctuation or explanation.

My answer is
",1
fake_4533,1,6,5,1,32,1,-6,"Today is November 5, 2024. Racially, I am white. Ideologically, I am conservative. Politically, I am an independent who leans Republican. I attend church. I am 32 years old. I am a man.. Question: Do you think the federal government should be doing more about the opioid drug addiction issue, should be doing less, or is it currently doing the right amount?

Answer choices:
1. Should be doing more 2. Should be doing less 3. Is doing the right amount

When answering, respond ONLY with a single number that corresponds to the option you choose. Do not include any additional text, punctuation or explanation.

My answer is
",1
fake_4534,1,3,7,1,33,2,3,"Today is November 5, 2024. Racially, I am white. Ideologically, I am slightly liberal. Politically, I am a strong Republican. I attend church. I am 33 years old. I am a woman. I am not very interested in politics.. Question: Do you think the federal government should be doing more about the opioid drug addiction issue, should be doing less, or is it currently doing the right amount?

Answer choices:
1. Should be doing more 2. Should be doing less 3. Is doing the right amount

When answering, respond ONLY with a single number that corresponds to the option you choose. Do not include any additional text, punctuation or explanation.

My answer is
",1
fake_4535,1,4,1,1,-2,2,2,"Today is November 5, 2024. Racially, I am white. Ideologically, I am moderate. Politically, I am a strong democrat. I attend church. I am a woman. I am somewhat interested in politics.. Question: Do you think the federal government should be doing more about the opioid drug addiction issue, should be doing less, or is it currently doing the right amount?

Answer choices:
1. Should be doing more 2. Should be doing less 3. Is doing the right amount

When answering, respond ONLY with a single number that corresponds to the option you choose. Do not include any additional text, punctuation or explanation.

My answer is
",1
fake_4536,2,6,2,1,48,1,1,"Today is November 5, 2024. Racially, I am black. Ideologically, I am conservative. Politically, I am a weak Democrat. I attend church. I am 48 years old. I am a man. I am very interested in politics.. Question: Do you think the federal government should be doing more about the opioid drug addiction issue, should be doing less, or is it currently doing the right amount?

Answer choices:
1. Should be doing more 2. Should be doing less 3. Is doing the right amount

When answering, respond ONLY with a single number that corresponds to the option you choose. Do not include any additional text, punctuation or explanation.

My answer is
",1
fake_4537,1,6,3,2,61,2,2,"Today is November 5, 2024. Racially, I am white. Ideologically, I am conservative. Politically, I am an independent who leans Democratic. I do not attend church. I am 61 years old. I am a woman. I am somewhat interested in politics.. Question: Do you think the federal government should be doing more about the opioid drug addiction issue, should be doing less, or is it currently doing the right amount?

Answer choices:
1. Should be doing more 2. Should be doing less 3. Is doing the right amount

When answering, respond ONLY with a single number that corresponds to the option you choose. Do not include any additional text, punctuation or explanation.

My answer is
",1
fake_4538,1,6,5,2,65,2,1,"Today is November 5, 2024. Racially, I am white. Ideologically, I am conservative. Politically, I am an independent who leans Republican. I do not attend church. I am 65 years old. I am a woman. I am very interested in politics.. Question: Do you think the federal government should be doing more about the opioid drug addiction issue, should be doing less, or is it currently doing the right amount?

Answer choices:
1. Should be doing more 2. Should be doing less 3. Is doing the right amount

When answering, respond ONLY with a single number that corresponds to the option you choose. Do not include any additional text, punctuation or explanation.

My answer is
",1
fake_4539,1,6,3,2,70,2,1,"Today is November 5, 2024. Racially, I am white. Ideologically, I am conservative. Politically, I am an independent who leans Democratic. I do not attend church. I am 70 years old. I am a woman. I am very interested in politics.. Question: Do you think the federal government should be doing more about the opioid drug addiction issue, should be doing less, or is it currently doing the right amount?

Answer choices:
1. Should be doing more 2. Should be doing less 3. Is doing the right amount

When answering, respond ONLY with a single number that corresponds to the option you choose. Do not include any additional text, punctuation or explanation.

My answer is
",1
fake_4540,1,6,1,1,78,2,3,"Today is November 5, 2024. Racially, I am white. Ideologically, I am conservative. Politically, I am a strong democrat. I attend church. I am 78 years old. I am a woman. I am not very interested in politics.. Question: Do you think the federal government should be doing more about the opioid drug addiction issue, should be doing less, or is it currently doing the right amount?

Answer choices:
1. Should be doing more 2. Should be doing less 3. Is doing the right amount

When answering, respond ONLY with a single number that corresponds to the option you choose. Do not include any additional text, punctuation or explanation.

My answer is
",1
fake_4541,3,4,2,1,39,2,-9,"Today is November 5, 2024. Racially, I am hispanic. Ideologically, I am moderate. Politically, I am a weak Democrat. I attend church. I am 39 years old. I am a woman.. Question: Do you think the federal government should be doing more about the opioid drug addiction issue, should be doing less, or is it currently doing the right amount?

Answer choices:
1. Should be doing more 2. Should be doing less 3. Is doing the right amount

When answering, respond ONLY with a single number that corresponds to the option you choose. Do not include any additional text, punctuation or explanation.

My answer is
",1
fake_4542,1,5,2,1,-2,2,3,"Today is November 5, 2024. Racially, I am white. Ideologically, I am slightly conservative. Politically, I am a weak Democrat. I attend church. I am a woman. I am not very interested in politics.. Question: Do you think the federal government should be doing more about the opioid drug addiction issue, should be doing less, or is it currently doing the right amount?

Answer choices:
1. Should be doing more 2. Should be doing less 3. Is doing the right amount

When answering, respond ONLY with a single number that corresponds to the option you choose. Do not include any additional text, punctuation or explanation.

My answer is
",1
fake_4543,3,99,1,1,79,2,1,"Today is November 5, 2024. Racially, I am hispanic. Politically, I am a strong democrat. I attend church. I am 79 years old. I am a woman. I am very interested in politics.. Question: Do you think the federal government should be doing more about the opioid drug addiction issue, should be doing less, or is it currently doing the right amount?

Answer choices:
1. Should be doing more 2. Should be doing less 3. Is doing the right amount

When answering, respond ONLY with a single number that corresponds to the option you choose. Do not include any additional text, punctuation or explanation.

My answer is
",1
fake_4544,4,6,1,1,-2,1,-6,"Today is November 5, 2024. Racially, I am asian. Ideologically, I am conservative. Politically, I am a strong democrat. I attend church. I am a man.. Question: Do you think the federal government should be doing more about the opioid drug addiction issue, should be doing less, or is it currently doing the right amount?

Answer choices:
1. Should be doing more 2. Should be doing less 3. Is doing the right amount

When answering, respond ONLY with a single number that corresponds to the option you choose. Do not include any additional text, punctuation or explanation.

My answer is
",1
fake_4545,2,3,5,1,61,2,2,"Today is November 5, 2024. Racially, I am black. Ideologically, I am slightly liberal. Politically, I am an independent who leans Republican. I attend church. I am 61 years old. I am a woman. I am somewhat interested in politics.. Question: Do you think the federal government should be doing more about the opioid drug addiction issue, should be doing less, or is it currently doing the right amount?

Answer choices:
1. Should be doing more 2. Should be doing less 3. Is doing the right amount

When answering, respond ONLY with a single number that corresponds to the option you choose. Do not include any additional text, punctuation or explanation.

My answer is
",1
fake_4546,1,4,5,2,-2,2,2,"Today is November 5, 2024. Racially, I am white. Ideologically, I am moderate. Politically, I am an independent who leans Republican. I do not attend church. I am a woman. I am somewhat interested in politics.. Question: Do you think the federal government should be doing more about the opioid drug addiction issue, should be doing less, or is it currently doing the right amount?

Answer choices:
1. Should be doing more 2. Should be doing less 3. Is doing the right amount

When answering, respond ONLY with a single number that corresponds to the option you choose. Do not include any additional text, punctuation or explanation.

My answer is
",1
fake_4547,3,3,4,1,69,2,-7,"Today is November 5, 2024. Racially, I am hispanic. Ideologically, I am slightly liberal. Politically, I am an independent. I attend church. I am 69 years old. I am a woman.. Question: Do you think the federal government should be doing more about the opioid drug addiction issue, should be doing less, or is it currently doing the right amount?

Answer choices:
1. Should be doing more 2. Should be doing less 3. Is doing the right amount

When answering, respond ONLY with a single number that corresponds to the option you choose. Do not include any additional text, punctuation or explanation.

My answer is
",1
fake_4548,1,7,7,2,24,1,3,"Today is November 5, 2024. Racially, I am white. Ideologically, I am extremely conservative. Politically, I am a strong Republican. I do not attend church. I am 24 years old. I am a man. I am not very interested in politics.. Question: Do you think the federal government should be doing more about the opioid drug addiction issue, should be doing less, or is it currently doing the right amount?

Answer choices:
1. Should be doing more 2. Should be doing less 3. Is doing the right amount

When answering, respond ONLY with a single number that corresponds to the option you choose. Do not include any additional text, punctuation or explanation.

My answer is
",1
fake_4549,1,99,2,1,75,2,2,"Today is November 5, 2024. Racially, I am white. Politically, I am a weak Democrat. I attend church. I am 75 years old. I am a woman. I am somewhat interested in politics.. Question: Do you think the federal government should be doing more about the opioid drug addiction issue, should be doing less, or is it currently doing the right amount?

Answer choices:
1. Should be doing more 2. Should be doing less 3. Is doing the right amount

When answering, respond ONLY with a single number that corresponds to the option you choose. Do not include any additional text, punctuation or explanation.

My answer is
",1
fake_4550,1,99,5,1,68,2,1,"Today is November 5, 2024. Racially, I am white. Politically, I am an independent who leans Republican. I attend church. I am 68 years old. I am a woman. I am very interested in politics.. Question: Do you think the federal government should be doing more about the opioid drug addiction issue, should be doing less, or is it currently doing the right amount?

Answer choices:
1. Should be doing more 2. Should be doing less 3. Is doing the right amount

When answering, respond ONLY with a single number that corresponds to the option you choose. Do not include any additional text, punctuation or explanation.

My answer is
",1
fake_4551,1,5,3,2,62,1,3,"Today is November 5, 2024. Racially, I am white. Ideologically, I am slightly conservative. Politically, I am an independent who leans Democratic. I do not attend church. I am 62 years old. I am a man. I am not very interested in politics.. Question: Do you think the federal government should be doing more about the opioid drug addiction issue, should be doing less, or is it currently doing the right amount?

Answer choices:
1. Should be doing more 2. Should be doing less 3. Is doing the right amount

When answering, respond ONLY with a single number that corresponds to the option you choose. Do not include any additional text, punctuation or explanation.

My answer is
",1
fake_4552,1,4,3,2,34,1,2,"Today is November 5, 2024. Racially, I am white. Ideologically, I am moderate. Politically, I am an independent who leans Democratic. I do not attend church. I am 34 years old. I am a man. I am somewhat interested in politics.. Question: Do you think the federal government should be doing more about the opioid drug addiction issue, should be doing less, or is it currently doing the right amount?

Answer choices:
1. Should be doing more 2. Should be doing less 3. Is doing the right amount

When answering, respond ONLY with a single number that corresponds to the option you choose. Do not include any additional text, punctuation or explanation.

My answer is
",1
fake_4553,1,6,5,2,64,1,2,"Today is November 5, 2024. Racially, I am white. Ideologically, I am conservative. Politically, I am an independent who leans Republican. I do not attend church. I am 64 years old. I am a man. I am somewhat interested in politics.. Question: Do you think the federal government should be doing more about the opioid drug addiction issue, should be doing less, or is it currently doing the right amount?

Answer choices:
1. Should be doing more 2. Should be doing less 3. Is doing the right amount

When answering, respond ONLY with a single number that corresponds to the option you choose. Do not include any additional text, punctuation or explanation.

My answer is
",1
fake_4554,1,99,7,-1,50,2,3,"Today is November 5, 2024. Racially, I am white. Politically, I am a strong Republican. I am 50 years old. I am a woman. I am not very interested in politics.. Question: Do you think the federal government should be doing more about the opioid drug addiction issue, should be doing less, or is it currently doing the right amount?

Answer choices:
1. Should be doing more 2. Should be doing less 3. Is doing the right amount

When answering, respond ONLY with a single number that corresponds to the option you choose. Do not include any additional text, punctuation or explanation.

My answer is
",1
fake_4555,4,6,7,1,41,1,2,"Today is November 5, 2024. Racially, I am asian. Ideologically, I am conservative. Politically, I am a strong Republican. I attend church. I am 41 years old. I am a man. I am somewhat interested in politics.. Question: Do you think the federal government should be doing more about the opioid drug addiction issue, should be doing less, or is it currently doing the right amount?

Answer choices:
1. Should be doing more 2. Should be doing less 3. Is doing the right amount

When answering, respond ONLY with a single number that corresponds to the option you choose. Do not include any additional text, punctuation or explanation.

My answer is
",1
fake_4556,1,3,6,2,45,2,-6,"Today is November 5, 2024. Racially, I am white. Ideologically, I am slightly liberal. Politically, I am a weak Republican. I do not attend church. I am 45 years old. I am a woman.. Question: Do you think the federal government should be doing more about the opioid drug addiction issue, should be doing less, or is it currently doing the right amount?

Answer choices:
1. Should be doing more 2. Should be doing less 3. Is doing the right amount

When answering, respond ONLY with a single number that corresponds to the option you choose. Do not include any additional text, punctuation or explanation.

My answer is
",1
fake_4557,1,99,3,1,65,2,3,"Today is November 5, 2024. Racially, I am white. Politically, I am an independent who leans Democratic. I attend church. I am 65 years old. I am a woman. I am not very interested in politics.. Question: Do you think the federal government should be doing more about the opioid drug addiction issue, should be doing less, or is it currently doing the right amount?

Answer choices:
1. Should be doing more 2. Should be doing less 3. Is doing the right amount

When answering, respond ONLY with a single number that corresponds to the option you choose. Do not include any additional text, punctuation or explanation.

My answer is
",1
fake_4558,3,4,3,-1,54,2,2,"Today is November 5, 2024. Racially, I am hispanic. Ideologically, I am moderate. Politically, I am an independent who leans Democratic. I am 54 years old. I am a woman. I am somewhat interested in politics.. Question: Do you think the federal government should be doing more about the opioid drug addiction issue, should be doing less, or is it currently doing the right amount?

Answer choices:
1. Should be doing more 2. Should be doing less 3. Is doing the right amount

When answering, respond ONLY with a single number that corresponds to the option you choose. Do not include any additional text, punctuation or explanation.

My answer is
",1
fake_4559,1,4,2,2,-2,1,2,"Today is November 5, 2024. Racially, I am white. Ideologically, I am moderate. Politically, I am a weak Democrat. I do not attend church. I am a man. I am somewhat interested in politics.. Question: Do you think the federal government should be doing more about the opioid drug addiction issue, should be doing less, or is it currently doing the right amount?

Answer choices:
1. Should be doing more 2. Should be doing less 3. Is doing the right amount

When answering, respond ONLY with a single number that corresponds to the option you choose. Do not include any additional text, punctuation or explanation.

My answer is
",1
fake_4560,2,6,2,1,46,2,1,"Today is November 5, 2024. Racially, I am black. Ideologically, I am conservative. Politically, I am a weak Democrat. I attend church. I am 46 years old. I am a woman. I am very interested in politics.. Question: Do you think the federal government should be doing more about the opioid drug addiction issue, should be doing less, or is it currently doing the right amount?

Answer choices:
1. Should be doing more 2. Should be doing less 3. Is doing the right amount

When answering, respond ONLY with a single number that corresponds to the option you choose. Do not include any additional text, punctuation or explanation.

My answer is
",1
fake_4561,1,2,3,1,56,1,1,"Today is November 5, 2024. Racially, I am white. Ideologically, I am liberal. Politically, I am an independent who leans Democratic. I attend church. I am 56 years old. I am a man. I am very interested in politics.. Question: Do you think the federal government should be doing more about the opioid drug addiction issue, should be doing less, or is it currently doing the right amount?

Answer choices:
1. Should be doing more 2. Should be doing less 3. Is doing the right amount

When answering, respond ONLY with a single number that corresponds to the option you choose. Do not include any additional text, punctuation or explanation.

My answer is
",1
fake_4562,1,3,2,2,47,1,2,"Today is November 5, 2024. Racially, I am white. Ideologically, I am slightly liberal. Politically, I am a weak Democrat. I do not attend church. I am 47 years old. I am a man. I am somewhat interested in politics.. Question: Do you think the federal government should be doing more about the opioid drug addiction issue, should be doing less, or is it currently doing the right amount?

Answer choices:
1. Should be doing more 2. Should be doing less 3. Is doing the right amount

When answering, respond ONLY with a single number that corresponds to the option you choose. Do not include any additional text, punctuation or explanation.

My answer is
",1
fake_4563,1,5,1,1,70,1,2,"Today is November 5, 2024. Racially, I am white. Ideologically, I am slightly conservative. Politically, I am a strong democrat. I attend church. I am 70 years old. I am a man. I am somewhat interested in politics.. Question: Do you think the federal government should be doing more about the opioid drug addiction issue, should be doing less, or is it currently doing the right amount?

Answer choices:
1. Should be doing more 2. Should be doing less 3. Is doing the right amount

When answering, respond ONLY with a single number that corresponds to the option you choose. Do not include any additional text, punctuation or explanation.

My answer is
",1
fake_4564,1,4,3,2,27,2,2,"Today is November 5, 2024. Racially, I am white. Ideologically, I am moderate. Politically, I am an independent who leans Democratic. I do not attend church. I am 27 years old. I am a woman. I am somewhat interested in politics.. Question: Do you think the federal government should be doing more about the opioid drug addiction issue, should be doing less, or is it currently doing the right amount?

Answer choices:
1. Should be doing more 2. Should be doing less 3. Is doing the right amount

When answering, respond ONLY with a single number that corresponds to the option you choose. Do not include any additional text, punctuation or explanation.

My answer is
",1
fake_4565,3,5,1,1,73,2,1,"Today is November 5, 2024. Racially, I am hispanic. Ideologically, I am slightly conservative. Politically, I am a strong democrat. I attend church. I am 73 years old. I am a woman. I am very interested in politics.. Question: Do you think the federal government should be doing more about the opioid drug addiction issue, should be doing less, or is it currently doing the right amount?

Answer choices:
1. Should be doing more 2. Should be doing less 3. Is doing the right amount

When answering, respond ONLY with a single number that corresponds to the option you choose. Do not include any additional text, punctuation or explanation.

My answer is
",1
fake_4566,1,4,1,1,80,2,-5,"Today is November 5, 2024. Racially, I am white. Ideologically, I am moderate. Politically, I am a strong democrat. I attend church. I am 80 years old. I am a woman.. Question: Do you think the federal government should be doing more about the opioid drug addiction issue, should be doing less, or is it currently doing the right amount?

Answer choices:
1. Should be doing more 2. Should be doing less 3. Is doing the right amount

When answering, respond ONLY with a single number that corresponds to the option you choose. Do not include any additional text, punctuation or explanation.

My answer is
",1
fake_4567,1,6,7,2,65,2,1,"Today is November 5, 2024. Racially, I am white. Ideologically, I am conservative. Politically, I am a strong Republican. I do not attend church. I am 65 years old. I am a woman. I am very interested in politics.. Question: Do you think the federal government should be doing more about the opioid drug addiction issue, should be doing less, or is it currently doing the right amount?

Answer choices:
1. Should be doing more 2. Should be doing less 3. Is doing the right amount

When answering, respond ONLY with a single number that corresponds to the option you choose. Do not include any additional text, punctuation or explanation.

My answer is
",1
fake_4568,1,99,1,2,28,2,3,"Today is November 5, 2024. Racially, I am white. Politically, I am a strong democrat. I do not attend church. I am 28 years old. I am a woman. I am not very interested in politics.. Question: Do you think the federal government should be doing more about the opioid drug addiction issue, should be doing less, or is it currently doing the right amount?

Answer choices:
1. Should be doing more 2. Should be doing less 3. Is doing the right amount

When answering, respond ONLY with a single number that corresponds to the option you choose. Do not include any additional text, punctuation or explanation.

My answer is
",1
fake_4569,1,4,5,1,35,2,1,"Today is November 5, 2024. Racially, I am white. Ideologically, I am moderate. Politically, I am an independent who leans Republican. I attend church. I am 35 years old. I am a woman. I am very interested in politics.. Question: Do you think the federal government should be doing more about the opioid drug addiction issue, should be doing less, or is it currently doing the right amount?

Answer choices:
1. Should be doing more 2. Should be doing less 3. Is doing the right amount

When answering, respond ONLY with a single number that corresponds to the option you choose. Do not include any additional text, punctuation or explanation.

My answer is
",1
fake_4570,2,2,7,2,27,2,2,"Today is November 5, 2024. Racially, I am black. Ideologically, I am liberal. Politically, I am a strong Republican. I do not attend church. I am 27 years old. I am a woman. I am somewhat interested in politics.. Question: Do you think the federal government should be doing more about the opioid drug addiction issue, should be doing less, or is it currently doing the right amount?

Answer choices:
1. Should be doing more 2. Should be doing less 3. Is doing the right amount

When answering, respond ONLY with a single number that corresponds to the option you choose. Do not include any additional text, punctuation or explanation.

My answer is
",1
fake_4571,1,6,1,1,35,2,1,"Today is November 5, 2024. Racially, I am white. Ideologically, I am conservative. Politically, I am a strong democrat. I attend church. I am 35 years old. I am a woman. I am very interested in politics.. Question: Do you think the federal government should be doing more about the opioid drug addiction issue, should be doing less, or is it currently doing the right amount?

Answer choices:
1. Should be doing more 2. Should be doing less 3. Is doing the right amount

When answering, respond ONLY with a single number that corresponds to the option you choose. Do not include any additional text, punctuation or explanation.

My answer is
",1
fake_4572,1,5,7,1,40,2,-6,"Today is November 5, 2024. Racially, I am white. Ideologically, I am slightly conservative. Politically, I am a strong Republican. I attend church. I am 40 years old. I am a woman.. Question: Do you think the federal government should be doing more about the opioid drug addiction issue, should be doing less, or is it currently doing the right amount?

Answer choices:
1. Should be doing more 2. Should be doing less 3. Is doing the right amount

When answering, respond ONLY with a single number that corresponds to the option you choose. Do not include any additional text, punctuation or explanation.

My answer is
",1
fake_4573,1,1,3,1,62,2,2,"Today is November 5, 2024. Racially, I am white. Ideologically, I am extremely liberal. Politically, I am an independent who leans Democratic. I attend church. I am 62 years old. I am a woman. I am somewhat interested in politics.. Question: Do you think the federal government should be doing more about the opioid drug addiction issue, should be doing less, or is it currently doing the right amount?

Answer choices:
1. Should be doing more 2. Should be doing less 3. Is doing the right amount

When answering, respond ONLY with a single number that corresponds to the option you choose. Do not include any additional text, punctuation or explanation.

My answer is
",1
fake_4574,1,6,7,2,62,1,3,"Today is November 5, 2024. Racially, I am white. Ideologically, I am conservative. Politically, I am a strong Republican. I do not attend church. I am 62 years old. I am a man. I am not very interested in politics.. Question: Do you think the federal government should be doing more about the opioid drug addiction issue, should be doing less, or is it currently doing the right amount?

Answer choices:
1. Should be doing more 2. Should be doing less 3. Is doing the right amount

When answering, respond ONLY with a single number that corresponds to the option you choose. Do not include any additional text, punctuation or explanation.

My answer is
",1
fake_4575,1,4,4,2,58,2,3,"Today is November 5, 2024. Racially, I am white. Ideologically, I am moderate. Politically, I am an independent. I do not attend church. I am 58 years old. I am a woman. I am not very interested in politics.. Question: Do you think the federal government should be doing more about the opioid drug addiction issue, should be doing less, or is it currently doing the right amount?

Answer choices:
1. Should be doing more 2. Should be doing less 3. Is doing the right amount

When answering, respond ONLY with a single number that corresponds to the option you choose. Do not include any additional text, punctuation or explanation.

My answer is
",1
fake_4576,1,2,2,2,33,1,2,"Today is November 5, 2024. Racially, I am white. Ideologically, I am liberal. Politically, I am a weak Democrat. I do not attend church. I am 33 years old. I am a man. I am somewhat interested in politics.. Question: Do you think the federal government should be doing more about the opioid drug addiction issue, should be doing less, or is it currently doing the right amount?

Answer choices:
1. Should be doing more 2. Should be doing less 3. Is doing the right amount

When answering, respond ONLY with a single number that corresponds to the option you choose. Do not include any additional text, punctuation or explanation.

My answer is
",1
fake_4577,3,6,2,1,59,1,3,"Today is November 5, 2024. Racially, I am hispanic. Ideologically, I am conservative. Politically, I am a weak Democrat. I attend church. I am 59 years old. I am a man. I am not very interested in politics.. Question: Do you think the federal government should be doing more about the opioid drug addiction issue, should be doing less, or is it currently doing the right amount?

Answer choices:
1. Should be doing more 2. Should be doing less 3. Is doing the right amount

When answering, respond ONLY with a single number that corresponds to the option you choose. Do not include any additional text, punctuation or explanation.

My answer is
",1
fake_4578,1,5,1,2,72,2,2,"Today is November 5, 2024. Racially, I am white. Ideologically, I am slightly conservative. Politically, I am a strong democrat. I do not attend church. I am 72 years old. I am a woman. I am somewhat interested in politics.. Question: Do you think the federal government should be doing more about the opioid drug addiction issue, should be doing less, or is it currently doing the right amount?

Answer choices:
1. Should be doing more 2. Should be doing less 3. Is doing the right amount

When answering, respond ONLY with a single number that corresponds to the option you choose. Do not include any additional text, punctuation or explanation.

My answer is
",1
fake_4579,1,6,1,1,41,2,3,"Today is November 5, 2024. Racially, I am white. Ideologically, I am conservative. Politically, I am a strong democrat. I attend church. I am 41 years old. I am a woman. I am not very interested in politics.. Question: Do you think the federal government should be doing more about the opioid drug addiction issue, should be doing less, or is it currently doing the right amount?

Answer choices:
1. Should be doing more 2. Should be doing less 3. Is doing the right amount

When answering, respond ONLY with a single number that corresponds to the option you choose. Do not include any additional text, punctuation or explanation.

My answer is
",1
fake_4580,1,2,4,1,23,1,2,"Today is November 5, 2024. Racially, I am white. Ideologically, I am liberal. Politically, I am an independent. I attend church. I am 23 years old. I am a man. I am somewhat interested in politics.. Question: Do you think the federal government should be doing more about the opioid drug addiction issue, should be doing less, or is it currently doing the right amount?

Answer choices:
1. Should be doing more 2. Should be doing less 3. Is doing the right amount

When answering, respond ONLY with a single number that corresponds to the option you choose. Do not include any additional text, punctuation or explanation.

My answer is
",1
fake_4581,5,5,3,1,37,2,2,"Today is November 5, 2024. Racially, I am native American. Ideologically, I am slightly conservative. Politically, I am an independent who leans Democratic. I attend church. I am 37 years old. I am a woman. I am somewhat interested in politics.. Question: Do you think the federal government should be doing more about the opioid drug addiction issue, should be doing less, or is it currently doing the right amount?

Answer choices:
1. Should be doing more 2. Should be doing less 3. Is doing the right amount

When answering, respond ONLY with a single number that corresponds to the option you choose. Do not include any additional text, punctuation or explanation.

My answer is
",1
fake_4582,1,99,6,1,76,2,2,"Today is November 5, 2024. Racially, I am white. Politically, I am a weak Republican. I attend church. I am 76 years old. I am a woman. I am somewhat interested in politics.. Question: Do you think the federal government should be doing more about the opioid drug addiction issue, should be doing less, or is it currently doing the right amount?

Answer choices:
1. Should be doing more 2. Should be doing less 3. Is doing the right amount

When answering, respond ONLY with a single number that corresponds to the option you choose. Do not include any additional text, punctuation or explanation.

My answer is
",1
fake_4583,4,6,6,1,45,2,3,"Today is November 5, 2024. Racially, I am asian. Ideologically, I am conservative. Politically, I am a weak Republican. I attend church. I am 45 years old. I am a woman. I am not very interested in politics.. Question: Do you think the federal government should be doing more about the opioid drug addiction issue, should be doing less, or is it currently doing the right amount?

Answer choices:
1. Should be doing more 2. Should be doing less 3. Is doing the right amount

When answering, respond ONLY with a single number that corresponds to the option you choose. Do not include any additional text, punctuation or explanation.

My answer is
",1
fake_4584,-9,99,3,1,54,2,1,"Today is November 5, 2024. Politically, I am an independent who leans Democratic. I attend church. I am 54 years old. I am a woman. I am very interested in politics.. Question: Do you think the federal government should be doing more about the opioid drug addiction issue, should be doing less, or is it currently doing the right amount?

Answer choices:
1. Should be doing more 2. Should be doing less 3. Is doing the right amount

When answering, respond ONLY with a single number that corresponds to the option you choose. Do not include any additional text, punctuation or explanation.

My answer is
",1
fake_4585,2,99,2,1,35,1,1,"Today is November 5, 2024. Racially, I am black. Politically, I am a weak Democrat. I attend church. I am 35 years old. I am a man. I am very interested in politics.. Question: Do you think the federal government should be doing more about the opioid drug addiction issue, should be doing less, or is it currently doing the right amount?

Answer choices:
1. Should be doing more 2. Should be doing less 3. Is doing the right amount

When answering, respond ONLY with a single number that corresponds to the option you choose. Do not include any additional text, punctuation or explanation.

My answer is
",1
fake_4586,1,6,1,2,67,2,2,"Today is November 5, 2024. Racially, I am white. Ideologically, I am conservative. Politically, I am a strong democrat. I do not attend church. I am 67 years old. I am a woman. I am somewhat interested in politics.. Question: Do you think the federal government should be doing more about the opioid drug addiction issue, should be doing less, or is it currently doing the right amount?

Answer choices:
1. Should be doing more 2. Should be doing less 3. Is doing the right amount

When answering, respond ONLY with a single number that corresponds to the option you choose. Do not include any additional text, punctuation or explanation.

My answer is
",1
fake_4587,1,7,5,1,58,2,1,"Today is November 5, 2024. Racially, I am white. Ideologically, I am extremely conservative. Politically, I am an independent who leans Republican. I attend church. I am 58 years old. I am a woman. I am very interested in politics.. Question: Do you think the federal government should be doing more about the opioid drug addiction issue, should be doing less, or is it currently doing the right amount?

Answer choices:
1. Should be doing more 2. Should be doing less 3. Is doing the right amount

When answering, respond ONLY with a single number that corresponds to the option you choose. Do not include any additional text, punctuation or explanation.

My answer is
",1
fake_4588,2,3,2,1,49,1,2,"Today is November 5, 2024. Racially, I am black. Ideologically, I am slightly liberal. Politically, I am a weak Democrat. I attend church. I am 49 years old. I am a man. I am somewhat interested in politics.. Question: Do you think the federal government should be doing more about the opioid drug addiction issue, should be doing less, or is it currently doing the right amount?

Answer choices:
1. Should be doing more 2. Should be doing less 3. Is doing the right amount

When answering, respond ONLY with a single number that corresponds to the option you choose. Do not include any additional text, punctuation or explanation.

My answer is
",1
fake_4589,1,4,3,2,48,1,-6,"Today is November 5, 2024. Racially, I am white. Ideologically, I am moderate. Politically, I am an independent who leans Democratic. I do not attend church. I am 48 years old. I am a man.. Question: Do you think the federal government should be doing more about the opioid drug addiction issue, should be doing less, or is it currently doing the right amount?

Answer choices:
1. Should be doing more 2. Should be doing less 3. Is doing the right amount

When answering, respond ONLY with a single number that corresponds to the option you choose. Do not include any additional text, punctuation or explanation.

My answer is
",1
fake_4590,1,99,1,-1,42,2,3,"Today is November 5, 2024. Racially, I am white. Politically, I am a strong democrat. I am 42 years old. I am a woman. I am not very interested in politics.. Question: Do you think the federal government should be doing more about the opioid drug addiction issue, should be doing less, or is it currently doing the right amount?

Answer choices:
1. Should be doing more 2. Should be doing less 3. Is doing the right amount

When answering, respond ONLY with a single number that corresponds to the option you choose. Do not include any additional text, punctuation or explanation.

My answer is
",1
fake_4591,1,4,7,-1,40,2,4,"Today is November 5, 2024. Racially, I am white. Ideologically, I am moderate. Politically, I am a strong Republican. I am 40 years old. I am a woman. I am not at all interested in politics.. Question: Do you think the federal government should be doing more about the opioid drug addiction issue, should be doing less, or is it currently doing the right amount?

Answer choices:
1. Should be doing more 2. Should be doing less 3. Is doing the right amount

When answering, respond ONLY with a single number that corresponds to the option you choose. Do not include any additional text, punctuation or explanation.

My answer is
",1
fake_4592,1,4,1,1,68,1,2,"Today is November 5, 2024. Racially, I am white. Ideologically, I am moderate. Politically, I am a strong democrat. I attend church. I am 68 years old. I am a man. I am somewhat interested in politics.. Question: Do you think the federal government should be doing more about the opioid drug addiction issue, should be doing less, or is it currently doing the right amount?

Answer choices:
1. Should be doing more 2. Should be doing less 3. Is doing the right amount

When answering, respond ONLY with a single number that corresponds to the option you choose. Do not include any additional text, punctuation or explanation.

My answer is
",1
fake_4593,1,6,6,1,39,2,4,"Today is November 5, 2024. Racially, I am white. Ideologically, I am conservative. Politically, I am a weak Republican. I attend church. I am 39 years old. I am a woman. I am not at all interested in politics.. Question: Do you think the federal government should be doing more about the opioid drug addiction issue, should be doing less, or is it currently doing the right amount?

Answer choices:
1. Should be doing more 2. Should be doing less 3. Is doing the right amount

When answering, respond ONLY with a single number that corresponds to the option you choose. Do not include any additional text, punctuation or explanation.

My answer is
",1
fake_4594,1,2,3,1,51,2,1,"Today is November 5, 2024. Racially, I am white. Ideologically, I am liberal. Politically, I am an independent who leans Democratic. I attend church. I am 51 years old. I am a woman. I am very interested in politics.. Question: Do you think the federal government should be doing more about the opioid drug addiction issue, should be doing less, or is it currently doing the right amount?

Answer choices:
1. Should be doing more 2. Should be doing less 3. Is doing the right amount

When answering, respond ONLY with a single number that corresponds to the option you choose. Do not include any additional text, punctuation or explanation.

My answer is
",1
fake_4595,2,5,1,2,38,2,3,"Today is November 5, 2024. Racially, I am black. Ideologically, I am slightly conservative. Politically, I am a strong democrat. I do not attend church. I am 38 years old. I am a woman. I am not very interested in politics.. Question: Do you think the federal government should be doing more about the opioid drug addiction issue, should be doing less, or is it currently doing the right amount?

Answer choices:
1. Should be doing more 2. Should be doing less 3. Is doing the right amount

When answering, respond ONLY with a single number that corresponds to the option you choose. Do not include any additional text, punctuation or explanation.

My answer is
",1
fake_4596,6,7,4,2,30,1,3,"Today is November 5, 2024. Ideologically, I am extremely conservative. Politically, I am an independent. I do not attend church. I am 30 years old. I am a man. I am not very interested in politics.. Question: Do you think the federal government should be doing more about the opioid drug addiction issue, should be doing less, or is it currently doing the right amount?

Answer choices:
1. Should be doing more 2. Should be doing less 3. Is doing the right amount

When answering, respond ONLY with a single number that corresponds to the option you choose. Do not include any additional text, punctuation or explanation.

My answer is
",1
fake_4597,1,99,2,2,70,2,3,"Today is November 5, 2024. Racially, I am white. Politically, I am a weak Democrat. I do not attend church. I am 70 years old. I am a woman. I am not very interested in politics.. Question: Do you think the federal government should be doing more about the opioid drug addiction issue, should be doing less, or is it currently doing the right amount?

Answer choices:
1. Should be doing more 2. Should be doing less 3. Is doing the right amount

When answering, respond ONLY with a single number that corresponds to the option you choose. Do not include any additional text, punctuation or explanation.

My answer is
",1
fake_4598,3,4,6,1,39,2,1,"Today is November 5, 2024. Racially, I am hispanic. Ideologically, I am moderate. Politically, I am a weak Republican. I attend church. I am 39 years old. I am a woman. I am very interested in politics.. Question: Do you think the federal government should be doing more about the opioid drug addiction issue, should be doing less, or is it currently doing the right amount?

Answer choices:
1. Should be doing more 2. Should be doing less 3. Is doing the right amount

When answering, respond ONLY with a single number that corresponds to the option you choose. Do not include any additional text, punctuation or explanation.

My answer is
",1
fake_4599,1,4,5,1,60,2,2,"Today is November 5, 2024. Racially, I am white. Ideologically, I am moderate. Politically, I am an independent who leans Republican. I attend church. I am 60 years old. I am a woman. I am somewhat interested in politics.. Question: Do you think the federal government should be doing more about the opioid drug addiction issue, should be doing less, or is it currently doing the right amount?

Answer choices:
1. Should be doing more 2. Should be doing less 3. Is doing the right amount

When answering, respond ONLY with a single number that corresponds to the option you choose. Do not include any additional text, punctuation or explanation.

My answer is
",1
fake_4600,3,99,5,1,79,1,2,"Today is November 5, 2024. Racially, I am hispanic. Politically, I am an independent who leans Republican. I attend church. I am 79 years old. I am a man. I am somewhat interested in politics.. Question: Do you think the federal government should be doing more about the opioid drug addiction issue, should be doing less, or is it currently doing the right amount?

Answer choices:
1. Should be doing more 2. Should be doing less 3. Is doing the right amount

When answering, respond ONLY with a single number that corresponds to the option you choose. Do not include any additional text, punctuation or explanation.

My answer is
",1
fake_4601,1,6,1,1,-2,1,2,"Today is November 5, 2024. Racially, I am white. Ideologically, I am conservative. Politically, I am a strong democrat. I attend church. I am a man. I am somewhat interested in politics.. Question: Do you think the federal government should be doing more about the opioid drug addiction issue, should be doing less, or is it currently doing the right amount?

Answer choices:
1. Should be doing more 2. Should be doing less 3. Is doing the right amount

When answering, respond ONLY with a single number that corresponds to the option you choose. Do not include any additional text, punctuation or explanation.

My answer is
",1
fake_4602,1,2,7,1,36,2,-6,"Today is November 5, 2024. Racially, I am white. Ideologically, I am liberal. Politically, I am a strong Republican. I attend church. I am 36 years old. I am a woman.. Question: Do you think the federal government should be doing more about the opioid drug addiction issue, should be doing less, or is it currently doing the right amount?

Answer choices:
1. Should be doing more 2. Should be doing less 3. Is doing the right amount

When answering, respond ONLY with a single number that corresponds to the option you choose. Do not include any additional text, punctuation or explanation.

My answer is
",1
fake_4603,1,2,7,1,80,2,4,"Today is November 5, 2024. Racially, I am white. Ideologically, I am liberal. Politically, I am a strong Republican. I attend church. I am 80 years old. I am a woman. I am not at all interested in politics.. Question: Do you think the federal government should be doing more about the opioid drug addiction issue, should be doing less, or is it currently doing the right amount?

Answer choices:
1. Should be doing more 2. Should be doing less 3. Is doing the right amount

When answering, respond ONLY with a single number that corresponds to the option you choose. Do not include any additional text, punctuation or explanation.

My answer is
",1
fake_4604,1,6,1,1,59,1,2,"Today is November 5, 2024. Racially, I am white. Ideologically, I am conservative. Politically, I am a strong democrat. I attend church. I am 59 years old. I am a man. I am somewhat interested in politics.. Question: Do you think the federal government should be doing more about the opioid drug addiction issue, should be doing less, or is it currently doing the right amount?

Answer choices:
1. Should be doing more 2. Should be doing less 3. Is doing the right amount

When answering, respond ONLY with a single number that corresponds to the option you choose. Do not include any additional text, punctuation or explanation.

My answer is
",1
fake_4605,1,5,7,1,71,1,-6,"Today is November 5, 2024. Racially, I am white. Ideologically, I am slightly conservative. Politically, I am a strong Republican. I attend church. I am 71 years old. I am a man.. Question: Do you think the federal government should be doing more about the opioid drug addiction issue, should be doing less, or is it currently doing the right amount?

Answer choices:
1. Should be doing more 2. Should be doing less 3. Is doing the right amount

When answering, respond ONLY with a single number that corresponds to the option you choose. Do not include any additional text, punctuation or explanation.

My answer is
",1
fake_4606,1,7,6,2,29,2,2,"Today is November 5, 2024. Racially, I am white. Ideologically, I am extremely conservative. Politically, I am a weak Republican. I do not attend church. I am 29 years old. I am a woman. I am somewhat interested in politics.. Question: Do you think the federal government should be doing more about the opioid drug addiction issue, should be doing less, or is it currently doing the right amount?

Answer choices:
1. Should be doing more 2. Should be doing less 3. Is doing the right amount

When answering, respond ONLY with a single number that corresponds to the option you choose. Do not include any additional text, punctuation or explanation.

My answer is
",1
fake_4607,5,6,7,2,47,2,2,"Today is November 5, 2024. Racially, I am native American. Ideologically, I am conservative. Politically, I am a strong Republican. I do not attend church. I am 47 years old. I am a woman. I am somewhat interested in politics.. Question: Do you think the federal government should be doing more about the opioid drug addiction issue, should be doing less, or is it currently doing the right amount?

Answer choices:
1. Should be doing more 2. Should be doing less 3. Is doing the right amount

When answering, respond ONLY with a single number that corresponds to the option you choose. Do not include any additional text, punctuation or explanation.

My answer is
",1
fake_4608,3,4,1,2,30,1,1,"Today is November 5, 2024. Racially, I am hispanic. Ideologically, I am moderate. Politically, I am a strong democrat. I do not attend church. I am 30 years old. I am a man. I am very interested in politics.. Question: Do you think the federal government should be doing more about the opioid drug addiction issue, should be doing less, or is it currently doing the right amount?

Answer choices:
1. Should be doing more 2. Should be doing less 3. Is doing the right amount

When answering, respond ONLY with a single number that corresponds to the option you choose. Do not include any additional text, punctuation or explanation.

My answer is
",1
fake_4609,2,7,2,2,28,2,2,"Today is November 5, 2024. Racially, I am black. Ideologically, I am extremely conservative. Politically, I am a weak Democrat. I do not attend church. I am 28 years old. I am a woman. I am somewhat interested in politics.. Question: Do you think the federal government should be doing more about the opioid drug addiction issue, should be doing less, or is it currently doing the right amount?

Answer choices:
1. Should be doing more 2. Should be doing less 3. Is doing the right amount

When answering, respond ONLY with a single number that corresponds to the option you choose. Do not include any additional text, punctuation or explanation.

My answer is
",1
fake_4610,3,6,5,2,79,2,4,"Today is November 5, 2024. Racially, I am hispanic. Ideologically, I am conservative. Politically, I am an independent who leans Republican. I do not attend church. I am 79 years old. I am a woman. I am not at all interested in politics.. Question: Do you think the federal government should be doing more about the opioid drug addiction issue, should be doing less, or is it currently doing the right amount?

Answer choices:
1. Should be doing more 2. Should be doing less 3. Is doing the right amount

When answering, respond ONLY with a single number that corresponds to the option you choose. Do not include any additional text, punctuation or explanation.

My answer is
",1
fake_4611,6,5,7,1,61,1,4,"Today is November 5, 2024. Ideologically, I am slightly conservative. Politically, I am a strong Republican. I attend church. I am 61 years old. I am a man. I am not at all interested in politics.. Question: Do you think the federal government should be doing more about the opioid drug addiction issue, should be doing less, or is it currently doing the right amount?

Answer choices:
1. Should be doing more 2. Should be doing less 3. Is doing the right amount

When answering, respond ONLY with a single number that corresponds to the option you choose. Do not include any additional text, punctuation or explanation.

My answer is
",1
fake_4612,6,6,6,1,69,2,3,"Today is November 5, 2024. Ideologically, I am conservative. Politically, I am a weak Republican. I attend church. I am 69 years old. I am a woman. I am not very interested in politics.. Question: Do you think the federal government should be doing more about the opioid drug addiction issue, should be doing less, or is it currently doing the right amount?

Answer choices:
1. Should be doing more 2. Should be doing less 3. Is doing the right amount

When answering, respond ONLY with a single number that corresponds to the option you choose. Do not include any additional text, punctuation or explanation.

My answer is
",1
fake_4613,1,4,7,1,61,1,2,"Today is November 5, 2024. Racially, I am white. Ideologically, I am moderate. Politically, I am a strong Republican. I attend church. I am 61 years old. I am a man. I am somewhat interested in politics.. Question: Do you think the federal government should be doing more about the opioid drug addiction issue, should be doing less, or is it currently doing the right amount?

Answer choices:
1. Should be doing more 2. Should be doing less 3. Is doing the right amount

When answering, respond ONLY with a single number that corresponds to the option you choose. Do not include any additional text, punctuation or explanation.

My answer is
",1
fake_4614,1,6,7,1,35,1,2,"Today is November 5, 2024. Racially, I am white. Ideologically, I am conservative. Politically, I am a strong Republican. I attend church. I am 35 years old. I am a man. I am somewhat interested in politics.. Question: Do you think the federal government should be doing more about the opioid drug addiction issue, should be doing less, or is it currently doing the right amount?

Answer choices:
1. Should be doing more 2. Should be doing less 3. Is doing the right amount

When answering, respond ONLY with a single number that corresponds to the option you choose. Do not include any additional text, punctuation or explanation.

My answer is
",1
fake_4615,2,5,7,-1,-2,2,-6,"Today is November 5, 2024. Racially, I am black. Ideologically, I am slightly conservative. Politically, I am a strong Republican. I am a woman.. Question: Do you think the federal government should be doing more about the opioid drug addiction issue, should be doing less, or is it currently doing the right amount?

Answer choices:
1. Should be doing more 2. Should be doing less 3. Is doing the right amount

When answering, respond ONLY with a single number that corresponds to the option you choose. Do not include any additional text, punctuation or explanation.

My answer is
",1
fake_4616,6,4,6,2,19,1,3,"Today is November 5, 2024. Ideologically, I am moderate. Politically, I am a weak Republican. I do not attend church. I am 19 years old. I am a man. I am not very interested in politics.. Question: Do you think the federal government should be doing more about the opioid drug addiction issue, should be doing less, or is it currently doing the right amount?

Answer choices:
1. Should be doing more 2. Should be doing less 3. Is doing the right amount

When answering, respond ONLY with a single number that corresponds to the option you choose. Do not include any additional text, punctuation or explanation.

My answer is
",1
fake_4617,1,5,1,2,71,1,-6,"Today is November 5, 2024. Racially, I am white. Ideologically, I am slightly conservative. Politically, I am a strong democrat. I do not attend church. I am 71 years old. I am a man.. Question: Do you think the federal government should be doing more about the opioid drug addiction issue, should be doing less, or is it currently doing the right amount?

Answer choices:
1. Should be doing more 2. Should be doing less 3. Is doing the right amount

When answering, respond ONLY with a single number that corresponds to the option you choose. Do not include any additional text, punctuation or explanation.

My answer is
",1
fake_4618,-9,3,5,1,69,2,1,"Today is November 5, 2024. Ideologically, I am slightly liberal. Politically, I am an independent who leans Republican. I attend church. I am 69 years old. I am a woman. I am very interested in politics.. Question: Do you think the federal government should be doing more about the opioid drug addiction issue, should be doing less, or is it currently doing the right amount?

Answer choices:
1. Should be doing more 2. Should be doing less 3. Is doing the right amount

When answering, respond ONLY with a single number that corresponds to the option you choose. Do not include any additional text, punctuation or explanation.

My answer is
",1
fake_4619,1,99,4,2,43,2,2,"Today is November 5, 2024. Racially, I am white. Politically, I am an independent. I do not attend church. I am 43 years old. I am a woman. I am somewhat interested in politics.. Question: Do you think the federal government should be doing more about the opioid drug addiction issue, should be doing less, or is it currently doing the right amount?

Answer choices:
1. Should be doing more 2. Should be doing less 3. Is doing the right amount

When answering, respond ONLY with a single number that corresponds to the option you choose. Do not include any additional text, punctuation or explanation.

My answer is
",1
fake_4620,6,5,2,2,-2,2,3,"Today is November 5, 2024. Ideologically, I am slightly conservative. Politically, I am a weak Democrat. I do not attend church. I am a woman. I am not very interested in politics.. Question: Do you think the federal government should be doing more about the opioid drug addiction issue, should be doing less, or is it currently doing the right amount?

Answer choices:
1. Should be doing more 2. Should be doing less 3. Is doing the right amount

When answering, respond ONLY with a single number that corresponds to the option you choose. Do not include any additional text, punctuation or explanation.

My answer is
",1
fake_4621,1,99,1,1,79,1,1,"Today is November 5, 2024. Racially, I am white. Politically, I am a strong democrat. I attend church. I am 79 years old. I am a man. I am very interested in politics.. Question: Do you think the federal government should be doing more about the opioid drug addiction issue, should be doing less, or is it currently doing the right amount?

Answer choices:
1. Should be doing more 2. Should be doing less 3. Is doing the right amount

When answering, respond ONLY with a single number that corresponds to the option you choose. Do not include any additional text, punctuation or explanation.

My answer is
",1
fake_4622,1,6,1,1,39,1,2,"Today is November 5, 2024. Racially, I am white. Ideologically, I am conservative. Politically, I am a strong democrat. I attend church. I am 39 years old. I am a man. I am somewhat interested in politics.. Question: Do you think the federal government should be doing more about the opioid drug addiction issue, should be doing less, or is it currently doing the right amount?

Answer choices:
1. Should be doing more 2. Should be doing less 3. Is doing the right amount

When answering, respond ONLY with a single number that corresponds to the option you choose. Do not include any additional text, punctuation or explanation.

My answer is
",1
fake_4623,1,99,5,-1,58,1,4,"Today is November 5, 2024. Racially, I am white. Politically, I am an independent who leans Republican. I am 58 years old. I am a man. I am not at all interested in politics.. Question: Do you think the federal government should be doing more about the opioid drug addiction issue, should be doing less, or is it currently doing the right amount?

Answer choices:
1. Should be doing more 2. Should be doing less 3. Is doing the right amount

When answering, respond ONLY with a single number that corresponds to the option you choose. Do not include any additional text, punctuation or explanation.

My answer is
",1
fake_4624,2,4,2,1,62,1,3,"Today is November 5, 2024. Racially, I am black. Ideologically, I am moderate. Politically, I am a weak Democrat. I attend church. I am 62 years old. I am a man. I am not very interested in politics.. Question: Do you think the federal government should be doing more about the opioid drug addiction issue, should be doing less, or is it currently doing the right amount?

Answer choices:
1. Should be doing more 2. Should be doing less 3. Is doing the right amount

When answering, respond ONLY with a single number that corresponds to the option you choose. Do not include any additional text, punctuation or explanation.

My answer is
",1
fake_4625,2,5,7,1,22,2,3,"Today is November 5, 2024. Racially, I am black. Ideologically, I am slightly conservative. Politically, I am a strong Republican. I attend church. I am 22 years old. I am a woman. I am not very interested in politics.. Question: Do you think the federal government should be doing more about the opioid drug addiction issue, should be doing less, or is it currently doing the right amount?

Answer choices:
1. Should be doing more 2. Should be doing less 3. Is doing the right amount

When answering, respond ONLY with a single number that corresponds to the option you choose. Do not include any additional text, punctuation or explanation.

My answer is
",1
fake_4626,6,99,5,2,48,1,2,"Today is November 5, 2024. Politically, I am an independent who leans Republican. I do not attend church. I am 48 years old. I am a man. I am somewhat interested in politics.. Question: Do you think the federal government should be doing more about the opioid drug addiction issue, should be doing less, or is it currently doing the right amount?

Answer choices:
1. Should be doing more 2. Should be doing less 3. Is doing the right amount

When answering, respond ONLY with a single number that corresponds to the option you choose. Do not include any additional text, punctuation or explanation.

My answer is
",1
fake_4627,1,5,3,1,54,1,4,"Today is November 5, 2024. Racially, I am white. Ideologically, I am slightly conservative. Politically, I am an independent who leans Democratic. I attend church. I am 54 years old. I am a man. I am not at all interested in politics.. Question: Do you think the federal government should be doing more about the opioid drug addiction issue, should be doing less, or is it currently doing the right amount?

Answer choices:
1. Should be doing more 2. Should be doing less 3. Is doing the right amount

When answering, respond ONLY with a single number that corresponds to the option you choose. Do not include any additional text, punctuation or explanation.

My answer is
",1
fake_4628,2,6,1,1,69,1,3,"Today is November 5, 2024. Racially, I am black. Ideologically, I am conservative. Politically, I am a strong democrat. I attend church. I am 69 years old. I am a man. I am not very interested in politics.. Question: Do you think the federal government should be doing more about the opioid drug addiction issue, should be doing less, or is it currently doing the right amount?

Answer choices:
1. Should be doing more 2. Should be doing less 3. Is doing the right amount

When answering, respond ONLY with a single number that corresponds to the option you choose. Do not include any additional text, punctuation or explanation.

My answer is
",1
fake_4629,1,6,1,1,20,2,2,"Today is November 5, 2024. Racially, I am white. Ideologically, I am conservative. Politically, I am a strong democrat. I attend church. I am 20 years old. I am a woman. I am somewhat interested in politics.. Question: Do you think the federal government should be doing more about the opioid drug addiction issue, should be doing less, or is it currently doing the right amount?

Answer choices:
1. Should be doing more 2. Should be doing less 3. Is doing the right amount

When answering, respond ONLY with a single number that corresponds to the option you choose. Do not include any additional text, punctuation or explanation.

My answer is
",1
fake_4630,6,6,7,2,65,2,2,"Today is November 5, 2024. Ideologically, I am conservative. Politically, I am a strong Republican. I do not attend church. I am 65 years old. I am a woman. I am somewhat interested in politics.. Question: Do you think the federal government should be doing more about the opioid drug addiction issue, should be doing less, or is it currently doing the right amount?

Answer choices:
1. Should be doing more 2. Should be doing less 3. Is doing the right amount

When answering, respond ONLY with a single number that corresponds to the option you choose. Do not include any additional text, punctuation or explanation.

My answer is
",1
fake_4631,1,5,4,1,54,2,1,"Today is November 5, 2024. Racially, I am white. Ideologically, I am slightly conservative. Politically, I am an independent. I attend church. I am 54 years old. I am a woman. I am very interested in politics.. Question: Do you think the federal government should be doing more about the opioid drug addiction issue, should be doing less, or is it currently doing the right amount?

Answer choices:
1. Should be doing more 2. Should be doing less 3. Is doing the right amount

When answering, respond ONLY with a single number that corresponds to the option you choose. Do not include any additional text, punctuation or explanation.

My answer is
",1
fake_4632,4,2,5,-9,22,2,1,"Today is November 5, 2024. Racially, I am asian. Ideologically, I am liberal. Politically, I am an independent who leans Republican. I am 22 years old. I am a woman. I am very interested in politics.. Question: Do you think the federal government should be doing more about the opioid drug addiction issue, should be doing less, or is it currently doing the right amount?

Answer choices:
1. Should be doing more 2. Should be doing less 3. Is doing the right amount

When answering, respond ONLY with a single number that corresponds to the option you choose. Do not include any additional text, punctuation or explanation.

My answer is
",1
fake_4633,1,6,6,1,-2,1,3,"Today is November 5, 2024. Racially, I am white. Ideologically, I am conservative. Politically, I am a weak Republican. I attend church. I am a man. I am not very interested in politics.. Question: Do you think the federal government should be doing more about the opioid drug addiction issue, should be doing less, or is it currently doing the right amount?

Answer choices:
1. Should be doing more 2. Should be doing less 3. Is doing the right amount

When answering, respond ONLY with a single number that corresponds to the option you choose. Do not include any additional text, punctuation or explanation.

My answer is
",1
fake_4634,3,99,3,2,-2,1,-6,"Today is November 5, 2024. Racially, I am hispanic. Politically, I am an independent who leans Democratic. I do not attend church. I am a man.. Question: Do you think the federal government should be doing more about the opioid drug addiction issue, should be doing less, or is it currently doing the right amount?

Answer choices:
1. Should be doing more 2. Should be doing less 3. Is doing the right amount

When answering, respond ONLY with a single number that corresponds to the option you choose. Do not include any additional text, punctuation or explanation.

My answer is
",1
fake_4635,1,7,6,1,46,1,2,"Today is November 5, 2024. Racially, I am white. Ideologically, I am extremely conservative. Politically, I am a weak Republican. I attend church. I am 46 years old. I am a man. I am somewhat interested in politics.. Question: Do you think the federal government should be doing more about the opioid drug addiction issue, should be doing less, or is it currently doing the right amount?

Answer choices:
1. Should be doing more 2. Should be doing less 3. Is doing the right amount

When answering, respond ONLY with a single number that corresponds to the option you choose. Do not include any additional text, punctuation or explanation.

My answer is
",1
fake_4636,1,5,1,2,69,1,2,"Today is November 5, 2024. Racially, I am white. Ideologically, I am slightly conservative. Politically, I am a strong democrat. I do not attend church. I am 69 years old. I am a man. I am somewhat interested in politics.. Question: Do you think the federal government should be doing more about the opioid drug addiction issue, should be doing less, or is it currently doing the right amount?

Answer choices:
1. Should be doing more 2. Should be doing less 3. Is doing the right amount

When answering, respond ONLY with a single number that corresponds to the option you choose. Do not include any additional text, punctuation or explanation.

My answer is
",1
fake_4637,1,99,1,1,26,2,2,"Today is November 5, 2024. Racially, I am white. Politically, I am a strong democrat. I attend church. I am 26 years old. I am a woman. I am somewhat interested in politics.. Question: Do you think the federal government should be doing more about the opioid drug addiction issue, should be doing less, or is it currently doing the right amount?

Answer choices:
1. Should be doing more 2. Should be doing less 3. Is doing the right amount

When answering, respond ONLY with a single number that corresponds to the option you choose. Do not include any additional text, punctuation or explanation.

My answer is
",1
fake_4638,3,2,4,1,68,2,-6,"Today is November 5, 2024. Racially, I am hispanic. Ideologically, I am liberal. Politically, I am an independent. I attend church. I am 68 years old. I am a woman.. Question: Do you think the federal government should be doing more about the opioid drug addiction issue, should be doing less, or is it currently doing the right amount?

Answer choices:
1. Should be doing more 2. Should be doing less 3. Is doing the right amount

When answering, respond ONLY with a single number that corresponds to the option you choose. Do not include any additional text, punctuation or explanation.

My answer is
",1
fake_4639,3,4,5,2,58,1,3,"Today is November 5, 2024. Racially, I am hispanic. Ideologically, I am moderate. Politically, I am an independent who leans Republican. I do not attend church. I am 58 years old. I am a man. I am not very interested in politics.. Question: Do you think the federal government should be doing more about the opioid drug addiction issue, should be doing less, or is it currently doing the right amount?

Answer choices:
1. Should be doing more 2. Should be doing less 3. Is doing the right amount

When answering, respond ONLY with a single number that corresponds to the option you choose. Do not include any additional text, punctuation or explanation.

My answer is
",1
fake_4640,1,2,2,2,67,2,2,"Today is November 5, 2024. Racially, I am white. Ideologically, I am liberal. Politically, I am a weak Democrat. I do not attend church. I am 67 years old. I am a woman. I am somewhat interested in politics.. Question: Do you think the federal government should be doing more about the opioid drug addiction issue, should be doing less, or is it currently doing the right amount?

Answer choices:
1. Should be doing more 2. Should be doing less 3. Is doing the right amount

When answering, respond ONLY with a single number that corresponds to the option you choose. Do not include any additional text, punctuation or explanation.

My answer is
",1
fake_4641,1,2,1,2,28,1,4,"Today is November 5, 2024. Racially, I am white. Ideologically, I am liberal. Politically, I am a strong democrat. I do not attend church. I am 28 years old. I am a man. I am not at all interested in politics.. Question: Do you think the federal government should be doing more about the opioid drug addiction issue, should be doing less, or is it currently doing the right amount?

Answer choices:
1. Should be doing more 2. Should be doing less 3. Is doing the right amount

When answering, respond ONLY with a single number that corresponds to the option you choose. Do not include any additional text, punctuation or explanation.

My answer is
",1
fake_4642,1,3,7,2,18,1,1,"Today is November 5, 2024. Racially, I am white. Ideologically, I am slightly liberal. Politically, I am a strong Republican. I do not attend church. I am 18 years old. I am a man. I am very interested in politics.. Question: Do you think the federal government should be doing more about the opioid drug addiction issue, should be doing less, or is it currently doing the right amount?

Answer choices:
1. Should be doing more 2. Should be doing less 3. Is doing the right amount

When answering, respond ONLY with a single number that corresponds to the option you choose. Do not include any additional text, punctuation or explanation.

My answer is
",1
fake_4643,1,6,7,2,62,2,2,"Today is November 5, 2024. Racially, I am white. Ideologically, I am conservative. Politically, I am a strong Republican. I do not attend church. I am 62 years old. I am a woman. I am somewhat interested in politics.. Question: Do you think the federal government should be doing more about the opioid drug addiction issue, should be doing less, or is it currently doing the right amount?

Answer choices:
1. Should be doing more 2. Should be doing less 3. Is doing the right amount

When answering, respond ONLY with a single number that corresponds to the option you choose. Do not include any additional text, punctuation or explanation.

My answer is
",2
fake_4644,4,99,3,1,37,2,1,"Today is November 5, 2024. Racially, I am asian. Politically, I am an independent who leans Democratic. I attend church. I am 37 years old. I am a woman. I am very interested in politics.. Question: Do you think the federal government should be doing more about the opioid drug addiction issue, should be doing less, or is it currently doing the right amount?

Answer choices:
1. Should be doing more 2. Should be doing less 3. Is doing the right amount

When answering, respond ONLY with a single number that corresponds to the option you choose. Do not include any additional text, punctuation or explanation.

My answer is
",1
fake_4645,1,99,2,1,64,2,2,"Today is November 5, 2024. Racially, I am white. Politically, I am a weak Democrat. I attend church. I am 64 years old. I am a woman. I am somewhat interested in politics.. Question: Do you think the federal government should be doing more about the opioid drug addiction issue, should be doing less, or is it currently doing the right amount?

Answer choices:
1. Should be doing more 2. Should be doing less 3. Is doing the right amount

When answering, respond ONLY with a single number that corresponds to the option you choose. Do not include any additional text, punctuation or explanation.

My answer is
",1
fake_4646,1,4,7,2,19,1,3,"Today is November 5, 2024. Racially, I am white. Ideologically, I am moderate. Politically, I am a strong Republican. I do not attend church. I am 19 years old. I am a man. I am not very interested in politics.. Question: Do you think the federal government should be doing more about the opioid drug addiction issue, should be doing less, or is it currently doing the right amount?

Answer choices:
1. Should be doing more 2. Should be doing less 3. Is doing the right amount

When answering, respond ONLY with a single number that corresponds to the option you choose. Do not include any additional text, punctuation or explanation.

My answer is
",1
fake_4647,1,5,7,2,42,2,1,"Today is November 5, 2024. Racially, I am white. Ideologically, I am slightly conservative. Politically, I am a strong Republican. I do not attend church. I am 42 years old. I am a woman. I am very interested in politics.. Question: Do you think the federal government should be doing more about the opioid drug addiction issue, should be doing less, or is it currently doing the right amount?

Answer choices:
1. Should be doing more 2. Should be doing less 3. Is doing the right amount

When answering, respond ONLY with a single number that corresponds to the option you choose. Do not include any additional text, punctuation or explanation.

My answer is
",1
fake_4648,3,4,1,1,45,2,2,"Today is November 5, 2024. Racially, I am hispanic. Ideologically, I am moderate. Politically, I am a strong democrat. I attend church. I am 45 years old. I am a woman. I am somewhat interested in politics.. Question: Do you think the federal government should be doing more about the opioid drug addiction issue, should be doing less, or is it currently doing the right amount?

Answer choices:
1. Should be doing more 2. Should be doing less 3. Is doing the right amount

When answering, respond ONLY with a single number that corresponds to the option you choose. Do not include any additional text, punctuation or explanation.

My answer is
",1
fake_4649,3,99,6,2,63,1,2,"Today is November 5, 2024. Racially, I am hispanic. Politically, I am a weak Republican. I do not attend church. I am 63 years old. I am a man. I am somewhat interested in politics.. Question: Do you think the federal government should be doing more about the opioid drug addiction issue, should be doing less, or is it currently doing the right amount?

Answer choices:
1. Should be doing more 2. Should be doing less 3. Is doing the right amount

When answering, respond ONLY with a single number that corresponds to the option you choose. Do not include any additional text, punctuation or explanation.

My answer is
",1
fake_4650,1,4,7,2,60,1,4,"Today is November 5, 2024. Racially, I am white. Ideologically, I am moderate. Politically, I am a strong Republican. I do not attend church. I am 60 years old. I am a man. I am not at all interested in politics.. Question: Do you think the federal government should be doing more about the opioid drug addiction issue, should be doing less, or is it currently doing the right amount?

Answer choices:
1. Should be doing more 2. Should be doing less 3. Is doing the right amount

When answering, respond ONLY with a single number that corresponds to the option you choose. Do not include any additional text, punctuation or explanation.

My answer is
",1
fake_4651,1,7,3,2,44,2,3,"Today is November 5, 2024. Racially, I am white. Ideologically, I am extremely conservative. Politically, I am an independent who leans Democratic. I do not attend church. I am 44 years old. I am a woman. I am not very interested in politics.. Question: Do you think the federal government should be doing more about the opioid drug addiction issue, should be doing less, or is it currently doing the right amount?

Answer choices:
1. Should be doing more 2. Should be doing less 3. Is doing the right amount

When answering, respond ONLY with a single number that corresponds to the option you choose. Do not include any additional text, punctuation or explanation.

My answer is
",1
fake_4652,1,99,1,2,73,2,1,"Today is November 5, 2024. Racially, I am white. Politically, I am a strong democrat. I do not attend church. I am 73 years old. I am a woman. I am very interested in politics.. Question: Do you think the federal government should be doing more about the opioid drug addiction issue, should be doing less, or is it currently doing the right amount?

Answer choices:
1. Should be doing more 2. Should be doing less 3. Is doing the right amount

When answering, respond ONLY with a single number that corresponds to the option you choose. Do not include any additional text, punctuation or explanation.

My answer is
",1
fake_4653,1,2,7,2,27,2,-6,"Today is November 5, 2024. Racially, I am white. Ideologically, I am liberal. Politically, I am a strong Republican. I do not attend church. I am 27 years old. I am a woman.. Question: Do you think the federal government should be doing more about the opioid drug addiction issue, should be doing less, or is it currently doing the right amount?

Answer choices:
1. Should be doing more 2. Should be doing less 3. Is doing the right amount

When answering, respond ONLY with a single number that corresponds to the option you choose. Do not include any additional text, punctuation or explanation.

My answer is
",1
fake_4654,3,1,7,1,80,1,1,"Today is November 5, 2024. Racially, I am hispanic. Ideologically, I am extremely liberal. Politically, I am a strong Republican. I attend church. I am 80 years old. I am a man. I am very interested in politics.. Question: Do you think the federal government should be doing more about the opioid drug addiction issue, should be doing less, or is it currently doing the right amount?

Answer choices:
1. Should be doing more 2. Should be doing less 3. Is doing the right amount

When answering, respond ONLY with a single number that corresponds to the option you choose. Do not include any additional text, punctuation or explanation.

My answer is
",1
fake_4655,2,99,7,2,30,1,1,"Today is November 5, 2024. Racially, I am black. Politically, I am a strong Republican. I do not attend church. I am 30 years old. I am a man. I am very interested in politics.. Question: Do you think the federal government should be doing more about the opioid drug addiction issue, should be doing less, or is it currently doing the right amount?

Answer choices:
1. Should be doing more 2. Should be doing less 3. Is doing the right amount

When answering, respond ONLY with a single number that corresponds to the option you choose. Do not include any additional text, punctuation or explanation.

My answer is
",2
fake_4656,3,6,5,2,61,2,4,"Today is November 5, 2024. Racially, I am hispanic. Ideologically, I am conservative. Politically, I am an independent who leans Republican. I do not attend church. I am 61 years old. I am a woman. I am not at all interested in politics.. Question: Do you think the federal government should be doing more about the opioid drug addiction issue, should be doing less, or is it currently doing the right amount?

Answer choices:
1. Should be doing more 2. Should be doing less 3. Is doing the right amount

When answering, respond ONLY with a single number that corresponds to the option you choose. Do not include any additional text, punctuation or explanation.

My answer is
",1
fake_4657,1,4,7,2,36,2,2,"Today is November 5, 2024. Racially, I am white. Ideologically, I am moderate. Politically, I am a strong Republican. I do not attend church. I am 36 years old. I am a woman. I am somewhat interested in politics.. Question: Do you think the federal government should be doing more about the opioid drug addiction issue, should be doing less, or is it currently doing the right amount?

Answer choices:
1. Should be doing more 2. Should be doing less 3. Is doing the right amount

When answering, respond ONLY with a single number that corresponds to the option you choose. Do not include any additional text, punctuation or explanation.

My answer is
",1
fake_4658,1,6,6,1,43,2,2,"Today is November 5, 2024. Racially, I am white. Ideologically, I am conservative. Politically, I am a weak Republican. I attend church. I am 43 years old. I am a woman. I am somewhat interested in politics.. Question: Do you think the federal government should be doing more about the opioid drug addiction issue, should be doing less, or is it currently doing the right amount?

Answer choices:
1. Should be doing more 2. Should be doing less 3. Is doing the right amount

When answering, respond ONLY with a single number that corresponds to the option you choose. Do not include any additional text, punctuation or explanation.

My answer is
",1
fake_4659,1,6,3,1,34,1,2,"Today is November 5, 2024. Racially, I am white. Ideologically, I am conservative. Politically, I am an independent who leans Democratic. I attend church. I am 34 years old. I am a man. I am somewhat interested in politics.. Question: Do you think the federal government should be doing more about the opioid drug addiction issue, should be doing less, or is it currently doing the right amount?

Answer choices:
1. Should be doing more 2. Should be doing less 3. Is doing the right amount

When answering, respond ONLY with a single number that corresponds to the option you choose. Do not include any additional text, punctuation or explanation.

My answer is
",1
fake_4660,1,3,6,1,40,2,3,"Today is November 5, 2024. Racially, I am white. Ideologically, I am slightly liberal. Politically, I am a weak Republican. I attend church. I am 40 years old. I am a woman. I am not very interested in politics.. Question: Do you think the federal government should be doing more about the opioid drug addiction issue, should be doing less, or is it currently doing the right amount?

Answer choices:
1. Should be doing more 2. Should be doing less 3. Is doing the right amount

When answering, respond ONLY with a single number that corresponds to the option you choose. Do not include any additional text, punctuation or explanation.

My answer is
",1
fake_4661,1,5,7,2,22,2,3,"Today is November 5, 2024. Racially, I am white. Ideologically, I am slightly conservative. Politically, I am a strong Republican. I do not attend church. I am 22 years old. I am a woman. I am not very interested in politics.. Question: Do you think the federal government should be doing more about the opioid drug addiction issue, should be doing less, or is it currently doing the right amount?

Answer choices:
1. Should be doing more 2. Should be doing less 3. Is doing the right amount

When answering, respond ONLY with a single number that corresponds to the option you choose. Do not include any additional text, punctuation or explanation.

My answer is
",1
fake_4662,2,5,1,1,55,1,2,"Today is November 5, 2024. Racially, I am black. Ideologically, I am slightly conservative. Politically, I am a strong democrat. I attend church. I am 55 years old. I am a man. I am somewhat interested in politics.. Question: Do you think the federal government should be doing more about the opioid drug addiction issue, should be doing less, or is it currently doing the right amount?

Answer choices:
1. Should be doing more 2. Should be doing less 3. Is doing the right amount

When answering, respond ONLY with a single number that corresponds to the option you choose. Do not include any additional text, punctuation or explanation.

My answer is
",1
fake_4663,1,4,3,1,71,1,2,"Today is November 5, 2024. Racially, I am white. Ideologically, I am moderate. Politically, I am an independent who leans Democratic. I attend church. I am 71 years old. I am a man. I am somewhat interested in politics.. Question: Do you think the federal government should be doing more about the opioid drug addiction issue, should be doing less, or is it currently doing the right amount?

Answer choices:
1. Should be doing more 2. Should be doing less 3. Is doing the right amount

When answering, respond ONLY with a single number that corresponds to the option you choose. Do not include any additional text, punctuation or explanation.

My answer is
",1
fake_4664,1,6,2,1,69,2,1,"Today is November 5, 2024. Racially, I am white. Ideologically, I am conservative. Politically, I am a weak Democrat. I attend church. I am 69 years old. I am a woman. I am very interested in politics.. Question: Do you think the federal government should be doing more about the opioid drug addiction issue, should be doing less, or is it currently doing the right amount?

Answer choices:
1. Should be doing more 2. Should be doing less 3. Is doing the right amount

When answering, respond ONLY with a single number that corresponds to the option you choose. Do not include any additional text, punctuation or explanation.

My answer is
",1
fake_4665,2,4,7,1,80,1,-6,"Today is November 5, 2024. Racially, I am black. Ideologically, I am moderate. Politically, I am a strong Republican. I attend church. I am 80 years old. I am a man.. Question: Do you think the federal government should be doing more about the opioid drug addiction issue, should be doing less, or is it currently doing the right amount?

Answer choices:
1. Should be doing more 2. Should be doing less 3. Is doing the right amount

When answering, respond ONLY with a single number that corresponds to the option you choose. Do not include any additional text, punctuation or explanation.

My answer is
",1
fake_4666,1,4,3,2,18,1,1,"Today is November 5, 2024. Racially, I am white. Ideologically, I am moderate. Politically, I am an independent who leans Democratic. I do not attend church. I am 18 years old. I am a man. I am very interested in politics.. Question: Do you think the federal government should be doing more about the opioid drug addiction issue, should be doing less, or is it currently doing the right amount?

Answer choices:
1. Should be doing more 2. Should be doing less 3. Is doing the right amount

When answering, respond ONLY with a single number that corresponds to the option you choose. Do not include any additional text, punctuation or explanation.

My answer is
",1
fake_4667,1,5,7,1,79,2,2,"Today is November 5, 2024. Racially, I am white. Ideologically, I am slightly conservative. Politically, I am a strong Republican. I attend church. I am 79 years old. I am a woman. I am somewhat interested in politics.. Question: Do you think the federal government should be doing more about the opioid drug addiction issue, should be doing less, or is it currently doing the right amount?

Answer choices:
1. Should be doing more 2. Should be doing less 3. Is doing the right amount

When answering, respond ONLY with a single number that corresponds to the option you choose. Do not include any additional text, punctuation or explanation.

My answer is
",1
fake_4668,3,6,3,2,45,1,-6,"Today is November 5, 2024. Racially, I am hispanic. Ideologically, I am conservative. Politically, I am an independent who leans Democratic. I do not attend church. I am 45 years old. I am a man.. Question: Do you think the federal government should be doing more about the opioid drug addiction issue, should be doing less, or is it currently doing the right amount?

Answer choices:
1. Should be doing more 2. Should be doing less 3. Is doing the right amount

When answering, respond ONLY with a single number that corresponds to the option you choose. Do not include any additional text, punctuation or explanation.

My answer is
",1
fake_4669,3,6,1,2,30,1,1,"Today is November 5, 2024. Racially, I am hispanic. Ideologically, I am conservative. Politically, I am a strong democrat. I do not attend church. I am 30 years old. I am a man. I am very interested in politics.. Question: Do you think the federal government should be doing more about the opioid drug addiction issue, should be doing less, or is it currently doing the right amount?

Answer choices:
1. Should be doing more 2. Should be doing less 3. Is doing the right amount

When answering, respond ONLY with a single number that corresponds to the option you choose. Do not include any additional text, punctuation or explanation.

My answer is
",1
fake_4670,1,3,1,1,67,1,2,"Today is November 5, 2024. Racially, I am white. Ideologically, I am slightly liberal. Politically, I am a strong democrat. I attend church. I am 67 years old. I am a man. I am somewhat interested in politics.. Question: Do you think the federal government should be doing more about the opioid drug addiction issue, should be doing less, or is it currently doing the right amount?

Answer choices:
1. Should be doing more 2. Should be doing less 3. Is doing the right amount

When answering, respond ONLY with a single number that corresponds to the option you choose. Do not include any additional text, punctuation or explanation.

My answer is
",1
fake_4671,1,4,1,1,54,2,2,"Today is November 5, 2024. Racially, I am white. Ideologically, I am moderate. Politically, I am a strong democrat. I attend church. I am 54 years old. I am a woman. I am somewhat interested in politics.. Question: Do you think the federal government should be doing more about the opioid drug addiction issue, should be doing less, or is it currently doing the right amount?

Answer choices:
1. Should be doing more 2. Should be doing less 3. Is doing the right amount

When answering, respond ONLY with a single number that corresponds to the option you choose. Do not include any additional text, punctuation or explanation.

My answer is
",1
fake_4672,1,7,7,2,40,2,1,"Today is November 5, 2024. Racially, I am white. Ideologically, I am extremely conservative. Politically, I am a strong Republican. I do not attend church. I am 40 years old. I am a woman. I am very interested in politics.. Question: Do you think the federal government should be doing more about the opioid drug addiction issue, should be doing less, or is it currently doing the right amount?

Answer choices:
1. Should be doing more 2. Should be doing less 3. Is doing the right amount

When answering, respond ONLY with a single number that corresponds to the option you choose. Do not include any additional text, punctuation or explanation.

My answer is
",2
fake_4673,6,99,3,1,66,2,2,"Today is November 5, 2024. Politically, I am an independent who leans Democratic. I attend church. I am 66 years old. I am a woman. I am somewhat interested in politics.. Question: Do you think the federal government should be doing more about the opioid drug addiction issue, should be doing less, or is it currently doing the right amount?

Answer choices:
1. Should be doing more 2. Should be doing less 3. Is doing the right amount

When answering, respond ONLY with a single number that corresponds to the option you choose. Do not include any additional text, punctuation or explanation.

My answer is
",1
fake_4674,1,6,7,1,38,2,2,"Today is November 5, 2024. Racially, I am white. Ideologically, I am conservative. Politically, I am a strong Republican. I attend church. I am 38 years old. I am a woman. I am somewhat interested in politics.. Question: Do you think the federal government should be doing more about the opioid drug addiction issue, should be doing less, or is it currently doing the right amount?

Answer choices:
1. Should be doing more 2. Should be doing less 3. Is doing the right amount

When answering, respond ONLY with a single number that corresponds to the option you choose. Do not include any additional text, punctuation or explanation.

My answer is
",1
fake_4675,1,6,2,2,35,1,2,"Today is November 5, 2024. Racially, I am white. Ideologically, I am conservative. Politically, I am a weak Democrat. I do not attend church. I am 35 years old. I am a man. I am somewhat interested in politics.. Question: Do you think the federal government should be doing more about the opioid drug addiction issue, should be doing less, or is it currently doing the right amount?

Answer choices:
1. Should be doing more 2. Should be doing less 3. Is doing the right amount

When answering, respond ONLY with a single number that corresponds to the option you choose. Do not include any additional text, punctuation or explanation.

My answer is
",1
fake_4676,6,4,5,2,45,1,2,"Today is November 5, 2024. Ideologically, I am moderate. Politically, I am an independent who leans Republican. I do not attend church. I am 45 years old. I am a man. I am somewhat interested in politics.. Question: Do you think the federal government should be doing more about the opioid drug addiction issue, should be doing less, or is it currently doing the right amount?

Answer choices:
1. Should be doing more 2. Should be doing less 3. Is doing the right amount

When answering, respond ONLY with a single number that corresponds to the option you choose. Do not include any additional text, punctuation or explanation.

My answer is
",1
fake_4677,2,6,4,1,45,1,2,"Today is November 5, 2024. Racially, I am black. Ideologically, I am conservative. Politically, I am an independent. I attend church. I am 45 years old. I am a man. I am somewhat interested in politics.. Question: Do you think the federal government should be doing more about the opioid drug addiction issue, should be doing less, or is it currently doing the right amount?

Answer choices:
1. Should be doing more 2. Should be doing less 3. Is doing the right amount

When answering, respond ONLY with a single number that corresponds to the option you choose. Do not include any additional text, punctuation or explanation.

My answer is
",1
fake_4678,1,4,7,2,73,2,2,"Today is November 5, 2024. Racially, I am white. Ideologically, I am moderate. Politically, I am a strong Republican. I do not attend church. I am 73 years old. I am a woman. I am somewhat interested in politics.. Question: Do you think the federal government should be doing more about the opioid drug addiction issue, should be doing less, or is it currently doing the right amount?

Answer choices:
1. Should be doing more 2. Should be doing less 3. Is doing the right amount

When answering, respond ONLY with a single number that corresponds to the option you choose. Do not include any additional text, punctuation or explanation.

My answer is
",1
fake_4679,1,4,7,1,51,1,4,"Today is November 5, 2024. Racially, I am white. Ideologically, I am moderate. Politically, I am a strong Republican. I attend church. I am 51 years old. I am a man. I am not at all interested in politics.. Question: Do you think the federal government should be doing more about the opioid drug addiction issue, should be doing less, or is it currently doing the right amount?

Answer choices:
1. Should be doing more 2. Should be doing less 3. Is doing the right amount

When answering, respond ONLY with a single number that corresponds to the option you choose. Do not include any additional text, punctuation or explanation.

My answer is
",1
fake_4680,1,99,1,1,25,1,2,"Today is November 5, 2024. Racially, I am white. Politically, I am a strong democrat. I attend church. I am 25 years old. I am a man. I am somewhat interested in politics.. Question: Do you think the federal government should be doing more about the opioid drug addiction issue, should be doing less, or is it currently doing the right amount?

Answer choices:
1. Should be doing more 2. Should be doing less 3. Is doing the right amount

When answering, respond ONLY with a single number that corresponds to the option you choose. Do not include any additional text, punctuation or explanation.

My answer is
",1
fake_4681,2,4,1,1,69,1,2,"Today is November 5, 2024. Racially, I am black. Ideologically, I am moderate. Politically, I am a strong democrat. I attend church. I am 69 years old. I am a man. I am somewhat interested in politics.. Question: Do you think the federal government should be doing more about the opioid drug addiction issue, should be doing less, or is it currently doing the right amount?

Answer choices:
1. Should be doing more 2. Should be doing less 3. Is doing the right amount

When answering, respond ONLY with a single number that corresponds to the option you choose. Do not include any additional text, punctuation or explanation.

My answer is
",1
fake_4682,1,2,1,1,72,2,2,"Today is November 5, 2024. Racially, I am white. Ideologically, I am liberal. Politically, I am a strong democrat. I attend church. I am 72 years old. I am a woman. I am somewhat interested in politics.. Question: Do you think the federal government should be doing more about the opioid drug addiction issue, should be doing less, or is it currently doing the right amount?

Answer choices:
1. Should be doing more 2. Should be doing less 3. Is doing the right amount

When answering, respond ONLY with a single number that corresponds to the option you choose. Do not include any additional text, punctuation or explanation.

My answer is
",1
fake_4683,1,2,7,2,80,1,1,"Today is November 5, 2024. Racially, I am white. Ideologically, I am liberal. Politically, I am a strong Republican. I do not attend church. I am 80 years old. I am a man. I am very interested in politics.. Question: Do you think the federal government should be doing more about the opioid drug addiction issue, should be doing less, or is it currently doing the right amount?

Answer choices:
1. Should be doing more 2. Should be doing less 3. Is doing the right amount

When answering, respond ONLY with a single number that corresponds to the option you choose. Do not include any additional text, punctuation or explanation.

My answer is
",1
fake_4684,3,5,6,1,38,2,2,"Today is November 5, 2024. Racially, I am hispanic. Ideologically, I am slightly conservative. Politically, I am a weak Republican. I attend church. I am 38 years old. I am a woman. I am somewhat interested in politics.. Question: Do you think the federal government should be doing more about the opioid drug addiction issue, should be doing less, or is it currently doing the right amount?

Answer choices:
1. Should be doing more 2. Should be doing less 3. Is doing the right amount

When answering, respond ONLY with a single number that corresponds to the option you choose. Do not include any additional text, punctuation or explanation.

My answer is
",1
fake_4685,1,6,7,1,43,2,3,"Today is November 5, 2024. Racially, I am white. Ideologically, I am conservative. Politically, I am a strong Republican. I attend church. I am 43 years old. I am a woman. I am not very interested in politics.. Question: Do you think the federal government should be doing more about the opioid drug addiction issue, should be doing less, or is it currently doing the right amount?

Answer choices:
1. Should be doing more 2. Should be doing less 3. Is doing the right amount

When answering, respond ONLY with a single number that corresponds to the option you choose. Do not include any additional text, punctuation or explanation.

My answer is
",1
fake_4686,3,6,7,1,50,1,2,"Today is November 5, 2024. Racially, I am hispanic. Ideologically, I am conservative. Politically, I am a strong Republican. I attend church. I am 50 years old. I am a man. I am somewhat interested in politics.. Question: Do you think the federal government should be doing more about the opioid drug addiction issue, should be doing less, or is it currently doing the right amount?

Answer choices:
1. Should be doing more 2. Should be doing less 3. Is doing the right amount

When answering, respond ONLY with a single number that corresponds to the option you choose. Do not include any additional text, punctuation or explanation.

My answer is
",1
fake_4687,1,99,4,2,32,2,1,"Today is November 5, 2024. Racially, I am white. Politically, I am an independent. I do not attend church. I am 32 years old. I am a woman. I am very interested in politics.. Question: Do you think the federal government should be doing more about the opioid drug addiction issue, should be doing less, or is it currently doing the right amount?

Answer choices:
1. Should be doing more 2. Should be doing less 3. Is doing the right amount

When answering, respond ONLY with a single number that corresponds to the option you choose. Do not include any additional text, punctuation or explanation.

My answer is
",1
fake_4688,1,3,7,2,23,1,4,"Today is November 5, 2024. Racially, I am white. Ideologically, I am slightly liberal. Politically, I am a strong Republican. I do not attend church. I am 23 years old. I am a man. I am not at all interested in politics.. Question: Do you think the federal government should be doing more about the opioid drug addiction issue, should be doing less, or is it currently doing the right amount?

Answer choices:
1. Should be doing more 2. Should be doing less 3. Is doing the right amount

When answering, respond ONLY with a single number that corresponds to the option you choose. Do not include any additional text, punctuation or explanation.

My answer is
",1
fake_4689,1,99,1,1,69,2,2,"Today is November 5, 2024. Racially, I am white. Politically, I am a strong democrat. I attend church. I am 69 years old. I am a woman. I am somewhat interested in politics.. Question: Do you think the federal government should be doing more about the opioid drug addiction issue, should be doing less, or is it currently doing the right amount?

Answer choices:
1. Should be doing more 2. Should be doing less 3. Is doing the right amount

When answering, respond ONLY with a single number that corresponds to the option you choose. Do not include any additional text, punctuation or explanation.

My answer is
",1
fake_4690,1,6,7,2,65,2,2,"Today is November 5, 2024. Racially, I am white. Ideologically, I am conservative. Politically, I am a strong Republican. I do not attend church. I am 65 years old. I am a woman. I am somewhat interested in politics.. Question: Do you think the federal government should be doing more about the opioid drug addiction issue, should be doing less, or is it currently doing the right amount?

Answer choices:
1. Should be doing more 2. Should be doing less 3. Is doing the right amount

When answering, respond ONLY with a single number that corresponds to the option you choose. Do not include any additional text, punctuation or explanation.

My answer is
",2
fake_4691,1,1,3,2,52,1,2,"Today is November 5, 2024. Racially, I am white. Ideologically, I am extremely liberal. Politically, I am an independent who leans Democratic. I do not attend church. I am 52 years old. I am a man. I am somewhat interested in politics.. Question: Do you think the federal government should be doing more about the opioid drug addiction issue, should be doing less, or is it currently doing the right amount?

Answer choices:
1. Should be doing more 2. Should be doing less 3. Is doing the right amount

When answering, respond ONLY with a single number that corresponds to the option you choose. Do not include any additional text, punctuation or explanation.

My answer is
",1
fake_4692,3,2,7,2,36,2,3,"Today is November 5, 2024. Racially, I am hispanic. Ideologically, I am liberal. Politically, I am a strong Republican. I do not attend church. I am 36 years old. I am a woman. I am not very interested in politics.. Question: Do you think the federal government should be doing more about the opioid drug addiction issue, should be doing less, or is it currently doing the right amount?

Answer choices:
1. Should be doing more 2. Should be doing less 3. Is doing the right amount

When answering, respond ONLY with a single number that corresponds to the option you choose. Do not include any additional text, punctuation or explanation.

My answer is
",1
fake_4693,1,99,2,1,49,1,2,"Today is November 5, 2024. Racially, I am white. Politically, I am a weak Democrat. I attend church. I am 49 years old. I am a man. I am somewhat interested in politics.. Question: Do you think the federal government should be doing more about the opioid drug addiction issue, should be doing less, or is it currently doing the right amount?

Answer choices:
1. Should be doing more 2. Should be doing less 3. Is doing the right amount

When answering, respond ONLY with a single number that corresponds to the option you choose. Do not include any additional text, punctuation or explanation.

My answer is
",1
fake_4694,1,99,1,1,-2,2,2,"Today is November 5, 2024. Racially, I am white. Politically, I am a strong democrat. I attend church. I am a woman. I am somewhat interested in politics.. Question: Do you think the federal government should be doing more about the opioid drug addiction issue, should be doing less, or is it currently doing the right amount?

Answer choices:
1. Should be doing more 2. Should be doing less 3. Is doing the right amount

When answering, respond ONLY with a single number that corresponds to the option you choose. Do not include any additional text, punctuation or explanation.

My answer is
",1
fake_4695,1,4,1,2,61,2,3,"Today is November 5, 2024. Racially, I am white. Ideologically, I am moderate. Politically, I am a strong democrat. I do not attend church. I am 61 years old. I am a woman. I am not very interested in politics.. Question: Do you think the federal government should be doing more about the opioid drug addiction issue, should be doing less, or is it currently doing the right amount?

Answer choices:
1. Should be doing more 2. Should be doing less 3. Is doing the right amount

When answering, respond ONLY with a single number that corresponds to the option you choose. Do not include any additional text, punctuation or explanation.

My answer is
",1
fake_4696,3,5,6,1,78,1,2,"Today is November 5, 2024. Racially, I am hispanic. Ideologically, I am slightly conservative. Politically, I am a weak Republican. I attend church. I am 78 years old. I am a man. I am somewhat interested in politics.. Question: Do you think the federal government should be doing more about the opioid drug addiction issue, should be doing less, or is it currently doing the right amount?

Answer choices:
1. Should be doing more 2. Should be doing less 3. Is doing the right amount

When answering, respond ONLY with a single number that corresponds to the option you choose. Do not include any additional text, punctuation or explanation.

My answer is
",1
fake_4697,1,6,6,-1,26,1,2,"Today is November 5, 2024. Racially, I am white. Ideologically, I am conservative. Politically, I am a weak Republican. I am 26 years old. I am a man. I am somewhat interested in politics.. Question: Do you think the federal government should be doing more about the opioid drug addiction issue, should be doing less, or is it currently doing the right amount?

Answer choices:
1. Should be doing more 2. Should be doing less 3. Is doing the right amount

When answering, respond ONLY with a single number that corresponds to the option you choose. Do not include any additional text, punctuation or explanation.

My answer is
",1
fake_4698,1,4,7,2,34,1,1,"Today is November 5, 2024. Racially, I am white. Ideologically, I am moderate. Politically, I am a strong Republican. I do not attend church. I am 34 years old. I am a man. I am very interested in politics.. Question: Do you think the federal government should be doing more about the opioid drug addiction issue, should be doing less, or is it currently doing the right amount?

Answer choices:
1. Should be doing more 2. Should be doing less 3. Is doing the right amount

When answering, respond ONLY with a single number that corresponds to the option you choose. Do not include any additional text, punctuation or explanation.

My answer is
",1
fake_4699,3,4,6,2,21,1,4,"Today is November 5, 2024. Racially, I am hispanic. Ideologically, I am moderate. Politically, I am a weak Republican. I do not attend church. I am 21 years old. I am a man. I am not at all interested in politics.. Question: Do you think the federal government should be doing more about the opioid drug addiction issue, should be doing less, or is it currently doing the right amount?

Answer choices:
1. Should be doing more 2. Should be doing less 3. Is doing the right amount

When answering, respond ONLY with a single number that corresponds to the option you choose. Do not include any additional text, punctuation or explanation.

My answer is
",1
fake_4700,1,2,3,1,70,1,3,"Today is November 5, 2024. Racially, I am white. Ideologically, I am liberal. Politically, I am an independent who leans Democratic. I attend church. I am 70 years old. I am a man. I am not very interested in politics.. Question: Do you think the federal government should be doing more about the opioid drug addiction issue, should be doing less, or is it currently doing the right amount?

Answer choices:
1. Should be doing more 2. Should be doing less 3. Is doing the right amount

When answering, respond ONLY with a single number that corresponds to the option you choose. Do not include any additional text, punctuation or explanation.

My answer is
",1
fake_4701,3,4,1,1,37,2,3,"Today is November 5, 2024. Racially, I am hispanic. Ideologically, I am moderate. Politically, I am a strong democrat. I attend church. I am 37 years old. I am a woman. I am not very interested in politics.. Question: Do you think the federal government should be doing more about the opioid drug addiction issue, should be doing less, or is it currently doing the right amount?

Answer choices:
1. Should be doing more 2. Should be doing less 3. Is doing the right amount

When answering, respond ONLY with a single number that corresponds to the option you choose. Do not include any additional text, punctuation or explanation.

My answer is
",1
fake_4702,4,6,5,2,57,2,1,"Today is November 5, 2024. Racially, I am asian. Ideologically, I am conservative. Politically, I am an independent who leans Republican. I do not attend church. I am 57 years old. I am a woman. I am very interested in politics.. Question: Do you think the federal government should be doing more about the opioid drug addiction issue, should be doing less, or is it currently doing the right amount?

Answer choices:
1. Should be doing more 2. Should be doing less 3. Is doing the right amount

When answering, respond ONLY with a single number that corresponds to the option you choose. Do not include any additional text, punctuation or explanation.

My answer is
",1
fake_4703,3,5,1,1,34,1,2,"Today is November 5, 2024. Racially, I am hispanic. Ideologically, I am slightly conservative. Politically, I am a strong democrat. I attend church. I am 34 years old. I am a man. I am somewhat interested in politics.. Question: Do you think the federal government should be doing more about the opioid drug addiction issue, should be doing less, or is it currently doing the right amount?

Answer choices:
1. Should be doing more 2. Should be doing less 3. Is doing the right amount

When answering, respond ONLY with a single number that corresponds to the option you choose. Do not include any additional text, punctuation or explanation.

My answer is
",1
fake_4704,2,99,5,-1,74,2,1,"Today is November 5, 2024. Racially, I am black. Politically, I am an independent who leans Republican. I am 74 years old. I am a woman. I am very interested in politics.. Question: Do you think the federal government should be doing more about the opioid drug addiction issue, should be doing less, or is it currently doing the right amount?

Answer choices:
1. Should be doing more 2. Should be doing less 3. Is doing the right amount

When answering, respond ONLY with a single number that corresponds to the option you choose. Do not include any additional text, punctuation or explanation.

My answer is
",1
fake_4705,6,99,1,1,51,1,2,"Today is November 5, 2024. Politically, I am a strong democrat. I attend church. I am 51 years old. I am a man. I am somewhat interested in politics.. Question: Do you think the federal government should be doing more about the opioid drug addiction issue, should be doing less, or is it currently doing the right amount?

Answer choices:
1. Should be doing more 2. Should be doing less 3. Is doing the right amount

When answering, respond ONLY with a single number that corresponds to the option you choose. Do not include any additional text, punctuation or explanation.

My answer is
",1
fake_4706,1,4,1,2,27,1,3,"Today is November 5, 2024. Racially, I am white. Ideologically, I am moderate. Politically, I am a strong democrat. I do not attend church. I am 27 years old. I am a man. I am not very interested in politics.. Question: Do you think the federal government should be doing more about the opioid drug addiction issue, should be doing less, or is it currently doing the right amount?

Answer choices:
1. Should be doing more 2. Should be doing less 3. Is doing the right amount

When answering, respond ONLY with a single number that corresponds to the option you choose. Do not include any additional text, punctuation or explanation.

My answer is
",1
fake_4707,1,4,2,2,40,1,3,"Today is November 5, 2024. Racially, I am white. Ideologically, I am moderate. Politically, I am a weak Democrat. I do not attend church. I am 40 years old. I am a man. I am not very interested in politics.. Question: Do you think the federal government should be doing more about the opioid drug addiction issue, should be doing less, or is it currently doing the right amount?

Answer choices:
1. Should be doing more 2. Should be doing less 3. Is doing the right amount

When answering, respond ONLY with a single number that corresponds to the option you choose. Do not include any additional text, punctuation or explanation.

My answer is
",1
fake_4708,1,4,5,1,31,2,1,"Today is November 5, 2024. Racially, I am white. Ideologically, I am moderate. Politically, I am an independent who leans Republican. I attend church. I am 31 years old. I am a woman. I am very interested in politics.. Question: Do you think the federal government should be doing more about the opioid drug addiction issue, should be doing less, or is it currently doing the right amount?

Answer choices:
1. Should be doing more 2. Should be doing less 3. Is doing the right amount

When answering, respond ONLY with a single number that corresponds to the option you choose. Do not include any additional text, punctuation or explanation.

My answer is
",1
fake_4709,3,3,7,1,75,1,1,"Today is November 5, 2024. Racially, I am hispanic. Ideologically, I am slightly liberal. Politically, I am a strong Republican. I attend church. I am 75 years old. I am a man. I am very interested in politics.. Question: Do you think the federal government should be doing more about the opioid drug addiction issue, should be doing less, or is it currently doing the right amount?

Answer choices:
1. Should be doing more 2. Should be doing less 3. Is doing the right amount

When answering, respond ONLY with a single number that corresponds to the option you choose. Do not include any additional text, punctuation or explanation.

My answer is
",1
fake_4710,1,6,1,2,59,2,3,"Today is November 5, 2024. Racially, I am white. Ideologically, I am conservative. Politically, I am a strong democrat. I do not attend church. I am 59 years old. I am a woman. I am not very interested in politics.. Question: Do you think the federal government should be doing more about the opioid drug addiction issue, should be doing less, or is it currently doing the right amount?

Answer choices:
1. Should be doing more 2. Should be doing less 3. Is doing the right amount

When answering, respond ONLY with a single number that corresponds to the option you choose. Do not include any additional text, punctuation or explanation.

My answer is
",1
fake_4711,1,7,3,2,77,2,4,"Today is November 5, 2024. Racially, I am white. Ideologically, I am extremely conservative. Politically, I am an independent who leans Democratic. I do not attend church. I am 77 years old. I am a woman. I am not at all interested in politics.. Question: Do you think the federal government should be doing more about the opioid drug addiction issue, should be doing less, or is it currently doing the right amount?

Answer choices:
1. Should be doing more 2. Should be doing less 3. Is doing the right amount

When answering, respond ONLY with a single number that corresponds to the option you choose. Do not include any additional text, punctuation or explanation.

My answer is
",1
fake_4712,1,3,7,2,39,2,-6,"Today is November 5, 2024. Racially, I am white. Ideologically, I am slightly liberal. Politically, I am a strong Republican. I do not attend church. I am 39 years old. I am a woman.. Question: Do you think the federal government should be doing more about the opioid drug addiction issue, should be doing less, or is it currently doing the right amount?

Answer choices:
1. Should be doing more 2. Should be doing less 3. Is doing the right amount

When answering, respond ONLY with a single number that corresponds to the option you choose. Do not include any additional text, punctuation or explanation.

My answer is
",1
fake_4713,1,4,7,2,63,1,3,"Today is November 5, 2024. Racially, I am white. Ideologically, I am moderate. Politically, I am a strong Republican. I do not attend church. I am 63 years old. I am a man. I am not very interested in politics.. Question: Do you think the federal government should be doing more about the opioid drug addiction issue, should be doing less, or is it currently doing the right amount?

Answer choices:
1. Should be doing more 2. Should be doing less 3. Is doing the right amount

When answering, respond ONLY with a single number that corresponds to the option you choose. Do not include any additional text, punctuation or explanation.

My answer is
",1
fake_4714,1,99,3,1,18,2,2,"Today is November 5, 2024. Racially, I am white. Politically, I am an independent who leans Democratic. I attend church. I am 18 years old. I am a woman. I am somewhat interested in politics.. Question: Do you think the federal government should be doing more about the opioid drug addiction issue, should be doing less, or is it currently doing the right amount?

Answer choices:
1. Should be doing more 2. Should be doing less 3. Is doing the right amount

When answering, respond ONLY with a single number that corresponds to the option you choose. Do not include any additional text, punctuation or explanation.

My answer is
",1
fake_4715,2,99,1,1,41,2,2,"Today is November 5, 2024. Racially, I am black. Politically, I am a strong democrat. I attend church. I am 41 years old. I am a woman. I am somewhat interested in politics.. Question: Do you think the federal government should be doing more about the opioid drug addiction issue, should be doing less, or is it currently doing the right amount?

Answer choices:
1. Should be doing more 2. Should be doing less 3. Is doing the right amount

When answering, respond ONLY with a single number that corresponds to the option you choose. Do not include any additional text, punctuation or explanation.

My answer is
",1
fake_4716,1,4,1,1,55,1,2,"Today is November 5, 2024. Racially, I am white. Ideologically, I am moderate. Politically, I am a strong democrat. I attend church. I am 55 years old. I am a man. I am somewhat interested in politics.. Question: Do you think the federal government should be doing more about the opioid drug addiction issue, should be doing less, or is it currently doing the right amount?

Answer choices:
1. Should be doing more 2. Should be doing less 3. Is doing the right amount

When answering, respond ONLY with a single number that corresponds to the option you choose. Do not include any additional text, punctuation or explanation.

My answer is
",1
fake_4717,1,6,7,1,42,1,3,"Today is November 5, 2024. Racially, I am white. Ideologically, I am conservative. Politically, I am a strong Republican. I attend church. I am 42 years old. I am a man. I am not very interested in politics.. Question: Do you think the federal government should be doing more about the opioid drug addiction issue, should be doing less, or is it currently doing the right amount?

Answer choices:
1. Should be doing more 2. Should be doing less 3. Is doing the right amount

When answering, respond ONLY with a single number that corresponds to the option you choose. Do not include any additional text, punctuation or explanation.

My answer is
",1
fake_4718,1,5,4,1,38,2,4,"Today is November 5, 2024. Racially, I am white. Ideologically, I am slightly conservative. Politically, I am an independent. I attend church. I am 38 years old. I am a woman. I am not at all interested in politics.. Question: Do you think the federal government should be doing more about the opioid drug addiction issue, should be doing less, or is it currently doing the right amount?

Answer choices:
1. Should be doing more 2. Should be doing less 3. Is doing the right amount

When answering, respond ONLY with a single number that corresponds to the option you choose. Do not include any additional text, punctuation or explanation.

My answer is
",1
fake_4719,1,4,1,2,32,1,2,"Today is November 5, 2024. Racially, I am white. Ideologically, I am moderate. Politically, I am a strong democrat. I do not attend church. I am 32 years old. I am a man. I am somewhat interested in politics.. Question: Do you think the federal government should be doing more about the opioid drug addiction issue, should be doing less, or is it currently doing the right amount?

Answer choices:
1. Should be doing more 2. Should be doing less 3. Is doing the right amount

When answering, respond ONLY with a single number that corresponds to the option you choose. Do not include any additional text, punctuation or explanation.

My answer is
",1
fake_4720,1,3,7,1,52,1,-7,"Today is November 5, 2024. Racially, I am white. Ideologically, I am slightly liberal. Politically, I am a strong Republican. I attend church. I am 52 years old. I am a man.. Question: Do you think the federal government should be doing more about the opioid drug addiction issue, should be doing less, or is it currently doing the right amount?

Answer choices:
1. Should be doing more 2. Should be doing less 3. Is doing the right amount

When answering, respond ONLY with a single number that corresponds to the option you choose. Do not include any additional text, punctuation or explanation.

My answer is
",1
fake_4721,1,6,1,1,32,1,2,"Today is November 5, 2024. Racially, I am white. Ideologically, I am conservative. Politically, I am a strong democrat. I attend church. I am 32 years old. I am a man. I am somewhat interested in politics.. Question: Do you think the federal government should be doing more about the opioid drug addiction issue, should be doing less, or is it currently doing the right amount?

Answer choices:
1. Should be doing more 2. Should be doing less 3. Is doing the right amount

When answering, respond ONLY with a single number that corresponds to the option you choose. Do not include any additional text, punctuation or explanation.

My answer is
",1
fake_4722,1,6,1,1,53,2,3,"Today is November 5, 2024. Racially, I am white. Ideologically, I am conservative. Politically, I am a strong democrat. I attend church. I am 53 years old. I am a woman. I am not very interested in politics.. Question: Do you think the federal government should be doing more about the opioid drug addiction issue, should be doing less, or is it currently doing the right amount?

Answer choices:
1. Should be doing more 2. Should be doing less 3. Is doing the right amount

When answering, respond ONLY with a single number that corresponds to the option you choose. Do not include any additional text, punctuation or explanation.

My answer is
",1
fake_4723,1,5,5,2,41,1,-6,"Today is November 5, 2024. Racially, I am white. Ideologically, I am slightly conservative. Politically, I am an independent who leans Republican. I do not attend church. I am 41 years old. I am a man.. Question: Do you think the federal government should be doing more about the opioid drug addiction issue, should be doing less, or is it currently doing the right amount?

Answer choices:
1. Should be doing more 2. Should be doing less 3. Is doing the right amount

When answering, respond ONLY with a single number that corresponds to the option you choose. Do not include any additional text, punctuation or explanation.

My answer is
",1
fake_4724,1,2,1,2,78,2,-6,"Today is November 5, 2024. Racially, I am white. Ideologically, I am liberal. Politically, I am a strong democrat. I do not attend church. I am 78 years old. I am a woman.. Question: Do you think the federal government should be doing more about the opioid drug addiction issue, should be doing less, or is it currently doing the right amount?

Answer choices:
1. Should be doing more 2. Should be doing less 3. Is doing the right amount

When answering, respond ONLY with a single number that corresponds to the option you choose. Do not include any additional text, punctuation or explanation.

My answer is
",1
fake_4725,1,6,5,1,53,2,-6,"Today is November 5, 2024. Racially, I am white. Ideologically, I am conservative. Politically, I am an independent who leans Republican. I attend church. I am 53 years old. I am a woman.. Question: Do you think the federal government should be doing more about the opioid drug addiction issue, should be doing less, or is it currently doing the right amount?

Answer choices:
1. Should be doing more 2. Should be doing less 3. Is doing the right amount

When answering, respond ONLY with a single number that corresponds to the option you choose. Do not include any additional text, punctuation or explanation.

My answer is
",1
fake_4726,1,6,5,2,18,2,2,"Today is November 5, 2024. Racially, I am white. Ideologically, I am conservative. Politically, I am an independent who leans Republican. I do not attend church. I am 18 years old. I am a woman. I am somewhat interested in politics.. Question: Do you think the federal government should be doing more about the opioid drug addiction issue, should be doing less, or is it currently doing the right amount?

Answer choices:
1. Should be doing more 2. Should be doing less 3. Is doing the right amount

When answering, respond ONLY with a single number that corresponds to the option you choose. Do not include any additional text, punctuation or explanation.

My answer is
",1
fake_4727,1,5,1,1,60,1,2,"Today is November 5, 2024. Racially, I am white. Ideologically, I am slightly conservative. Politically, I am a strong democrat. I attend church. I am 60 years old. I am a man. I am somewhat interested in politics.. Question: Do you think the federal government should be doing more about the opioid drug addiction issue, should be doing less, or is it currently doing the right amount?

Answer choices:
1. Should be doing more 2. Should be doing less 3. Is doing the right amount

When answering, respond ONLY with a single number that corresponds to the option you choose. Do not include any additional text, punctuation or explanation.

My answer is
",1
fake_4728,1,2,7,1,39,2,1,"Today is November 5, 2024. Racially, I am white. Ideologically, I am liberal. Politically, I am a strong Republican. I attend church. I am 39 years old. I am a woman. I am very interested in politics.. Question: Do you think the federal government should be doing more about the opioid drug addiction issue, should be doing less, or is it currently doing the right amount?

Answer choices:
1. Should be doing more 2. Should be doing less 3. Is doing the right amount

When answering, respond ONLY with a single number that corresponds to the option you choose. Do not include any additional text, punctuation or explanation.

My answer is
",1
fake_4729,1,1,4,1,73,1,2,"Today is November 5, 2024. Racially, I am white. Ideologically, I am extremely liberal. Politically, I am an independent. I attend church. I am 73 years old. I am a man. I am somewhat interested in politics.. Question: Do you think the federal government should be doing more about the opioid drug addiction issue, should be doing less, or is it currently doing the right amount?

Answer choices:
1. Should be doing more 2. Should be doing less 3. Is doing the right amount

When answering, respond ONLY with a single number that corresponds to the option you choose. Do not include any additional text, punctuation or explanation.

My answer is
",1
fake_4730,1,3,4,2,63,2,-6,"Today is November 5, 2024. Racially, I am white. Ideologically, I am slightly liberal. Politically, I am an independent. I do not attend church. I am 63 years old. I am a woman.. Question: Do you think the federal government should be doing more about the opioid drug addiction issue, should be doing less, or is it currently doing the right amount?

Answer choices:
1. Should be doing more 2. Should be doing less 3. Is doing the right amount

When answering, respond ONLY with a single number that corresponds to the option you choose. Do not include any additional text, punctuation or explanation.

My answer is
",1
fake_4731,1,4,7,2,31,1,2,"Today is November 5, 2024. Racially, I am white. Ideologically, I am moderate. Politically, I am a strong Republican. I do not attend church. I am 31 years old. I am a man. I am somewhat interested in politics.. Question: Do you think the federal government should be doing more about the opioid drug addiction issue, should be doing less, or is it currently doing the right amount?

Answer choices:
1. Should be doing more 2. Should be doing less 3. Is doing the right amount

When answering, respond ONLY with a single number that corresponds to the option you choose. Do not include any additional text, punctuation or explanation.

My answer is
",1
fake_4732,3,1,5,1,57,1,2,"Today is November 5, 2024. Racially, I am hispanic. Ideologically, I am extremely liberal. Politically, I am an independent who leans Republican. I attend church. I am 57 years old. I am a man. I am somewhat interested in politics.. Question: Do you think the federal government should be doing more about the opioid drug addiction issue, should be doing less, or is it currently doing the right amount?

Answer choices:
1. Should be doing more 2. Should be doing less 3. Is doing the right amount

When answering, respond ONLY with a single number that corresponds to the option you choose. Do not include any additional text, punctuation or explanation.

My answer is
",1
fake_4733,1,3,1,2,37,1,-6,"Today is November 5, 2024. Racially, I am white. Ideologically, I am slightly liberal. Politically, I am a strong democrat. I do not attend church. I am 37 years old. I am a man.. Question: Do you think the federal government should be doing more about the opioid drug addiction issue, should be doing less, or is it currently doing the right amount?

Answer choices:
1. Should be doing more 2. Should be doing less 3. Is doing the right amount

When answering, respond ONLY with a single number that corresponds to the option you choose. Do not include any additional text, punctuation or explanation.

My answer is
",1
fake_4734,4,2,1,1,66,2,2,"Today is November 5, 2024. Racially, I am asian. Ideologically, I am liberal. Politically, I am a strong democrat. I attend church. I am 66 years old. I am a woman. I am somewhat interested in politics.. Question: Do you think the federal government should be doing more about the opioid drug addiction issue, should be doing less, or is it currently doing the right amount?

Answer choices:
1. Should be doing more 2. Should be doing less 3. Is doing the right amount

When answering, respond ONLY with a single number that corresponds to the option you choose. Do not include any additional text, punctuation or explanation.

My answer is
",1
fake_4735,1,6,1,1,41,1,2,"Today is November 5, 2024. Racially, I am white. Ideologically, I am conservative. Politically, I am a strong democrat. I attend church. I am 41 years old. I am a man. I am somewhat interested in politics.. Question: Do you think the federal government should be doing more about the opioid drug addiction issue, should be doing less, or is it currently doing the right amount?

Answer choices:
1. Should be doing more 2. Should be doing less 3. Is doing the right amount

When answering, respond ONLY with a single number that corresponds to the option you choose. Do not include any additional text, punctuation or explanation.

My answer is
",1
fake_4736,1,99,5,2,63,1,2,"Today is November 5, 2024. Racially, I am white. Politically, I am an independent who leans Republican. I do not attend church. I am 63 years old. I am a man. I am somewhat interested in politics.. Question: Do you think the federal government should be doing more about the opioid drug addiction issue, should be doing less, or is it currently doing the right amount?

Answer choices:
1. Should be doing more 2. Should be doing less 3. Is doing the right amount

When answering, respond ONLY with a single number that corresponds to the option you choose. Do not include any additional text, punctuation or explanation.

My answer is
",1
fake_4737,1,3,2,1,67,1,3,"Today is November 5, 2024. Racially, I am white. Ideologically, I am slightly liberal. Politically, I am a weak Democrat. I attend church. I am 67 years old. I am a man. I am not very interested in politics.. Question: Do you think the federal government should be doing more about the opioid drug addiction issue, should be doing less, or is it currently doing the right amount?

Answer choices:
1. Should be doing more 2. Should be doing less 3. Is doing the right amount

When answering, respond ONLY with a single number that corresponds to the option you choose. Do not include any additional text, punctuation or explanation.

My answer is
",1
fake_4738,1,4,6,2,36,2,1,"Today is November 5, 2024. Racially, I am white. Ideologically, I am moderate. Politically, I am a weak Republican. I do not attend church. I am 36 years old. I am a woman. I am very interested in politics.. Question: Do you think the federal government should be doing more about the opioid drug addiction issue, should be doing less, or is it currently doing the right amount?

Answer choices:
1. Should be doing more 2. Should be doing less 3. Is doing the right amount

When answering, respond ONLY with a single number that corresponds to the option you choose. Do not include any additional text, punctuation or explanation.

My answer is
",1
fake_4739,1,6,5,1,42,-9,1,"Today is November 5, 2024. Racially, I am white. Ideologically, I am conservative. Politically, I am an independent who leans Republican. I attend church. I am 42 years old. I am very interested in politics.. Question: Do you think the federal government should be doing more about the opioid drug addiction issue, should be doing less, or is it currently doing the right amount?

Answer choices:
1. Should be doing more 2. Should be doing less 3. Is doing the right amount

When answering, respond ONLY with a single number that corresponds to the option you choose. Do not include any additional text, punctuation or explanation.

My answer is
",1
fake_4740,1,5,5,1,32,2,1,"Today is November 5, 2024. Racially, I am white. Ideologically, I am slightly conservative. Politically, I am an independent who leans Republican. I attend church. I am 32 years old. I am a woman. I am very interested in politics.. Question: Do you think the federal government should be doing more about the opioid drug addiction issue, should be doing less, or is it currently doing the right amount?

Answer choices:
1. Should be doing more 2. Should be doing less 3. Is doing the right amount

When answering, respond ONLY with a single number that corresponds to the option you choose. Do not include any additional text, punctuation or explanation.

My answer is
",1
fake_4741,1,2,5,1,42,1,4,"Today is November 5, 2024. Racially, I am white. Ideologically, I am liberal. Politically, I am an independent who leans Republican. I attend church. I am 42 years old. I am a man. I am not at all interested in politics.. Question: Do you think the federal government should be doing more about the opioid drug addiction issue, should be doing less, or is it currently doing the right amount?

Answer choices:
1. Should be doing more 2. Should be doing less 3. Is doing the right amount

When answering, respond ONLY with a single number that corresponds to the option you choose. Do not include any additional text, punctuation or explanation.

My answer is
",1
fake_4742,1,4,6,1,68,2,-6,"Today is November 5, 2024. Racially, I am white. Ideologically, I am moderate. Politically, I am a weak Republican. I attend church. I am 68 years old. I am a woman.. Question: Do you think the federal government should be doing more about the opioid drug addiction issue, should be doing less, or is it currently doing the right amount?

Answer choices:
1. Should be doing more 2. Should be doing less 3. Is doing the right amount

When answering, respond ONLY with a single number that corresponds to the option you choose. Do not include any additional text, punctuation or explanation.

My answer is
",1
fake_4743,3,6,7,1,64,2,1,"Today is November 5, 2024. Racially, I am hispanic. Ideologically, I am conservative. Politically, I am a strong Republican. I attend church. I am 64 years old. I am a woman. I am very interested in politics.. Question: Do you think the federal government should be doing more about the opioid drug addiction issue, should be doing less, or is it currently doing the right amount?

Answer choices:
1. Should be doing more 2. Should be doing less 3. Is doing the right amount

When answering, respond ONLY with a single number that corresponds to the option you choose. Do not include any additional text, punctuation or explanation.

My answer is
",1
fake_4744,1,4,4,1,56,2,2,"Today is November 5, 2024. Racially, I am white. Ideologically, I am moderate. Politically, I am an independent. I attend church. I am 56 years old. I am a woman. I am somewhat interested in politics.. Question: Do you think the federal government should be doing more about the opioid drug addiction issue, should be doing less, or is it currently doing the right amount?

Answer choices:
1. Should be doing more 2. Should be doing less 3. Is doing the right amount

When answering, respond ONLY with a single number that corresponds to the option you choose. Do not include any additional text, punctuation or explanation.

My answer is
",1
fake_4745,1,2,1,-1,-2,2,3,"Today is November 5, 2024. Racially, I am white. Ideologically, I am liberal. Politically, I am a strong democrat. I am a woman. I am not very interested in politics.. Question: Do you think the federal government should be doing more about the opioid drug addiction issue, should be doing less, or is it currently doing the right amount?

Answer choices:
1. Should be doing more 2. Should be doing less 3. Is doing the right amount

When answering, respond ONLY with a single number that corresponds to the option you choose. Do not include any additional text, punctuation or explanation.

My answer is
",1
fake_4746,6,4,7,2,71,1,1,"Today is November 5, 2024. Ideologically, I am moderate. Politically, I am a strong Republican. I do not attend church. I am 71 years old. I am a man. I am very interested in politics.. Question: Do you think the federal government should be doing more about the opioid drug addiction issue, should be doing less, or is it currently doing the right amount?

Answer choices:
1. Should be doing more 2. Should be doing less 3. Is doing the right amount

When answering, respond ONLY with a single number that corresponds to the option you choose. Do not include any additional text, punctuation or explanation.

My answer is
",1
fake_4747,1,4,7,1,41,1,3,"Today is November 5, 2024. Racially, I am white. Ideologically, I am moderate. Politically, I am a strong Republican. I attend church. I am 41 years old. I am a man. I am not very interested in politics.. Question: Do you think the federal government should be doing more about the opioid drug addiction issue, should be doing less, or is it currently doing the right amount?

Answer choices:
1. Should be doing more 2. Should be doing less 3. Is doing the right amount

When answering, respond ONLY with a single number that corresponds to the option you choose. Do not include any additional text, punctuation or explanation.

My answer is
",1
fake_4748,1,99,4,2,65,2,1,"Today is November 5, 2024. Racially, I am white. Politically, I am an independent. I do not attend church. I am 65 years old. I am a woman. I am very interested in politics.. Question: Do you think the federal government should be doing more about the opioid drug addiction issue, should be doing less, or is it currently doing the right amount?

Answer choices:
1. Should be doing more 2. Should be doing less 3. Is doing the right amount

When answering, respond ONLY with a single number that corresponds to the option you choose. Do not include any additional text, punctuation or explanation.

My answer is
",1
fake_4749,1,3,5,2,73,1,3,"Today is November 5, 2024. Racially, I am white. Ideologically, I am slightly liberal. Politically, I am an independent who leans Republican. I do not attend church. I am 73 years old. I am a man. I am not very interested in politics.. Question: Do you think the federal government should be doing more about the opioid drug addiction issue, should be doing less, or is it currently doing the right amount?

Answer choices:
1. Should be doing more 2. Should be doing less 3. Is doing the right amount

When answering, respond ONLY with a single number that corresponds to the option you choose. Do not include any additional text, punctuation or explanation.

My answer is
",1
fake_4750,1,6,4,2,-2,2,1,"Today is November 5, 2024. Racially, I am white. Ideologically, I am conservative. Politically, I am an independent. I do not attend church. I am a woman. I am very interested in politics.. Question: Do you think the federal government should be doing more about the opioid drug addiction issue, should be doing less, or is it currently doing the right amount?

Answer choices:
1. Should be doing more 2. Should be doing less 3. Is doing the right amount

When answering, respond ONLY with a single number that corresponds to the option you choose. Do not include any additional text, punctuation or explanation.

My answer is
",1
fake_4751,1,99,7,1,64,2,2,"Today is November 5, 2024. Racially, I am white. Politically, I am a strong Republican. I attend church. I am 64 years old. I am a woman. I am somewhat interested in politics.. Question: Do you think the federal government should be doing more about the opioid drug addiction issue, should be doing less, or is it currently doing the right amount?

Answer choices:
1. Should be doing more 2. Should be doing less 3. Is doing the right amount

When answering, respond ONLY with a single number that corresponds to the option you choose. Do not include any additional text, punctuation or explanation.

My answer is
",1
fake_4752,1,6,5,2,40,2,1,"Today is November 5, 2024. Racially, I am white. Ideologically, I am conservative. Politically, I am an independent who leans Republican. I do not attend church. I am 40 years old. I am a woman. I am very interested in politics.. Question: Do you think the federal government should be doing more about the opioid drug addiction issue, should be doing less, or is it currently doing the right amount?

Answer choices:
1. Should be doing more 2. Should be doing less 3. Is doing the right amount

When answering, respond ONLY with a single number that corresponds to the option you choose. Do not include any additional text, punctuation or explanation.

My answer is
",1
fake_4753,1,99,1,1,28,2,2,"Today is November 5, 2024. Racially, I am white. Politically, I am a strong democrat. I attend church. I am 28 years old. I am a woman. I am somewhat interested in politics.. Question: Do you think the federal government should be doing more about the opioid drug addiction issue, should be doing less, or is it currently doing the right amount?

Answer choices:
1. Should be doing more 2. Should be doing less 3. Is doing the right amount

When answering, respond ONLY with a single number that corresponds to the option you choose. Do not include any additional text, punctuation or explanation.

My answer is
",1
fake_4754,6,7,7,1,36,2,4,"Today is November 5, 2024. Ideologically, I am extremely conservative. Politically, I am a strong Republican. I attend church. I am 36 years old. I am a woman. I am not at all interested in politics.. Question: Do you think the federal government should be doing more about the opioid drug addiction issue, should be doing less, or is it currently doing the right amount?

Answer choices:
1. Should be doing more 2. Should be doing less 3. Is doing the right amount

When answering, respond ONLY with a single number that corresponds to the option you choose. Do not include any additional text, punctuation or explanation.

My answer is
",1
fake_4755,1,4,1,2,-2,2,2,"Today is November 5, 2024. Racially, I am white. Ideologically, I am moderate. Politically, I am a strong democrat. I do not attend church. I am a woman. I am somewhat interested in politics.. Question: Do you think the federal government should be doing more about the opioid drug addiction issue, should be doing less, or is it currently doing the right amount?

Answer choices:
1. Should be doing more 2. Should be doing less 3. Is doing the right amount

When answering, respond ONLY with a single number that corresponds to the option you choose. Do not include any additional text, punctuation or explanation.

My answer is
",1
fake_4756,3,99,7,1,74,2,1,"Today is November 5, 2024. Racially, I am hispanic. Politically, I am a strong Republican. I attend church. I am 74 years old. I am a woman. I am very interested in politics.. Question: Do you think the federal government should be doing more about the opioid drug addiction issue, should be doing less, or is it currently doing the right amount?

Answer choices:
1. Should be doing more 2. Should be doing less 3. Is doing the right amount

When answering, respond ONLY with a single number that corresponds to the option you choose. Do not include any additional text, punctuation or explanation.

My answer is
",1
fake_4757,1,6,2,2,55,2,2,"Today is November 5, 2024. Racially, I am white. Ideologically, I am conservative. Politically, I am a weak Democrat. I do not attend church. I am 55 years old. I am a woman. I am somewhat interested in politics.. Question: Do you think the federal government should be doing more about the opioid drug addiction issue, should be doing less, or is it currently doing the right amount?

Answer choices:
1. Should be doing more 2. Should be doing less 3. Is doing the right amount

When answering, respond ONLY with a single number that corresponds to the option you choose. Do not include any additional text, punctuation or explanation.

My answer is
",1
fake_4758,1,99,3,2,67,1,1,"Today is November 5, 2024. Racially, I am white. Politically, I am an independent who leans Democratic. I do not attend church. I am 67 years old. I am a man. I am very interested in politics.. Question: Do you think the federal government should be doing more about the opioid drug addiction issue, should be doing less, or is it currently doing the right amount?

Answer choices:
1. Should be doing more 2. Should be doing less 3. Is doing the right amount

When answering, respond ONLY with a single number that corresponds to the option you choose. Do not include any additional text, punctuation or explanation.

My answer is
",1
fake_4759,3,6,7,1,44,2,2,"Today is November 5, 2024. Racially, I am hispanic. Ideologically, I am conservative. Politically, I am a strong Republican. I attend church. I am 44 years old. I am a woman. I am somewhat interested in politics.. Question: Do you think the federal government should be doing more about the opioid drug addiction issue, should be doing less, or is it currently doing the right amount?

Answer choices:
1. Should be doing more 2. Should be doing less 3. Is doing the right amount

When answering, respond ONLY with a single number that corresponds to the option you choose. Do not include any additional text, punctuation or explanation.

My answer is
",1
fake_4760,1,-4,5,2,31,2,-6,"Today is November 5, 2024. Racially, I am white. Politically, I am an independent who leans Republican. I do not attend church. I am 31 years old. I am a woman.. Question: Do you think the federal government should be doing more about the opioid drug addiction issue, should be doing less, or is it currently doing the right amount?

Answer choices:
1. Should be doing more 2. Should be doing less 3. Is doing the right amount

When answering, respond ONLY with a single number that corresponds to the option you choose. Do not include any additional text, punctuation or explanation.

My answer is
",1
fake_4761,1,2,5,1,49,2,1,"Today is November 5, 2024. Racially, I am white. Ideologically, I am liberal. Politically, I am an independent who leans Republican. I attend church. I am 49 years old. I am a woman. I am very interested in politics.. Question: Do you think the federal government should be doing more about the opioid drug addiction issue, should be doing less, or is it currently doing the right amount?

Answer choices:
1. Should be doing more 2. Should be doing less 3. Is doing the right amount

When answering, respond ONLY with a single number that corresponds to the option you choose. Do not include any additional text, punctuation or explanation.

My answer is
",1
fake_4762,3,2,5,1,63,2,2,"Today is November 5, 2024. Racially, I am hispanic. Ideologically, I am liberal. Politically, I am an independent who leans Republican. I attend church. I am 63 years old. I am a woman. I am somewhat interested in politics.. Question: Do you think the federal government should be doing more about the opioid drug addiction issue, should be doing less, or is it currently doing the right amount?

Answer choices:
1. Should be doing more 2. Should be doing less 3. Is doing the right amount

When answering, respond ONLY with a single number that corresponds to the option you choose. Do not include any additional text, punctuation or explanation.

My answer is
",1
fake_4763,2,6,5,1,35,1,2,"Today is November 5, 2024. Racially, I am black. Ideologically, I am conservative. Politically, I am an independent who leans Republican. I attend church. I am 35 years old. I am a man. I am somewhat interested in politics.. Question: Do you think the federal government should be doing more about the opioid drug addiction issue, should be doing less, or is it currently doing the right amount?

Answer choices:
1. Should be doing more 2. Should be doing less 3. Is doing the right amount

When answering, respond ONLY with a single number that corresponds to the option you choose. Do not include any additional text, punctuation or explanation.

My answer is
",1
fake_4764,1,4,3,2,35,1,2,"Today is November 5, 2024. Racially, I am white. Ideologically, I am moderate. Politically, I am an independent who leans Democratic. I do not attend church. I am 35 years old. I am a man. I am somewhat interested in politics.. Question: Do you think the federal government should be doing more about the opioid drug addiction issue, should be doing less, or is it currently doing the right amount?

Answer choices:
1. Should be doing more 2. Should be doing less 3. Is doing the right amount

When answering, respond ONLY with a single number that corresponds to the option you choose. Do not include any additional text, punctuation or explanation.

My answer is
",1
fake_4765,1,2,7,2,67,2,1,"Today is November 5, 2024. Racially, I am white. Ideologically, I am liberal. Politically, I am a strong Republican. I do not attend church. I am 67 years old. I am a woman. I am very interested in politics.. Question: Do you think the federal government should be doing more about the opioid drug addiction issue, should be doing less, or is it currently doing the right amount?

Answer choices:
1. Should be doing more 2. Should be doing less 3. Is doing the right amount

When answering, respond ONLY with a single number that corresponds to the option you choose. Do not include any additional text, punctuation or explanation.

My answer is
",1
fake_4766,1,3,7,1,19,1,2,"Today is November 5, 2024. Racially, I am white. Ideologically, I am slightly liberal. Politically, I am a strong Republican. I attend church. I am 19 years old. I am a man. I am somewhat interested in politics.. Question: Do you think the federal government should be doing more about the opioid drug addiction issue, should be doing less, or is it currently doing the right amount?

Answer choices:
1. Should be doing more 2. Should be doing less 3. Is doing the right amount

When answering, respond ONLY with a single number that corresponds to the option you choose. Do not include any additional text, punctuation or explanation.

My answer is
",1
fake_4767,2,4,5,1,77,1,3,"Today is November 5, 2024. Racially, I am black. Ideologically, I am moderate. Politically, I am an independent who leans Republican. I attend church. I am 77 years old. I am a man. I am not very interested in politics.. Question: Do you think the federal government should be doing more about the opioid drug addiction issue, should be doing less, or is it currently doing the right amount?

Answer choices:
1. Should be doing more 2. Should be doing less 3. Is doing the right amount

When answering, respond ONLY with a single number that corresponds to the option you choose. Do not include any additional text, punctuation or explanation.

My answer is
",1
fake_4768,6,5,7,1,36,2,2,"Today is November 5, 2024. Ideologically, I am slightly conservative. Politically, I am a strong Republican. I attend church. I am 36 years old. I am a woman. I am somewhat interested in politics.. Question: Do you think the federal government should be doing more about the opioid drug addiction issue, should be doing less, or is it currently doing the right amount?

Answer choices:
1. Should be doing more 2. Should be doing less 3. Is doing the right amount

When answering, respond ONLY with a single number that corresponds to the option you choose. Do not include any additional text, punctuation or explanation.

My answer is
",1
fake_4769,1,6,3,1,68,2,2,"Today is November 5, 2024. Racially, I am white. Ideologically, I am conservative. Politically, I am an independent who leans Democratic. I attend church. I am 68 years old. I am a woman. I am somewhat interested in politics.. Question: Do you think the federal government should be doing more about the opioid drug addiction issue, should be doing less, or is it currently doing the right amount?

Answer choices:
1. Should be doing more 2. Should be doing less 3. Is doing the right amount

When answering, respond ONLY with a single number that corresponds to the option you choose. Do not include any additional text, punctuation or explanation.

My answer is
",1
fake_4770,1,6,5,1,26,2,2,"Today is November 5, 2024. Racially, I am white. Ideologically, I am conservative. Politically, I am an independent who leans Republican. I attend church. I am 26 years old. I am a woman. I am somewhat interested in politics.. Question: Do you think the federal government should be doing more about the opioid drug addiction issue, should be doing less, or is it currently doing the right amount?

Answer choices:
1. Should be doing more 2. Should be doing less 3. Is doing the right amount

When answering, respond ONLY with a single number that corresponds to the option you choose. Do not include any additional text, punctuation or explanation.

My answer is
",1
fake_4771,1,6,1,2,79,1,-6,"Today is November 5, 2024. Racially, I am white. Ideologically, I am conservative. Politically, I am a strong democrat. I do not attend church. I am 79 years old. I am a man.. Question: Do you think the federal government should be doing more about the opioid drug addiction issue, should be doing less, or is it currently doing the right amount?

Answer choices:
1. Should be doing more 2. Should be doing less 3. Is doing the right amount

When answering, respond ONLY with a single number that corresponds to the option you choose. Do not include any additional text, punctuation or explanation.

My answer is
",1
fake_4772,1,4,1,2,42,1,-6,"Today is November 5, 2024. Racially, I am white. Ideologically, I am moderate. Politically, I am a strong democrat. I do not attend church. I am 42 years old. I am a man.. Question: Do you think the federal government should be doing more about the opioid drug addiction issue, should be doing less, or is it currently doing the right amount?

Answer choices:
1. Should be doing more 2. Should be doing less 3. Is doing the right amount

When answering, respond ONLY with a single number that corresponds to the option you choose. Do not include any additional text, punctuation or explanation.

My answer is
",1
fake_4773,1,-9,6,1,53,1,2,"Today is November 5, 2024. Racially, I am white. Politically, I am a weak Republican. I attend church. I am 53 years old. I am a man. I am somewhat interested in politics.. Question: Do you think the federal government should be doing more about the opioid drug addiction issue, should be doing less, or is it currently doing the right amount?

Answer choices:
1. Should be doing more 2. Should be doing less 3. Is doing the right amount

When answering, respond ONLY with a single number that corresponds to the option you choose. Do not include any additional text, punctuation or explanation.

My answer is
",1
fake_4774,1,6,4,1,55,2,3,"Today is November 5, 2024. Racially, I am white. Ideologically, I am conservative. Politically, I am an independent. I attend church. I am 55 years old. I am a woman. I am not very interested in politics.. Question: Do you think the federal government should be doing more about the opioid drug addiction issue, should be doing less, or is it currently doing the right amount?

Answer choices:
1. Should be doing more 2. Should be doing less 3. Is doing the right amount

When answering, respond ONLY with a single number that corresponds to the option you choose. Do not include any additional text, punctuation or explanation.

My answer is
",1
fake_4775,1,3,7,2,78,2,4,"Today is November 5, 2024. Racially, I am white. Ideologically, I am slightly liberal. Politically, I am a strong Republican. I do not attend church. I am 78 years old. I am a woman. I am not at all interested in politics.. Question: Do you think the federal government should be doing more about the opioid drug addiction issue, should be doing less, or is it currently doing the right amount?

Answer choices:
1. Should be doing more 2. Should be doing less 3. Is doing the right amount

When answering, respond ONLY with a single number that corresponds to the option you choose. Do not include any additional text, punctuation or explanation.

My answer is
",1
fake_4776,1,6,6,1,43,2,3,"Today is November 5, 2024. Racially, I am white. Ideologically, I am conservative. Politically, I am a weak Republican. I attend church. I am 43 years old. I am a woman. I am not very interested in politics.. Question: Do you think the federal government should be doing more about the opioid drug addiction issue, should be doing less, or is it currently doing the right amount?

Answer choices:
1. Should be doing more 2. Should be doing less 3. Is doing the right amount

When answering, respond ONLY with a single number that corresponds to the option you choose. Do not include any additional text, punctuation or explanation.

My answer is
",1
fake_4777,1,6,2,2,39,1,4,"Today is November 5, 2024. Racially, I am white. Ideologically, I am conservative. Politically, I am a weak Democrat. I do not attend church. I am 39 years old. I am a man. I am not at all interested in politics.. Question: Do you think the federal government should be doing more about the opioid drug addiction issue, should be doing less, or is it currently doing the right amount?

Answer choices:
1. Should be doing more 2. Should be doing less 3. Is doing the right amount

When answering, respond ONLY with a single number that corresponds to the option you choose. Do not include any additional text, punctuation or explanation.

My answer is
",1
fake_4778,1,5,4,-1,78,2,-7,"Today is November 5, 2024. Racially, I am white. Ideologically, I am slightly conservative. Politically, I am an independent. I am 78 years old. I am a woman.. Question: Do you think the federal government should be doing more about the opioid drug addiction issue, should be doing less, or is it currently doing the right amount?

Answer choices:
1. Should be doing more 2. Should be doing less 3. Is doing the right amount

When answering, respond ONLY with a single number that corresponds to the option you choose. Do not include any additional text, punctuation or explanation.

My answer is
",1
fake_4779,1,2,3,2,53,1,2,"Today is November 5, 2024. Racially, I am white. Ideologically, I am liberal. Politically, I am an independent who leans Democratic. I do not attend church. I am 53 years old. I am a man. I am somewhat interested in politics.. Question: Do you think the federal government should be doing more about the opioid drug addiction issue, should be doing less, or is it currently doing the right amount?

Answer choices:
1. Should be doing more 2. Should be doing less 3. Is doing the right amount

When answering, respond ONLY with a single number that corresponds to the option you choose. Do not include any additional text, punctuation or explanation.

My answer is
",1
fake_4780,2,4,1,2,30,2,1,"Today is November 5, 2024. Racially, I am black. Ideologically, I am moderate. Politically, I am a strong democrat. I do not attend church. I am 30 years old. I am a woman. I am very interested in politics.. Question: Do you think the federal government should be doing more about the opioid drug addiction issue, should be doing less, or is it currently doing the right amount?

Answer choices:
1. Should be doing more 2. Should be doing less 3. Is doing the right amount

When answering, respond ONLY with a single number that corresponds to the option you choose. Do not include any additional text, punctuation or explanation.

My answer is
",1
fake_4781,1,99,3,2,39,2,2,"Today is November 5, 2024. Racially, I am white. Politically, I am an independent who leans Democratic. I do not attend church. I am 39 years old. I am a woman. I am somewhat interested in politics.. Question: Do you think the federal government should be doing more about the opioid drug addiction issue, should be doing less, or is it currently doing the right amount?

Answer choices:
1. Should be doing more 2. Should be doing less 3. Is doing the right amount

When answering, respond ONLY with a single number that corresponds to the option you choose. Do not include any additional text, punctuation or explanation.

My answer is
",1
fake_4782,2,5,5,1,68,1,1,"Today is November 5, 2024. Racially, I am black. Ideologically, I am slightly conservative. Politically, I am an independent who leans Republican. I attend church. I am 68 years old. I am a man. I am very interested in politics.. Question: Do you think the federal government should be doing more about the opioid drug addiction issue, should be doing less, or is it currently doing the right amount?

Answer choices:
1. Should be doing more 2. Should be doing less 3. Is doing the right amount

When answering, respond ONLY with a single number that corresponds to the option you choose. Do not include any additional text, punctuation or explanation.

My answer is
",1
fake_4783,1,6,7,2,61,2,2,"Today is November 5, 2024. Racially, I am white. Ideologically, I am conservative. Politically, I am a strong Republican. I do not attend church. I am 61 years old. I am a woman. I am somewhat interested in politics.. Question: Do you think the federal government should be doing more about the opioid drug addiction issue, should be doing less, or is it currently doing the right amount?

Answer choices:
1. Should be doing more 2. Should be doing less 3. Is doing the right amount

When answering, respond ONLY with a single number that corresponds to the option you choose. Do not include any additional text, punctuation or explanation.

My answer is
",1
fake_4784,1,3,7,1,27,1,2,"Today is November 5, 2024. Racially, I am white. Ideologically, I am slightly liberal. Politically, I am a strong Republican. I attend church. I am 27 years old. I am a man. I am somewhat interested in politics.. Question: Do you think the federal government should be doing more about the opioid drug addiction issue, should be doing less, or is it currently doing the right amount?

Answer choices:
1. Should be doing more 2. Should be doing less 3. Is doing the right amount

When answering, respond ONLY with a single number that corresponds to the option you choose. Do not include any additional text, punctuation or explanation.

My answer is
",1
fake_4785,4,2,1,1,55,1,4,"Today is November 5, 2024. Racially, I am asian. Ideologically, I am liberal. Politically, I am a strong democrat. I attend church. I am 55 years old. I am a man. I am not at all interested in politics.. Question: Do you think the federal government should be doing more about the opioid drug addiction issue, should be doing less, or is it currently doing the right amount?

Answer choices:
1. Should be doing more 2. Should be doing less 3. Is doing the right amount

When answering, respond ONLY with a single number that corresponds to the option you choose. Do not include any additional text, punctuation or explanation.

My answer is
",1
fake_4786,1,5,7,1,30,2,3,"Today is November 5, 2024. Racially, I am white. Ideologically, I am slightly conservative. Politically, I am a strong Republican. I attend church. I am 30 years old. I am a woman. I am not very interested in politics.. Question: Do you think the federal government should be doing more about the opioid drug addiction issue, should be doing less, or is it currently doing the right amount?

Answer choices:
1. Should be doing more 2. Should be doing less 3. Is doing the right amount

When answering, respond ONLY with a single number that corresponds to the option you choose. Do not include any additional text, punctuation or explanation.

My answer is
",1
fake_4787,1,6,7,2,56,2,1,"Today is November 5, 2024. Racially, I am white. Ideologically, I am conservative. Politically, I am a strong Republican. I do not attend church. I am 56 years old. I am a woman. I am very interested in politics.. Question: Do you think the federal government should be doing more about the opioid drug addiction issue, should be doing less, or is it currently doing the right amount?

Answer choices:
1. Should be doing more 2. Should be doing less 3. Is doing the right amount

When answering, respond ONLY with a single number that corresponds to the option you choose. Do not include any additional text, punctuation or explanation.

My answer is
",1
fake_4788,6,6,5,2,55,2,2,"Today is November 5, 2024. Ideologically, I am conservative. Politically, I am an independent who leans Republican. I do not attend church. I am 55 years old. I am a woman. I am somewhat interested in politics.. Question: Do you think the federal government should be doing more about the opioid drug addiction issue, should be doing less, or is it currently doing the right amount?

Answer choices:
1. Should be doing more 2. Should be doing less 3. Is doing the right amount

When answering, respond ONLY with a single number that corresponds to the option you choose. Do not include any additional text, punctuation or explanation.

My answer is
",1
fake_4789,1,1,7,1,25,2,3,"Today is November 5, 2024. Racially, I am white. Ideologically, I am extremely liberal. Politically, I am a strong Republican. I attend church. I am 25 years old. I am a woman. I am not very interested in politics.. Question: Do you think the federal government should be doing more about the opioid drug addiction issue, should be doing less, or is it currently doing the right amount?

Answer choices:
1. Should be doing more 2. Should be doing less 3. Is doing the right amount

When answering, respond ONLY with a single number that corresponds to the option you choose. Do not include any additional text, punctuation or explanation.

My answer is
",1
fake_4790,1,5,1,1,-2,1,4,"Today is November 5, 2024. Racially, I am white. Ideologically, I am slightly conservative. Politically, I am a strong democrat. I attend church. I am a man. I am not at all interested in politics.. Question: Do you think the federal government should be doing more about the opioid drug addiction issue, should be doing less, or is it currently doing the right amount?

Answer choices:
1. Should be doing more 2. Should be doing less 3. Is doing the right amount

When answering, respond ONLY with a single number that corresponds to the option you choose. Do not include any additional text, punctuation or explanation.

My answer is
",1
fake_4791,1,2,1,1,72,1,2,"Today is November 5, 2024. Racially, I am white. Ideologically, I am liberal. Politically, I am a strong democrat. I attend church. I am 72 years old. I am a man. I am somewhat interested in politics.. Question: Do you think the federal government should be doing more about the opioid drug addiction issue, should be doing less, or is it currently doing the right amount?

Answer choices:
1. Should be doing more 2. Should be doing less 3. Is doing the right amount

When answering, respond ONLY with a single number that corresponds to the option you choose. Do not include any additional text, punctuation or explanation.

My answer is
",1
fake_4792,3,5,7,1,24,1,1,"Today is November 5, 2024. Racially, I am hispanic. Ideologically, I am slightly conservative. Politically, I am a strong Republican. I attend church. I am 24 years old. I am a man. I am very interested in politics.. Question: Do you think the federal government should be doing more about the opioid drug addiction issue, should be doing less, or is it currently doing the right amount?

Answer choices:
1. Should be doing more 2. Should be doing less 3. Is doing the right amount

When answering, respond ONLY with a single number that corresponds to the option you choose. Do not include any additional text, punctuation or explanation.

My answer is
",1
fake_4793,1,5,1,-1,41,2,2,"Today is November 5, 2024. Racially, I am white. Ideologically, I am slightly conservative. Politically, I am a strong democrat. I am 41 years old. I am a woman. I am somewhat interested in politics.. Question: Do you think the federal government should be doing more about the opioid drug addiction issue, should be doing less, or is it currently doing the right amount?

Answer choices:
1. Should be doing more 2. Should be doing less 3. Is doing the right amount

When answering, respond ONLY with a single number that corresponds to the option you choose. Do not include any additional text, punctuation or explanation.

My answer is
",1
fake_4794,1,2,7,2,30,2,1,"Today is November 5, 2024. Racially, I am white. Ideologically, I am liberal. Politically, I am a strong Republican. I do not attend church. I am 30 years old. I am a woman. I am very interested in politics.. Question: Do you think the federal government should be doing more about the opioid drug addiction issue, should be doing less, or is it currently doing the right amount?

Answer choices:
1. Should be doing more 2. Should be doing less 3. Is doing the right amount

When answering, respond ONLY with a single number that corresponds to the option you choose. Do not include any additional text, punctuation or explanation.

My answer is
",1
fake_4795,1,99,-8,2,74,1,2,"Today is November 5, 2024. Racially, I am white. I do not attend church. I am 74 years old. I am a man. I am somewhat interested in politics.. Question: Do you think the federal government should be doing more about the opioid drug addiction issue, should be doing less, or is it currently doing the right amount?

Answer choices:
1. Should be doing more 2. Should be doing less 3. Is doing the right amount

When answering, respond ONLY with a single number that corresponds to the option you choose. Do not include any additional text, punctuation or explanation.

My answer is
",1
fake_4796,1,-4,5,1,53,1,2,"Today is November 5, 2024. Racially, I am white. Politically, I am an independent who leans Republican. I attend church. I am 53 years old. I am a man. I am somewhat interested in politics.. Question: Do you think the federal government should be doing more about the opioid drug addiction issue, should be doing less, or is it currently doing the right amount?

Answer choices:
1. Should be doing more 2. Should be doing less 3. Is doing the right amount

When answering, respond ONLY with a single number that corresponds to the option you choose. Do not include any additional text, punctuation or explanation.

My answer is
",1
fake_4797,1,3,1,-1,64,2,-6,"Today is November 5, 2024. Racially, I am white. Ideologically, I am slightly liberal. Politically, I am a strong democrat. I am 64 years old. I am a woman.. Question: Do you think the federal government should be doing more about the opioid drug addiction issue, should be doing less, or is it currently doing the right amount?

Answer choices:
1. Should be doing more 2. Should be doing less 3. Is doing the right amount

When answering, respond ONLY with a single number that corresponds to the option you choose. Do not include any additional text, punctuation or explanation.

My answer is
",1
fake_4798,1,6,7,1,44,1,2,"Today is November 5, 2024. Racially, I am white. Ideologically, I am conservative. Politically, I am a strong Republican. I attend church. I am 44 years old. I am a man. I am somewhat interested in politics.. Question: Do you think the federal government should be doing more about the opioid drug addiction issue, should be doing less, or is it currently doing the right amount?

Answer choices:
1. Should be doing more 2. Should be doing less 3. Is doing the right amount

When answering, respond ONLY with a single number that corresponds to the option you choose. Do not include any additional text, punctuation or explanation.

My answer is
",1
fake_4799,1,3,1,1,58,1,-6,"Today is November 5, 2024. Racially, I am white. Ideologically, I am slightly liberal. Politically, I am a strong democrat. I attend church. I am 58 years old. I am a man.. Question: Do you think the federal government should be doing more about the opioid drug addiction issue, should be doing less, or is it currently doing the right amount?

Answer choices:
1. Should be doing more 2. Should be doing less 3. Is doing the right amount

When answering, respond ONLY with a single number that corresponds to the option you choose. Do not include any additional text, punctuation or explanation.

My answer is
",1
fake_4800,1,6,5,-1,49,1,3,"Today is November 5, 2024. Racially, I am white. Ideologically, I am conservative. Politically, I am an independent who leans Republican. I am 49 years old. I am a man. I am not very interested in politics.. Question: Do you think the federal government should be doing more about the opioid drug addiction issue, should be doing less, or is it currently doing the right amount?

Answer choices:
1. Should be doing more 2. Should be doing less 3. Is doing the right amount

When answering, respond ONLY with a single number that corresponds to the option you choose. Do not include any additional text, punctuation or explanation.

My answer is
",1
fake_4801,1,4,4,1,58,1,1,"Today is November 5, 2024. Racially, I am white. Ideologically, I am moderate. Politically, I am an independent. I attend church. I am 58 years old. I am a man. I am very interested in politics.. Question: Do you think the federal government should be doing more about the opioid drug addiction issue, should be doing less, or is it currently doing the right amount?

Answer choices:
1. Should be doing more 2. Should be doing less 3. Is doing the right amount

When answering, respond ONLY with a single number that corresponds to the option you choose. Do not include any additional text, punctuation or explanation.

My answer is
",1
fake_4802,1,99,2,2,32,2,2,"Today is November 5, 2024. Racially, I am white. Politically, I am a weak Democrat. I do not attend church. I am 32 years old. I am a woman. I am somewhat interested in politics.. Question: Do you think the federal government should be doing more about the opioid drug addiction issue, should be doing less, or is it currently doing the right amount?

Answer choices:
1. Should be doing more 2. Should be doing less 3. Is doing the right amount

When answering, respond ONLY with a single number that corresponds to the option you choose. Do not include any additional text, punctuation or explanation.

My answer is
",1
fake_4803,4,6,6,1,60,2,2,"Today is November 5, 2024. Racially, I am asian. Ideologically, I am conservative. Politically, I am a weak Republican. I attend church. I am 60 years old. I am a woman. I am somewhat interested in politics.. Question: Do you think the federal government should be doing more about the opioid drug addiction issue, should be doing less, or is it currently doing the right amount?

Answer choices:
1. Should be doing more 2. Should be doing less 3. Is doing the right amount

When answering, respond ONLY with a single number that corresponds to the option you choose. Do not include any additional text, punctuation or explanation.

My answer is
",1
fake_4804,1,7,3,2,71,1,1,"Today is November 5, 2024. Racially, I am white. Ideologically, I am extremely conservative. Politically, I am an independent who leans Democratic. I do not attend church. I am 71 years old. I am a man. I am very interested in politics.. Question: Do you think the federal government should be doing more about the opioid drug addiction issue, should be doing less, or is it currently doing the right amount?

Answer choices:
1. Should be doing more 2. Should be doing less 3. Is doing the right amount

When answering, respond ONLY with a single number that corresponds to the option you choose. Do not include any additional text, punctuation or explanation.

My answer is
",1
fake_4805,6,4,3,1,39,2,2,"Today is November 5, 2024. Ideologically, I am moderate. Politically, I am an independent who leans Democratic. I attend church. I am 39 years old. I am a woman. I am somewhat interested in politics.. Question: Do you think the federal government should be doing more about the opioid drug addiction issue, should be doing less, or is it currently doing the right amount?

Answer choices:
1. Should be doing more 2. Should be doing less 3. Is doing the right amount

When answering, respond ONLY with a single number that corresponds to the option you choose. Do not include any additional text, punctuation or explanation.

My answer is
",1
fake_4806,1,6,1,2,51,1,1,"Today is November 5, 2024. Racially, I am white. Ideologically, I am conservative. Politically, I am a strong democrat. I do not attend church. I am 51 years old. I am a man. I am very interested in politics.. Question: Do you think the federal government should be doing more about the opioid drug addiction issue, should be doing less, or is it currently doing the right amount?

Answer choices:
1. Should be doing more 2. Should be doing less 3. Is doing the right amount

When answering, respond ONLY with a single number that corresponds to the option you choose. Do not include any additional text, punctuation or explanation.

My answer is
",1
fake_4807,1,2,2,1,73,2,2,"Today is November 5, 2024. Racially, I am white. Ideologically, I am liberal. Politically, I am a weak Democrat. I attend church. I am 73 years old. I am a woman. I am somewhat interested in politics.. Question: Do you think the federal government should be doing more about the opioid drug addiction issue, should be doing less, or is it currently doing the right amount?

Answer choices:
1. Should be doing more 2. Should be doing less 3. Is doing the right amount

When answering, respond ONLY with a single number that corresponds to the option you choose. Do not include any additional text, punctuation or explanation.

My answer is
",1
fake_4808,1,2,7,1,47,2,2,"Today is November 5, 2024. Racially, I am white. Ideologically, I am liberal. Politically, I am a strong Republican. I attend church. I am 47 years old. I am a woman. I am somewhat interested in politics.. Question: Do you think the federal government should be doing more about the opioid drug addiction issue, should be doing less, or is it currently doing the right amount?

Answer choices:
1. Should be doing more 2. Should be doing less 3. Is doing the right amount

When answering, respond ONLY with a single number that corresponds to the option you choose. Do not include any additional text, punctuation or explanation.

My answer is
",1
fake_4809,2,1,4,1,71,2,2,"Today is November 5, 2024. Racially, I am black. Ideologically, I am extremely liberal. Politically, I am an independent. I attend church. I am 71 years old. I am a woman. I am somewhat interested in politics.. Question: Do you think the federal government should be doing more about the opioid drug addiction issue, should be doing less, or is it currently doing the right amount?

Answer choices:
1. Should be doing more 2. Should be doing less 3. Is doing the right amount

When answering, respond ONLY with a single number that corresponds to the option you choose. Do not include any additional text, punctuation or explanation.

My answer is
",1
fake_4810,1,5,2,2,-2,2,2,"Today is November 5, 2024. Racially, I am white. Ideologically, I am slightly conservative. Politically, I am a weak Democrat. I do not attend church. I am a woman. I am somewhat interested in politics.. Question: Do you think the federal government should be doing more about the opioid drug addiction issue, should be doing less, or is it currently doing the right amount?

Answer choices:
1. Should be doing more 2. Should be doing less 3. Is doing the right amount

When answering, respond ONLY with a single number that corresponds to the option you choose. Do not include any additional text, punctuation or explanation.

My answer is
",1
fake_4811,1,2,2,1,60,1,2,"Today is November 5, 2024. Racially, I am white. Ideologically, I am liberal. Politically, I am a weak Democrat. I attend church. I am 60 years old. I am a man. I am somewhat interested in politics.. Question: Do you think the federal government should be doing more about the opioid drug addiction issue, should be doing less, or is it currently doing the right amount?

Answer choices:
1. Should be doing more 2. Should be doing less 3. Is doing the right amount

When answering, respond ONLY with a single number that corresponds to the option you choose. Do not include any additional text, punctuation or explanation.

My answer is
",1
fake_4812,6,2,7,1,43,1,1,"Today is November 5, 2024. Ideologically, I am liberal. Politically, I am a strong Republican. I attend church. I am 43 years old. I am a man. I am very interested in politics.. Question: Do you think the federal government should be doing more about the opioid drug addiction issue, should be doing less, or is it currently doing the right amount?

Answer choices:
1. Should be doing more 2. Should be doing less 3. Is doing the right amount

When answering, respond ONLY with a single number that corresponds to the option you choose. Do not include any additional text, punctuation or explanation.

My answer is
",1
fake_4813,1,4,7,-1,61,2,2,"Today is November 5, 2024. Racially, I am white. Ideologically, I am moderate. Politically, I am a strong Republican. I am 61 years old. I am a woman. I am somewhat interested in politics.. Question: Do you think the federal government should be doing more about the opioid drug addiction issue, should be doing less, or is it currently doing the right amount?

Answer choices:
1. Should be doing more 2. Should be doing less 3. Is doing the right amount

When answering, respond ONLY with a single number that corresponds to the option you choose. Do not include any additional text, punctuation or explanation.

My answer is
",1
fake_4814,2,3,1,1,43,1,4,"Today is November 5, 2024. Racially, I am black. Ideologically, I am slightly liberal. Politically, I am a strong democrat. I attend church. I am 43 years old. I am a man. I am not at all interested in politics.. Question: Do you think the federal government should be doing more about the opioid drug addiction issue, should be doing less, or is it currently doing the right amount?

Answer choices:
1. Should be doing more 2. Should be doing less 3. Is doing the right amount

When answering, respond ONLY with a single number that corresponds to the option you choose. Do not include any additional text, punctuation or explanation.

My answer is
",1
fake_4815,1,99,1,1,71,2,2,"Today is November 5, 2024. Racially, I am white. Politically, I am a strong democrat. I attend church. I am 71 years old. I am a woman. I am somewhat interested in politics.. Question: Do you think the federal government should be doing more about the opioid drug addiction issue, should be doing less, or is it currently doing the right amount?

Answer choices:
1. Should be doing more 2. Should be doing less 3. Is doing the right amount

When answering, respond ONLY with a single number that corresponds to the option you choose. Do not include any additional text, punctuation or explanation.

My answer is
",1
fake_4816,1,1,7,1,45,2,2,"Today is November 5, 2024. Racially, I am white. Ideologically, I am extremely liberal. Politically, I am a strong Republican. I attend church. I am 45 years old. I am a woman. I am somewhat interested in politics.. Question: Do you think the federal government should be doing more about the opioid drug addiction issue, should be doing less, or is it currently doing the right amount?

Answer choices:
1. Should be doing more 2. Should be doing less 3. Is doing the right amount

When answering, respond ONLY with a single number that corresponds to the option you choose. Do not include any additional text, punctuation or explanation.

My answer is
",1
fake_4817,1,5,5,2,64,1,2,"Today is November 5, 2024. Racially, I am white. Ideologically, I am slightly conservative. Politically, I am an independent who leans Republican. I do not attend church. I am 64 years old. I am a man. I am somewhat interested in politics.. Question: Do you think the federal government should be doing more about the opioid drug addiction issue, should be doing less, or is it currently doing the right amount?

Answer choices:
1. Should be doing more 2. Should be doing less 3. Is doing the right amount

When answering, respond ONLY with a single number that corresponds to the option you choose. Do not include any additional text, punctuation or explanation.

My answer is
",1
fake_4818,1,5,5,1,45,2,2,"Today is November 5, 2024. Racially, I am white. Ideologically, I am slightly conservative. Politically, I am an independent who leans Republican. I attend church. I am 45 years old. I am a woman. I am somewhat interested in politics.. Question: Do you think the federal government should be doing more about the opioid drug addiction issue, should be doing less, or is it currently doing the right amount?

Answer choices:
1. Should be doing more 2. Should be doing less 3. Is doing the right amount

When answering, respond ONLY with a single number that corresponds to the option you choose. Do not include any additional text, punctuation or explanation.

My answer is
",1
fake_4819,1,-9,3,1,21,1,2,"Today is November 5, 2024. Racially, I am white. Politically, I am an independent who leans Democratic. I attend church. I am 21 years old. I am a man. I am somewhat interested in politics.. Question: Do you think the federal government should be doing more about the opioid drug addiction issue, should be doing less, or is it currently doing the right amount?

Answer choices:
1. Should be doing more 2. Should be doing less 3. Is doing the right amount

When answering, respond ONLY with a single number that corresponds to the option you choose. Do not include any additional text, punctuation or explanation.

My answer is
",1
fake_4820,1,4,4,1,59,2,4,"Today is November 5, 2024. Racially, I am white. Ideologically, I am moderate. Politically, I am an independent. I attend church. I am 59 years old. I am a woman. I am not at all interested in politics.. Question: Do you think the federal government should be doing more about the opioid drug addiction issue, should be doing less, or is it currently doing the right amount?

Answer choices:
1. Should be doing more 2. Should be doing less 3. Is doing the right amount

When answering, respond ONLY with a single number that corresponds to the option you choose. Do not include any additional text, punctuation or explanation.

My answer is
",1
fake_4821,3,2,6,1,43,2,2,"Today is November 5, 2024. Racially, I am hispanic. Ideologically, I am liberal. Politically, I am a weak Republican. I attend church. I am 43 years old. I am a woman. I am somewhat interested in politics.. Question: Do you think the federal government should be doing more about the opioid drug addiction issue, should be doing less, or is it currently doing the right amount?

Answer choices:
1. Should be doing more 2. Should be doing less 3. Is doing the right amount

When answering, respond ONLY with a single number that corresponds to the option you choose. Do not include any additional text, punctuation or explanation.

My answer is
",1
fake_4822,1,4,1,2,31,1,1,"Today is November 5, 2024. Racially, I am white. Ideologically, I am moderate. Politically, I am a strong democrat. I do not attend church. I am 31 years old. I am a man. I am very interested in politics.. Question: Do you think the federal government should be doing more about the opioid drug addiction issue, should be doing less, or is it currently doing the right amount?

Answer choices:
1. Should be doing more 2. Should be doing less 3. Is doing the right amount

When answering, respond ONLY with a single number that corresponds to the option you choose. Do not include any additional text, punctuation or explanation.

My answer is
",1
fake_4823,2,2,7,2,80,-9,-6,"Today is November 5, 2024. Racially, I am black. Ideologically, I am liberal. Politically, I am a strong Republican. I do not attend church. I am 80 years old.. Question: Do you think the federal government should be doing more about the opioid drug addiction issue, should be doing less, or is it currently doing the right amount?

Answer choices:
1. Should be doing more 2. Should be doing less 3. Is doing the right amount

When answering, respond ONLY with a single number that corresponds to the option you choose. Do not include any additional text, punctuation or explanation.

My answer is
",1
fake_4824,6,99,3,1,63,2,3,"Today is November 5, 2024. Politically, I am an independent who leans Democratic. I attend church. I am 63 years old. I am a woman. I am not very interested in politics.. Question: Do you think the federal government should be doing more about the opioid drug addiction issue, should be doing less, or is it currently doing the right amount?

Answer choices:
1. Should be doing more 2. Should be doing less 3. Is doing the right amount

When answering, respond ONLY with a single number that corresponds to the option you choose. Do not include any additional text, punctuation or explanation.

My answer is
",1
fake_4825,1,4,5,2,41,2,3,"Today is November 5, 2024. Racially, I am white. Ideologically, I am moderate. Politically, I am an independent who leans Republican. I do not attend church. I am 41 years old. I am a woman. I am not very interested in politics.. Question: Do you think the federal government should be doing more about the opioid drug addiction issue, should be doing less, or is it currently doing the right amount?

Answer choices:
1. Should be doing more 2. Should be doing less 3. Is doing the right amount

When answering, respond ONLY with a single number that corresponds to the option you choose. Do not include any additional text, punctuation or explanation.

My answer is
",1
fake_4826,2,7,6,1,53,2,2,"Today is November 5, 2024. Racially, I am black. Ideologically, I am extremely conservative. Politically, I am a weak Republican. I attend church. I am 53 years old. I am a woman. I am somewhat interested in politics.. Question: Do you think the federal government should be doing more about the opioid drug addiction issue, should be doing less, or is it currently doing the right amount?

Answer choices:
1. Should be doing more 2. Should be doing less 3. Is doing the right amount

When answering, respond ONLY with a single number that corresponds to the option you choose. Do not include any additional text, punctuation or explanation.

My answer is
",1
fake_4827,1,-9,5,1,72,1,3,"Today is November 5, 2024. Racially, I am white. Politically, I am an independent who leans Republican. I attend church. I am 72 years old. I am a man. I am not very interested in politics.. Question: Do you think the federal government should be doing more about the opioid drug addiction issue, should be doing less, or is it currently doing the right amount?

Answer choices:
1. Should be doing more 2. Should be doing less 3. Is doing the right amount

When answering, respond ONLY with a single number that corresponds to the option you choose. Do not include any additional text, punctuation or explanation.

My answer is
",1
fake_4828,1,7,1,1,69,2,4,"Today is November 5, 2024. Racially, I am white. Ideologically, I am extremely conservative. Politically, I am a strong democrat. I attend church. I am 69 years old. I am a woman. I am not at all interested in politics.. Question: Do you think the federal government should be doing more about the opioid drug addiction issue, should be doing less, or is it currently doing the right amount?

Answer choices:
1. Should be doing more 2. Should be doing less 3. Is doing the right amount

When answering, respond ONLY with a single number that corresponds to the option you choose. Do not include any additional text, punctuation or explanation.

My answer is
",1
fake_4829,1,4,4,2,62,1,2,"Today is November 5, 2024. Racially, I am white. Ideologically, I am moderate. Politically, I am an independent. I do not attend church. I am 62 years old. I am a man. I am somewhat interested in politics.. Question: Do you think the federal government should be doing more about the opioid drug addiction issue, should be doing less, or is it currently doing the right amount?

Answer choices:
1. Should be doing more 2. Should be doing less 3. Is doing the right amount

When answering, respond ONLY with a single number that corresponds to the option you choose. Do not include any additional text, punctuation or explanation.

My answer is
",1
fake_4830,3,6,1,1,70,2,1,"Today is November 5, 2024. Racially, I am hispanic. Ideologically, I am conservative. Politically, I am a strong democrat. I attend church. I am 70 years old. I am a woman. I am very interested in politics.. Question: Do you think the federal government should be doing more about the opioid drug addiction issue, should be doing less, or is it currently doing the right amount?

Answer choices:
1. Should be doing more 2. Should be doing less 3. Is doing the right amount

When answering, respond ONLY with a single number that corresponds to the option you choose. Do not include any additional text, punctuation or explanation.

My answer is
",1
fake_4831,1,2,7,2,50,1,4,"Today is November 5, 2024. Racially, I am white. Ideologically, I am liberal. Politically, I am a strong Republican. I do not attend church. I am 50 years old. I am a man. I am not at all interested in politics.. Question: Do you think the federal government should be doing more about the opioid drug addiction issue, should be doing less, or is it currently doing the right amount?

Answer choices:
1. Should be doing more 2. Should be doing less 3. Is doing the right amount

When answering, respond ONLY with a single number that corresponds to the option you choose. Do not include any additional text, punctuation or explanation.

My answer is
",1
fake_4832,1,3,3,2,28,2,-6,"Today is November 5, 2024. Racially, I am white. Ideologically, I am slightly liberal. Politically, I am an independent who leans Democratic. I do not attend church. I am 28 years old. I am a woman.. Question: Do you think the federal government should be doing more about the opioid drug addiction issue, should be doing less, or is it currently doing the right amount?

Answer choices:
1. Should be doing more 2. Should be doing less 3. Is doing the right amount

When answering, respond ONLY with a single number that corresponds to the option you choose. Do not include any additional text, punctuation or explanation.

My answer is
",1
fake_4833,6,2,4,1,75,2,4,"Today is November 5, 2024. Ideologically, I am liberal. Politically, I am an independent. I attend church. I am 75 years old. I am a woman. I am not at all interested in politics.. Question: Do you think the federal government should be doing more about the opioid drug addiction issue, should be doing less, or is it currently doing the right amount?

Answer choices:
1. Should be doing more 2. Should be doing less 3. Is doing the right amount

When answering, respond ONLY with a single number that corresponds to the option you choose. Do not include any additional text, punctuation or explanation.

My answer is
",1
fake_4834,1,3,2,2,77,1,1,"Today is November 5, 2024. Racially, I am white. Ideologically, I am slightly liberal. Politically, I am a weak Democrat. I do not attend church. I am 77 years old. I am a man. I am very interested in politics.. Question: Do you think the federal government should be doing more about the opioid drug addiction issue, should be doing less, or is it currently doing the right amount?

Answer choices:
1. Should be doing more 2. Should be doing less 3. Is doing the right amount

When answering, respond ONLY with a single number that corresponds to the option you choose. Do not include any additional text, punctuation or explanation.

My answer is
",1
fake_4835,1,6,7,2,60,2,4,"Today is November 5, 2024. Racially, I am white. Ideologically, I am conservative. Politically, I am a strong Republican. I do not attend church. I am 60 years old. I am a woman. I am not at all interested in politics.. Question: Do you think the federal government should be doing more about the opioid drug addiction issue, should be doing less, or is it currently doing the right amount?

Answer choices:
1. Should be doing more 2. Should be doing less 3. Is doing the right amount

When answering, respond ONLY with a single number that corresponds to the option you choose. Do not include any additional text, punctuation or explanation.

My answer is
",1
fake_4836,2,2,7,1,35,2,1,"Today is November 5, 2024. Racially, I am black. Ideologically, I am liberal. Politically, I am a strong Republican. I attend church. I am 35 years old. I am a woman. I am very interested in politics.. Question: Do you think the federal government should be doing more about the opioid drug addiction issue, should be doing less, or is it currently doing the right amount?

Answer choices:
1. Should be doing more 2. Should be doing less 3. Is doing the right amount

When answering, respond ONLY with a single number that corresponds to the option you choose. Do not include any additional text, punctuation or explanation.

My answer is
",1
fake_4837,1,4,7,1,41,2,2,"Today is November 5, 2024. Racially, I am white. Ideologically, I am moderate. Politically, I am a strong Republican. I attend church. I am 41 years old. I am a woman. I am somewhat interested in politics.. Question: Do you think the federal government should be doing more about the opioid drug addiction issue, should be doing less, or is it currently doing the right amount?

Answer choices:
1. Should be doing more 2. Should be doing less 3. Is doing the right amount

When answering, respond ONLY with a single number that corresponds to the option you choose. Do not include any additional text, punctuation or explanation.

My answer is
",1
fake_4838,1,99,2,2,75,2,2,"Today is November 5, 2024. Racially, I am white. Politically, I am a weak Democrat. I do not attend church. I am 75 years old. I am a woman. I am somewhat interested in politics.. Question: Do you think the federal government should be doing more about the opioid drug addiction issue, should be doing less, or is it currently doing the right amount?

Answer choices:
1. Should be doing more 2. Should be doing less 3. Is doing the right amount

When answering, respond ONLY with a single number that corresponds to the option you choose. Do not include any additional text, punctuation or explanation.

My answer is
",1
fake_4839,1,2,1,-1,36,1,1,"Today is November 5, 2024. Racially, I am white. Ideologically, I am liberal. Politically, I am a strong democrat. I am 36 years old. I am a man. I am very interested in politics.. Question: Do you think the federal government should be doing more about the opioid drug addiction issue, should be doing less, or is it currently doing the right amount?

Answer choices:
1. Should be doing more 2. Should be doing less 3. Is doing the right amount

When answering, respond ONLY with a single number that corresponds to the option you choose. Do not include any additional text, punctuation or explanation.

My answer is
",1
fake_4840,1,5,1,2,38,1,2,"Today is November 5, 2024. Racially, I am white. Ideologically, I am slightly conservative. Politically, I am a strong democrat. I do not attend church. I am 38 years old. I am a man. I am somewhat interested in politics.. Question: Do you think the federal government should be doing more about the opioid drug addiction issue, should be doing less, or is it currently doing the right amount?

Answer choices:
1. Should be doing more 2. Should be doing less 3. Is doing the right amount

When answering, respond ONLY with a single number that corresponds to the option you choose. Do not include any additional text, punctuation or explanation.

My answer is
",1
fake_4841,6,1,3,2,47,2,1,"Today is November 5, 2024. Ideologically, I am extremely liberal. Politically, I am an independent who leans Democratic. I do not attend church. I am 47 years old. I am a woman. I am very interested in politics.. Question: Do you think the federal government should be doing more about the opioid drug addiction issue, should be doing less, or is it currently doing the right amount?

Answer choices:
1. Should be doing more 2. Should be doing less 3. Is doing the right amount

When answering, respond ONLY with a single number that corresponds to the option you choose. Do not include any additional text, punctuation or explanation.

My answer is
",1
fake_4842,2,5,3,-1,27,1,3,"Today is November 5, 2024. Racially, I am black. Ideologically, I am slightly conservative. Politically, I am an independent who leans Democratic. I am 27 years old. I am a man. I am not very interested in politics.. Question: Do you think the federal government should be doing more about the opioid drug addiction issue, should be doing less, or is it currently doing the right amount?

Answer choices:
1. Should be doing more 2. Should be doing less 3. Is doing the right amount

When answering, respond ONLY with a single number that corresponds to the option you choose. Do not include any additional text, punctuation or explanation.

My answer is
",1
fake_4843,1,4,4,1,-2,1,2,"Today is November 5, 2024. Racially, I am white. Ideologically, I am moderate. Politically, I am an independent. I attend church. I am a man. I am somewhat interested in politics.. Question: Do you think the federal government should be doing more about the opioid drug addiction issue, should be doing less, or is it currently doing the right amount?

Answer choices:
1. Should be doing more 2. Should be doing less 3. Is doing the right amount

When answering, respond ONLY with a single number that corresponds to the option you choose. Do not include any additional text, punctuation or explanation.

My answer is
",1
fake_4844,1,2,7,2,67,2,1,"Today is November 5, 2024. Racially, I am white. Ideologically, I am liberal. Politically, I am a strong Republican. I do not attend church. I am 67 years old. I am a woman. I am very interested in politics.. Question: Do you think the federal government should be doing more about the opioid drug addiction issue, should be doing less, or is it currently doing the right amount?

Answer choices:
1. Should be doing more 2. Should be doing less 3. Is doing the right amount

When answering, respond ONLY with a single number that corresponds to the option you choose. Do not include any additional text, punctuation or explanation.

My answer is
",1
fake_4845,1,2,7,1,46,1,3,"Today is November 5, 2024. Racially, I am white. Ideologically, I am liberal. Politically, I am a strong Republican. I attend church. I am 46 years old. I am a man. I am not very interested in politics.. Question: Do you think the federal government should be doing more about the opioid drug addiction issue, should be doing less, or is it currently doing the right amount?

Answer choices:
1. Should be doing more 2. Should be doing less 3. Is doing the right amount

When answering, respond ONLY with a single number that corresponds to the option you choose. Do not include any additional text, punctuation or explanation.

My answer is
",1
fake_4846,3,3,7,2,19,1,2,"Today is November 5, 2024. Racially, I am hispanic. Ideologically, I am slightly liberal. Politically, I am a strong Republican. I do not attend church. I am 19 years old. I am a man. I am somewhat interested in politics.. Question: Do you think the federal government should be doing more about the opioid drug addiction issue, should be doing less, or is it currently doing the right amount?

Answer choices:
1. Should be doing more 2. Should be doing less 3. Is doing the right amount

When answering, respond ONLY with a single number that corresponds to the option you choose. Do not include any additional text, punctuation or explanation.

My answer is
",1
fake_4847,1,3,5,1,72,2,4,"Today is November 5, 2024. Racially, I am white. Ideologically, I am slightly liberal. Politically, I am an independent who leans Republican. I attend church. I am 72 years old. I am a woman. I am not at all interested in politics.. Question: Do you think the federal government should be doing more about the opioid drug addiction issue, should be doing less, or is it currently doing the right amount?

Answer choices:
1. Should be doing more 2. Should be doing less 3. Is doing the right amount

When answering, respond ONLY with a single number that corresponds to the option you choose. Do not include any additional text, punctuation or explanation.

My answer is
",1
fake_4848,1,5,1,2,41,2,1,"Today is November 5, 2024. Racially, I am white. Ideologically, I am slightly conservative. Politically, I am a strong democrat. I do not attend church. I am 41 years old. I am a woman. I am very interested in politics.. Question: Do you think the federal government should be doing more about the opioid drug addiction issue, should be doing less, or is it currently doing the right amount?

Answer choices:
1. Should be doing more 2. Should be doing less 3. Is doing the right amount

When answering, respond ONLY with a single number that corresponds to the option you choose. Do not include any additional text, punctuation or explanation.

My answer is
",1
fake_4849,1,5,1,2,54,1,2,"Today is November 5, 2024. Racially, I am white. Ideologically, I am slightly conservative. Politically, I am a strong democrat. I do not attend church. I am 54 years old. I am a man. I am somewhat interested in politics.. Question: Do you think the federal government should be doing more about the opioid drug addiction issue, should be doing less, or is it currently doing the right amount?

Answer choices:
1. Should be doing more 2. Should be doing less 3. Is doing the right amount

When answering, respond ONLY with a single number that corresponds to the option you choose. Do not include any additional text, punctuation or explanation.

My answer is
",1
fake_4850,1,99,4,2,48,2,-6,"Today is November 5, 2024. Racially, I am white. Politically, I am an independent. I do not attend church. I am 48 years old. I am a woman.. Question: Do you think the federal government should be doing more about the opioid drug addiction issue, should be doing less, or is it currently doing the right amount?

Answer choices:
1. Should be doing more 2. Should be doing less 3. Is doing the right amount

When answering, respond ONLY with a single number that corresponds to the option you choose. Do not include any additional text, punctuation or explanation.

My answer is
",1
fake_4851,1,2,7,2,37,1,3,"Today is November 5, 2024. Racially, I am white. Ideologically, I am liberal. Politically, I am a strong Republican. I do not attend church. I am 37 years old. I am a man. I am not very interested in politics.. Question: Do you think the federal government should be doing more about the opioid drug addiction issue, should be doing less, or is it currently doing the right amount?

Answer choices:
1. Should be doing more 2. Should be doing less 3. Is doing the right amount

When answering, respond ONLY with a single number that corresponds to the option you choose. Do not include any additional text, punctuation or explanation.

My answer is
",1
fake_4852,2,5,6,1,62,2,2,"Today is November 5, 2024. Racially, I am black. Ideologically, I am slightly conservative. Politically, I am a weak Republican. I attend church. I am 62 years old. I am a woman. I am somewhat interested in politics.. Question: Do you think the federal government should be doing more about the opioid drug addiction issue, should be doing less, or is it currently doing the right amount?

Answer choices:
1. Should be doing more 2. Should be doing less 3. Is doing the right amount

When answering, respond ONLY with a single number that corresponds to the option you choose. Do not include any additional text, punctuation or explanation.

My answer is
",1
fake_4853,1,4,3,2,62,2,2,"Today is November 5, 2024. Racially, I am white. Ideologically, I am moderate. Politically, I am an independent who leans Democratic. I do not attend church. I am 62 years old. I am a woman. I am somewhat interested in politics.. Question: Do you think the federal government should be doing more about the opioid drug addiction issue, should be doing less, or is it currently doing the right amount?

Answer choices:
1. Should be doing more 2. Should be doing less 3. Is doing the right amount

When answering, respond ONLY with a single number that corresponds to the option you choose. Do not include any additional text, punctuation or explanation.

My answer is
",1
fake_4854,1,5,4,2,51,2,1,"Today is November 5, 2024. Racially, I am white. Ideologically, I am slightly conservative. Politically, I am an independent. I do not attend church. I am 51 years old. I am a woman. I am very interested in politics.. Question: Do you think the federal government should be doing more about the opioid drug addiction issue, should be doing less, or is it currently doing the right amount?

Answer choices:
1. Should be doing more 2. Should be doing less 3. Is doing the right amount

When answering, respond ONLY with a single number that corresponds to the option you choose. Do not include any additional text, punctuation or explanation.

My answer is
",1
fake_4855,1,4,3,2,33,2,2,"Today is November 5, 2024. Racially, I am white. Ideologically, I am moderate. Politically, I am an independent who leans Democratic. I do not attend church. I am 33 years old. I am a woman. I am somewhat interested in politics.. Question: Do you think the federal government should be doing more about the opioid drug addiction issue, should be doing less, or is it currently doing the right amount?

Answer choices:
1. Should be doing more 2. Should be doing less 3. Is doing the right amount

When answering, respond ONLY with a single number that corresponds to the option you choose. Do not include any additional text, punctuation or explanation.

My answer is
",1
fake_4856,1,4,4,1,37,1,2,"Today is November 5, 2024. Racially, I am white. Ideologically, I am moderate. Politically, I am an independent. I attend church. I am 37 years old. I am a man. I am somewhat interested in politics.. Question: Do you think the federal government should be doing more about the opioid drug addiction issue, should be doing less, or is it currently doing the right amount?

Answer choices:
1. Should be doing more 2. Should be doing less 3. Is doing the right amount

When answering, respond ONLY with a single number that corresponds to the option you choose. Do not include any additional text, punctuation or explanation.

My answer is
",1
fake_4857,5,4,5,1,58,2,1,"Today is November 5, 2024. Racially, I am native American. Ideologically, I am moderate. Politically, I am an independent who leans Republican. I attend church. I am 58 years old. I am a woman. I am very interested in politics.. Question: Do you think the federal government should be doing more about the opioid drug addiction issue, should be doing less, or is it currently doing the right amount?

Answer choices:
1. Should be doing more 2. Should be doing less 3. Is doing the right amount

When answering, respond ONLY with a single number that corresponds to the option you choose. Do not include any additional text, punctuation or explanation.

My answer is
",1
fake_4858,1,5,4,1,70,1,2,"Today is November 5, 2024. Racially, I am white. Ideologically, I am slightly conservative. Politically, I am an independent. I attend church. I am 70 years old. I am a man. I am somewhat interested in politics.. Question: Do you think the federal government should be doing more about the opioid drug addiction issue, should be doing less, or is it currently doing the right amount?

Answer choices:
1. Should be doing more 2. Should be doing less 3. Is doing the right amount

When answering, respond ONLY with a single number that corresponds to the option you choose. Do not include any additional text, punctuation or explanation.

My answer is
",1
fake_4859,1,4,3,2,64,2,1,"Today is November 5, 2024. Racially, I am white. Ideologically, I am moderate. Politically, I am an independent who leans Democratic. I do not attend church. I am 64 years old. I am a woman. I am very interested in politics.. Question: Do you think the federal government should be doing more about the opioid drug addiction issue, should be doing less, or is it currently doing the right amount?

Answer choices:
1. Should be doing more 2. Should be doing less 3. Is doing the right amount

When answering, respond ONLY with a single number that corresponds to the option you choose. Do not include any additional text, punctuation or explanation.

My answer is
",1
fake_4860,1,6,1,1,72,1,-6,"Today is November 5, 2024. Racially, I am white. Ideologically, I am conservative. Politically, I am a strong democrat. I attend church. I am 72 years old. I am a man.. Question: Do you think the federal government should be doing more about the opioid drug addiction issue, should be doing less, or is it currently doing the right amount?

Answer choices:
1. Should be doing more 2. Should be doing less 3. Is doing the right amount

When answering, respond ONLY with a single number that corresponds to the option you choose. Do not include any additional text, punctuation or explanation.

My answer is
",1
fake_4861,1,6,7,2,74,2,2,"Today is November 5, 2024. Racially, I am white. Ideologically, I am conservative. Politically, I am a strong Republican. I do not attend church. I am 74 years old. I am a woman. I am somewhat interested in politics.. Question: Do you think the federal government should be doing more about the opioid drug addiction issue, should be doing less, or is it currently doing the right amount?

Answer choices:
1. Should be doing more 2. Should be doing less 3. Is doing the right amount

When answering, respond ONLY with a single number that corresponds to the option you choose. Do not include any additional text, punctuation or explanation.

My answer is
",1
fake_4862,1,3,3,1,43,-9,4,"Today is November 5, 2024. Racially, I am white. Ideologically, I am slightly liberal. Politically, I am an independent who leans Democratic. I attend church. I am 43 years old. I am not at all interested in politics.. Question: Do you think the federal government should be doing more about the opioid drug addiction issue, should be doing less, or is it currently doing the right amount?

Answer choices:
1. Should be doing more 2. Should be doing less 3. Is doing the right amount

When answering, respond ONLY with a single number that corresponds to the option you choose. Do not include any additional text, punctuation or explanation.

My answer is
",1
fake_4863,1,2,4,2,67,-9,1,"Today is November 5, 2024. Racially, I am white. Ideologically, I am liberal. Politically, I am an independent. I do not attend church. I am 67 years old. I am very interested in politics.. Question: Do you think the federal government should be doing more about the opioid drug addiction issue, should be doing less, or is it currently doing the right amount?

Answer choices:
1. Should be doing more 2. Should be doing less 3. Is doing the right amount

When answering, respond ONLY with a single number that corresponds to the option you choose. Do not include any additional text, punctuation or explanation.

My answer is
",1
fake_4864,1,5,7,1,-2,2,3,"Today is November 5, 2024. Racially, I am white. Ideologically, I am slightly conservative. Politically, I am a strong Republican. I attend church. I am a woman. I am not very interested in politics.. Question: Do you think the federal government should be doing more about the opioid drug addiction issue, should be doing less, or is it currently doing the right amount?

Answer choices:
1. Should be doing more 2. Should be doing less 3. Is doing the right amount

When answering, respond ONLY with a single number that corresponds to the option you choose. Do not include any additional text, punctuation or explanation.

My answer is
",1
fake_4865,1,7,2,2,69,1,3,"Today is November 5, 2024. Racially, I am white. Ideologically, I am extremely conservative. Politically, I am a weak Democrat. I do not attend church. I am 69 years old. I am a man. I am not very interested in politics.. Question: Do you think the federal government should be doing more about the opioid drug addiction issue, should be doing less, or is it currently doing the right amount?

Answer choices:
1. Should be doing more 2. Should be doing less 3. Is doing the right amount

When answering, respond ONLY with a single number that corresponds to the option you choose. Do not include any additional text, punctuation or explanation.

My answer is
",1
fake_4866,3,5,1,1,50,2,1,"Today is November 5, 2024. Racially, I am hispanic. Ideologically, I am slightly conservative. Politically, I am a strong democrat. I attend church. I am 50 years old. I am a woman. I am very interested in politics.. Question: Do you think the federal government should be doing more about the opioid drug addiction issue, should be doing less, or is it currently doing the right amount?

Answer choices:
1. Should be doing more 2. Should be doing less 3. Is doing the right amount

When answering, respond ONLY with a single number that corresponds to the option you choose. Do not include any additional text, punctuation or explanation.

My answer is
",1
fake_4867,1,6,2,2,62,2,2,"Today is November 5, 2024. Racially, I am white. Ideologically, I am conservative. Politically, I am a weak Democrat. I do not attend church. I am 62 years old. I am a woman. I am somewhat interested in politics.. Question: Do you think the federal government should be doing more about the opioid drug addiction issue, should be doing less, or is it currently doing the right amount?

Answer choices:
1. Should be doing more 2. Should be doing less 3. Is doing the right amount

When answering, respond ONLY with a single number that corresponds to the option you choose. Do not include any additional text, punctuation or explanation.

My answer is
",1
fake_4868,1,5,4,1,71,1,2,"Today is November 5, 2024. Racially, I am white. Ideologically, I am slightly conservative. Politically, I am an independent. I attend church. I am 71 years old. I am a man. I am somewhat interested in politics.. Question: Do you think the federal government should be doing more about the opioid drug addiction issue, should be doing less, or is it currently doing the right amount?

Answer choices:
1. Should be doing more 2. Should be doing less 3. Is doing the right amount

When answering, respond ONLY with a single number that corresponds to the option you choose. Do not include any additional text, punctuation or explanation.

My answer is
",1
fake_4869,1,5,5,1,34,1,1,"Today is November 5, 2024. Racially, I am white. Ideologically, I am slightly conservative. Politically, I am an independent who leans Republican. I attend church. I am 34 years old. I am a man. I am very interested in politics.. Question: Do you think the federal government should be doing more about the opioid drug addiction issue, should be doing less, or is it currently doing the right amount?

Answer choices:
1. Should be doing more 2. Should be doing less 3. Is doing the right amount

When answering, respond ONLY with a single number that corresponds to the option you choose. Do not include any additional text, punctuation or explanation.

My answer is
",1
fake_4870,1,6,1,1,67,1,3,"Today is November 5, 2024. Racially, I am white. Ideologically, I am conservative. Politically, I am a strong democrat. I attend church. I am 67 years old. I am a man. I am not very interested in politics.. Question: Do you think the federal government should be doing more about the opioid drug addiction issue, should be doing less, or is it currently doing the right amount?

Answer choices:
1. Should be doing more 2. Should be doing less 3. Is doing the right amount

When answering, respond ONLY with a single number that corresponds to the option you choose. Do not include any additional text, punctuation or explanation.

My answer is
",1
fake_4871,1,6,4,2,42,1,1,"Today is November 5, 2024. Racially, I am white. Ideologically, I am conservative. Politically, I am an independent. I do not attend church. I am 42 years old. I am a man. I am very interested in politics.. Question: Do you think the federal government should be doing more about the opioid drug addiction issue, should be doing less, or is it currently doing the right amount?

Answer choices:
1. Should be doing more 2. Should be doing less 3. Is doing the right amount

When answering, respond ONLY with a single number that corresponds to the option you choose. Do not include any additional text, punctuation or explanation.

My answer is
",1
fake_4872,1,2,2,1,60,1,2,"Today is November 5, 2024. Racially, I am white. Ideologically, I am liberal. Politically, I am a weak Democrat. I attend church. I am 60 years old. I am a man. I am somewhat interested in politics.. Question: Do you think the federal government should be doing more about the opioid drug addiction issue, should be doing less, or is it currently doing the right amount?

Answer choices:
1. Should be doing more 2. Should be doing less 3. Is doing the right amount

When answering, respond ONLY with a single number that corresponds to the option you choose. Do not include any additional text, punctuation or explanation.

My answer is
",1
fake_4873,1,99,7,1,42,1,2,"Today is November 5, 2024. Racially, I am white. Politically, I am a strong Republican. I attend church. I am 42 years old. I am a man. I am somewhat interested in politics.. Question: Do you think the federal government should be doing more about the opioid drug addiction issue, should be doing less, or is it currently doing the right amount?

Answer choices:
1. Should be doing more 2. Should be doing less 3. Is doing the right amount

When answering, respond ONLY with a single number that corresponds to the option you choose. Do not include any additional text, punctuation or explanation.

My answer is
",1
fake_4874,4,99,1,2,40,2,2,"Today is November 5, 2024. Racially, I am asian. Politically, I am a strong democrat. I do not attend church. I am 40 years old. I am a woman. I am somewhat interested in politics.. Question: Do you think the federal government should be doing more about the opioid drug addiction issue, should be doing less, or is it currently doing the right amount?

Answer choices:
1. Should be doing more 2. Should be doing less 3. Is doing the right amount

When answering, respond ONLY with a single number that corresponds to the option you choose. Do not include any additional text, punctuation or explanation.

My answer is
",1
fake_4875,6,5,2,2,50,2,1,"Today is November 5, 2024. Ideologically, I am slightly conservative. Politically, I am a weak Democrat. I do not attend church. I am 50 years old. I am a woman. I am very interested in politics.. Question: Do you think the federal government should be doing more about the opioid drug addiction issue, should be doing less, or is it currently doing the right amount?

Answer choices:
1. Should be doing more 2. Should be doing less 3. Is doing the right amount

When answering, respond ONLY with a single number that corresponds to the option you choose. Do not include any additional text, punctuation or explanation.

My answer is
",1
fake_4876,1,7,2,1,29,2,3,"Today is November 5, 2024. Racially, I am white. Ideologically, I am extremely conservative. Politically, I am a weak Democrat. I attend church. I am 29 years old. I am a woman. I am not very interested in politics.. Question: Do you think the federal government should be doing more about the opioid drug addiction issue, should be doing less, or is it currently doing the right amount?

Answer choices:
1. Should be doing more 2. Should be doing less 3. Is doing the right amount

When answering, respond ONLY with a single number that corresponds to the option you choose. Do not include any additional text, punctuation or explanation.

My answer is
",1
fake_4877,1,4,4,2,46,1,3,"Today is November 5, 2024. Racially, I am white. Ideologically, I am moderate. Politically, I am an independent. I do not attend church. I am 46 years old. I am a man. I am not very interested in politics.. Question: Do you think the federal government should be doing more about the opioid drug addiction issue, should be doing less, or is it currently doing the right amount?

Answer choices:
1. Should be doing more 2. Should be doing less 3. Is doing the right amount

When answering, respond ONLY with a single number that corresponds to the option you choose. Do not include any additional text, punctuation or explanation.

My answer is
",1
fake_4878,4,1,5,2,54,1,-6,"Today is November 5, 2024. Racially, I am asian. Ideologically, I am extremely liberal. Politically, I am an independent who leans Republican. I do not attend church. I am 54 years old. I am a man.. Question: Do you think the federal government should be doing more about the opioid drug addiction issue, should be doing less, or is it currently doing the right amount?

Answer choices:
1. Should be doing more 2. Should be doing less 3. Is doing the right amount

When answering, respond ONLY with a single number that corresponds to the option you choose. Do not include any additional text, punctuation or explanation.

My answer is
",1
fake_4879,1,7,1,2,35,2,3,"Today is November 5, 2024. Racially, I am white. Ideologically, I am extremely conservative. Politically, I am a strong democrat. I do not attend church. I am 35 years old. I am a woman. I am not very interested in politics.. Question: Do you think the federal government should be doing more about the opioid drug addiction issue, should be doing less, or is it currently doing the right amount?

Answer choices:
1. Should be doing more 2. Should be doing less 3. Is doing the right amount

When answering, respond ONLY with a single number that corresponds to the option you choose. Do not include any additional text, punctuation or explanation.

My answer is
",1
fake_4880,2,99,1,2,-2,2,1,"Today is November 5, 2024. Racially, I am black. Politically, I am a strong democrat. I do not attend church. I am a woman. I am very interested in politics.. Question: Do you think the federal government should be doing more about the opioid drug addiction issue, should be doing less, or is it currently doing the right amount?

Answer choices:
1. Should be doing more 2. Should be doing less 3. Is doing the right amount

When answering, respond ONLY with a single number that corresponds to the option you choose. Do not include any additional text, punctuation or explanation.

My answer is
",1
fake_4881,1,6,2,2,-2,1,3,"Today is November 5, 2024. Racially, I am white. Ideologically, I am conservative. Politically, I am a weak Democrat. I do not attend church. I am a man. I am not very interested in politics.. Question: Do you think the federal government should be doing more about the opioid drug addiction issue, should be doing less, or is it currently doing the right amount?

Answer choices:
1. Should be doing more 2. Should be doing less 3. Is doing the right amount

When answering, respond ONLY with a single number that corresponds to the option you choose. Do not include any additional text, punctuation or explanation.

My answer is
",1
fake_4882,6,99,6,1,32,2,-6,"Today is November 5, 2024. Politically, I am a weak Republican. I attend church. I am 32 years old. I am a woman.. Question: Do you think the federal government should be doing more about the opioid drug addiction issue, should be doing less, or is it currently doing the right amount?

Answer choices:
1. Should be doing more 2. Should be doing less 3. Is doing the right amount

When answering, respond ONLY with a single number that corresponds to the option you choose. Do not include any additional text, punctuation or explanation.

My answer is
",1
fake_4883,1,4,5,-9,43,1,1,"Today is November 5, 2024. Racially, I am white. Ideologically, I am moderate. Politically, I am an independent who leans Republican. I am 43 years old. I am a man. I am very interested in politics.. Question: Do you think the federal government should be doing more about the opioid drug addiction issue, should be doing less, or is it currently doing the right amount?

Answer choices:
1. Should be doing more 2. Should be doing less 3. Is doing the right amount

When answering, respond ONLY with a single number that corresponds to the option you choose. Do not include any additional text, punctuation or explanation.

My answer is
",1
fake_4884,1,7,6,2,52,1,2,"Today is November 5, 2024. Racially, I am white. Ideologically, I am extremely conservative. Politically, I am a weak Republican. I do not attend church. I am 52 years old. I am a man. I am somewhat interested in politics.. Question: Do you think the federal government should be doing more about the opioid drug addiction issue, should be doing less, or is it currently doing the right amount?

Answer choices:
1. Should be doing more 2. Should be doing less 3. Is doing the right amount

When answering, respond ONLY with a single number that corresponds to the option you choose. Do not include any additional text, punctuation or explanation.

My answer is
",1
fake_4885,1,4,7,1,71,2,4,"Today is November 5, 2024. Racially, I am white. Ideologically, I am moderate. Politically, I am a strong Republican. I attend church. I am 71 years old. I am a woman. I am not at all interested in politics.. Question: Do you think the federal government should be doing more about the opioid drug addiction issue, should be doing less, or is it currently doing the right amount?

Answer choices:
1. Should be doing more 2. Should be doing less 3. Is doing the right amount

When answering, respond ONLY with a single number that corresponds to the option you choose. Do not include any additional text, punctuation or explanation.

My answer is
",1
fake_4886,1,4,5,1,33,2,4,"Today is November 5, 2024. Racially, I am white. Ideologically, I am moderate. Politically, I am an independent who leans Republican. I attend church. I am 33 years old. I am a woman. I am not at all interested in politics.. Question: Do you think the federal government should be doing more about the opioid drug addiction issue, should be doing less, or is it currently doing the right amount?

Answer choices:
1. Should be doing more 2. Should be doing less 3. Is doing the right amount

When answering, respond ONLY with a single number that corresponds to the option you choose. Do not include any additional text, punctuation or explanation.

My answer is
",1
fake_4887,1,4,2,2,29,1,1,"Today is November 5, 2024. Racially, I am white. Ideologically, I am moderate. Politically, I am a weak Democrat. I do not attend church. I am 29 years old. I am a man. I am very interested in politics.. Question: Do you think the federal government should be doing more about the opioid drug addiction issue, should be doing less, or is it currently doing the right amount?

Answer choices:
1. Should be doing more 2. Should be doing less 3. Is doing the right amount

When answering, respond ONLY with a single number that corresponds to the option you choose. Do not include any additional text, punctuation or explanation.

My answer is
",1
fake_4888,1,99,7,1,33,1,-6,"Today is November 5, 2024. Racially, I am white. Politically, I am a strong Republican. I attend church. I am 33 years old. I am a man.. Question: Do you think the federal government should be doing more about the opioid drug addiction issue, should be doing less, or is it currently doing the right amount?

Answer choices:
1. Should be doing more 2. Should be doing less 3. Is doing the right amount

When answering, respond ONLY with a single number that corresponds to the option you choose. Do not include any additional text, punctuation or explanation.

My answer is
",1
fake_4889,1,6,2,2,61,1,2,"Today is November 5, 2024. Racially, I am white. Ideologically, I am conservative. Politically, I am a weak Democrat. I do not attend church. I am 61 years old. I am a man. I am somewhat interested in politics.. Question: Do you think the federal government should be doing more about the opioid drug addiction issue, should be doing less, or is it currently doing the right amount?

Answer choices:
1. Should be doing more 2. Should be doing less 3. Is doing the right amount

When answering, respond ONLY with a single number that corresponds to the option you choose. Do not include any additional text, punctuation or explanation.

My answer is
",1
fake_4890,1,3,1,2,73,1,-6,"Today is November 5, 2024. Racially, I am white. Ideologically, I am slightly liberal. Politically, I am a strong democrat. I do not attend church. I am 73 years old. I am a man.. Question: Do you think the federal government should be doing more about the opioid drug addiction issue, should be doing less, or is it currently doing the right amount?

Answer choices:
1. Should be doing more 2. Should be doing less 3. Is doing the right amount

When answering, respond ONLY with a single number that corresponds to the option you choose. Do not include any additional text, punctuation or explanation.

My answer is
",1
fake_4891,1,3,7,1,21,1,2,"Today is November 5, 2024. Racially, I am white. Ideologically, I am slightly liberal. Politically, I am a strong Republican. I attend church. I am 21 years old. I am a man. I am somewhat interested in politics.. Question: Do you think the federal government should be doing more about the opioid drug addiction issue, should be doing less, or is it currently doing the right amount?

Answer choices:
1. Should be doing more 2. Should be doing less 3. Is doing the right amount

When answering, respond ONLY with a single number that corresponds to the option you choose. Do not include any additional text, punctuation or explanation.

My answer is
",1
fake_4892,1,5,3,1,46,2,2,"Today is November 5, 2024. Racially, I am white. Ideologically, I am slightly conservative. Politically, I am an independent who leans Democratic. I attend church. I am 46 years old. I am a woman. I am somewhat interested in politics.. Question: Do you think the federal government should be doing more about the opioid drug addiction issue, should be doing less, or is it currently doing the right amount?

Answer choices:
1. Should be doing more 2. Should be doing less 3. Is doing the right amount

When answering, respond ONLY with a single number that corresponds to the option you choose. Do not include any additional text, punctuation or explanation.

My answer is
",1
fake_4893,3,3,2,1,80,2,2,"Today is November 5, 2024. Racially, I am hispanic. Ideologically, I am slightly liberal. Politically, I am a weak Democrat. I attend church. I am 80 years old. I am a woman. I am somewhat interested in politics.. Question: Do you think the federal government should be doing more about the opioid drug addiction issue, should be doing less, or is it currently doing the right amount?

Answer choices:
1. Should be doing more 2. Should be doing less 3. Is doing the right amount

When answering, respond ONLY with a single number that corresponds to the option you choose. Do not include any additional text, punctuation or explanation.

My answer is
",1
fake_4894,3,4,2,2,49,2,4,"Today is November 5, 2024. Racially, I am hispanic. Ideologically, I am moderate. Politically, I am a weak Democrat. I do not attend church. I am 49 years old. I am a woman. I am not at all interested in politics.. Question: Do you think the federal government should be doing more about the opioid drug addiction issue, should be doing less, or is it currently doing the right amount?

Answer choices:
1. Should be doing more 2. Should be doing less 3. Is doing the right amount

When answering, respond ONLY with a single number that corresponds to the option you choose. Do not include any additional text, punctuation or explanation.

My answer is
",1
fake_4895,1,99,7,1,66,2,2,"Today is November 5, 2024. Racially, I am white. Politically, I am a strong Republican. I attend church. I am 66 years old. I am a woman. I am somewhat interested in politics.. Question: Do you think the federal government should be doing more about the opioid drug addiction issue, should be doing less, or is it currently doing the right amount?

Answer choices:
1. Should be doing more 2. Should be doing less 3. Is doing the right amount

When answering, respond ONLY with a single number that corresponds to the option you choose. Do not include any additional text, punctuation or explanation.

My answer is
",1
fake_4896,1,3,7,2,76,2,1,"Today is November 5, 2024. Racially, I am white. Ideologically, I am slightly liberal. Politically, I am a strong Republican. I do not attend church. I am 76 years old. I am a woman. I am very interested in politics.. Question: Do you think the federal government should be doing more about the opioid drug addiction issue, should be doing less, or is it currently doing the right amount?

Answer choices:
1. Should be doing more 2. Should be doing less 3. Is doing the right amount

When answering, respond ONLY with a single number that corresponds to the option you choose. Do not include any additional text, punctuation or explanation.

My answer is
",1
fake_4897,1,4,5,2,77,2,2,"Today is November 5, 2024. Racially, I am white. Ideologically, I am moderate. Politically, I am an independent who leans Republican. I do not attend church. I am 77 years old. I am a woman. I am somewhat interested in politics.. Question: Do you think the federal government should be doing more about the opioid drug addiction issue, should be doing less, or is it currently doing the right amount?

Answer choices:
1. Should be doing more 2. Should be doing less 3. Is doing the right amount

When answering, respond ONLY with a single number that corresponds to the option you choose. Do not include any additional text, punctuation or explanation.

My answer is
",1
fake_4898,-9,2,5,1,59,2,2,"Today is November 5, 2024. Ideologically, I am liberal. Politically, I am an independent who leans Republican. I attend church. I am 59 years old. I am a woman. I am somewhat interested in politics.. Question: Do you think the federal government should be doing more about the opioid drug addiction issue, should be doing less, or is it currently doing the right amount?

Answer choices:
1. Should be doing more 2. Should be doing less 3. Is doing the right amount

When answering, respond ONLY with a single number that corresponds to the option you choose. Do not include any additional text, punctuation or explanation.

My answer is
",1
fake_4899,1,5,2,1,31,2,2,"Today is November 5, 2024. Racially, I am white. Ideologically, I am slightly conservative. Politically, I am a weak Democrat. I attend church. I am 31 years old. I am a woman. I am somewhat interested in politics.. Question: Do you think the federal government should be doing more about the opioid drug addiction issue, should be doing less, or is it currently doing the right amount?

Answer choices:
1. Should be doing more 2. Should be doing less 3. Is doing the right amount

When answering, respond ONLY with a single number that corresponds to the option you choose. Do not include any additional text, punctuation or explanation.

My answer is
",1
fake_4900,1,99,1,1,50,1,1,"Today is November 5, 2024. Racially, I am white. Politically, I am a strong democrat. I attend church. I am 50 years old. I am a man. I am very interested in politics.. Question: Do you think the federal government should be doing more about the opioid drug addiction issue, should be doing less, or is it currently doing the right amount?

Answer choices:
1. Should be doing more 2. Should be doing less 3. Is doing the right amount

When answering, respond ONLY with a single number that corresponds to the option you choose. Do not include any additional text, punctuation or explanation.

My answer is
",1
fake_4901,3,6,5,1,34,2,2,"Today is November 5, 2024. Racially, I am hispanic. Ideologically, I am conservative. Politically, I am an independent who leans Republican. I attend church. I am 34 years old. I am a woman. I am somewhat interested in politics.. Question: Do you think the federal government should be doing more about the opioid drug addiction issue, should be doing less, or is it currently doing the right amount?

Answer choices:
1. Should be doing more 2. Should be doing less 3. Is doing the right amount

When answering, respond ONLY with a single number that corresponds to the option you choose. Do not include any additional text, punctuation or explanation.

My answer is
",1
fake_4902,1,2,1,1,25,2,2,"Today is November 5, 2024. Racially, I am white. Ideologically, I am liberal. Politically, I am a strong democrat. I attend church. I am 25 years old. I am a woman. I am somewhat interested in politics.. Question: Do you think the federal government should be doing more about the opioid drug addiction issue, should be doing less, or is it currently doing the right amount?

Answer choices:
1. Should be doing more 2. Should be doing less 3. Is doing the right amount

When answering, respond ONLY with a single number that corresponds to the option you choose. Do not include any additional text, punctuation or explanation.

My answer is
",1
fake_4903,1,-9,7,1,31,1,3,"Today is November 5, 2024. Racially, I am white. Politically, I am a strong Republican. I attend church. I am 31 years old. I am a man. I am not very interested in politics.. Question: Do you think the federal government should be doing more about the opioid drug addiction issue, should be doing less, or is it currently doing the right amount?

Answer choices:
1. Should be doing more 2. Should be doing less 3. Is doing the right amount

When answering, respond ONLY with a single number that corresponds to the option you choose. Do not include any additional text, punctuation or explanation.

My answer is
",1
fake_4904,1,99,1,1,66,1,1,"Today is November 5, 2024. Racially, I am white. Politically, I am a strong democrat. I attend church. I am 66 years old. I am a man. I am very interested in politics.. Question: Do you think the federal government should be doing more about the opioid drug addiction issue, should be doing less, or is it currently doing the right amount?

Answer choices:
1. Should be doing more 2. Should be doing less 3. Is doing the right amount

When answering, respond ONLY with a single number that corresponds to the option you choose. Do not include any additional text, punctuation or explanation.

My answer is
",1
fake_4905,1,4,1,1,53,1,2,"Today is November 5, 2024. Racially, I am white. Ideologically, I am moderate. Politically, I am a strong democrat. I attend church. I am 53 years old. I am a man. I am somewhat interested in politics.. Question: Do you think the federal government should be doing more about the opioid drug addiction issue, should be doing less, or is it currently doing the right amount?

Answer choices:
1. Should be doing more 2. Should be doing less 3. Is doing the right amount

When answering, respond ONLY with a single number that corresponds to the option you choose. Do not include any additional text, punctuation or explanation.

My answer is
",1
fake_4906,3,99,6,2,78,1,2,"Today is November 5, 2024. Racially, I am hispanic. Politically, I am a weak Republican. I do not attend church. I am 78 years old. I am a man. I am somewhat interested in politics.. Question: Do you think the federal government should be doing more about the opioid drug addiction issue, should be doing less, or is it currently doing the right amount?

Answer choices:
1. Should be doing more 2. Should be doing less 3. Is doing the right amount

When answering, respond ONLY with a single number that corresponds to the option you choose. Do not include any additional text, punctuation or explanation.

My answer is
",1
fake_4907,1,99,1,2,49,2,-6,"Today is November 5, 2024. Racially, I am white. Politically, I am a strong democrat. I do not attend church. I am 49 years old. I am a woman.. Question: Do you think the federal government should be doing more about the opioid drug addiction issue, should be doing less, or is it currently doing the right amount?

Answer choices:
1. Should be doing more 2. Should be doing less 3. Is doing the right amount

When answering, respond ONLY with a single number that corresponds to the option you choose. Do not include any additional text, punctuation or explanation.

My answer is
",1
fake_4908,3,99,1,1,80,2,1,"Today is November 5, 2024. Racially, I am hispanic. Politically, I am a strong democrat. I attend church. I am 80 years old. I am a woman. I am very interested in politics.. Question: Do you think the federal government should be doing more about the opioid drug addiction issue, should be doing less, or is it currently doing the right amount?

Answer choices:
1. Should be doing more 2. Should be doing less 3. Is doing the right amount

When answering, respond ONLY with a single number that corresponds to the option you choose. Do not include any additional text, punctuation or explanation.

My answer is
",1
fake_4909,1,5,6,2,58,1,2,"Today is November 5, 2024. Racially, I am white. Ideologically, I am slightly conservative. Politically, I am a weak Republican. I do not attend church. I am 58 years old. I am a man. I am somewhat interested in politics.. Question: Do you think the federal government should be doing more about the opioid drug addiction issue, should be doing less, or is it currently doing the right amount?

Answer choices:
1. Should be doing more 2. Should be doing less 3. Is doing the right amount

When answering, respond ONLY with a single number that corresponds to the option you choose. Do not include any additional text, punctuation or explanation.

My answer is
",1
fake_4910,1,99,1,2,58,2,2,"Today is November 5, 2024. Racially, I am white. Politically, I am a strong democrat. I do not attend church. I am 58 years old. I am a woman. I am somewhat interested in politics.. Question: Do you think the federal government should be doing more about the opioid drug addiction issue, should be doing less, or is it currently doing the right amount?

Answer choices:
1. Should be doing more 2. Should be doing less 3. Is doing the right amount

When answering, respond ONLY with a single number that corresponds to the option you choose. Do not include any additional text, punctuation or explanation.

My answer is
",1
fake_4911,6,99,7,1,62,2,2,"Today is November 5, 2024. Politically, I am a strong Republican. I attend church. I am 62 years old. I am a woman. I am somewhat interested in politics.. Question: Do you think the federal government should be doing more about the opioid drug addiction issue, should be doing less, or is it currently doing the right amount?

Answer choices:
1. Should be doing more 2. Should be doing less 3. Is doing the right amount

When answering, respond ONLY with a single number that corresponds to the option you choose. Do not include any additional text, punctuation or explanation.

My answer is
",1
fake_4912,1,6,7,-1,62,1,2,"Today is November 5, 2024. Racially, I am white. Ideologically, I am conservative. Politically, I am a strong Republican. I am 62 years old. I am a man. I am somewhat interested in politics.. Question: Do you think the federal government should be doing more about the opioid drug addiction issue, should be doing less, or is it currently doing the right amount?

Answer choices:
1. Should be doing more 2. Should be doing less 3. Is doing the right amount

When answering, respond ONLY with a single number that corresponds to the option you choose. Do not include any additional text, punctuation or explanation.

My answer is
",1
fake_4913,1,1,1,1,41,2,3,"Today is November 5, 2024. Racially, I am white. Ideologically, I am extremely liberal. Politically, I am a strong democrat. I attend church. I am 41 years old. I am a woman. I am not very interested in politics.. Question: Do you think the federal government should be doing more about the opioid drug addiction issue, should be doing less, or is it currently doing the right amount?

Answer choices:
1. Should be doing more 2. Should be doing less 3. Is doing the right amount

When answering, respond ONLY with a single number that corresponds to the option you choose. Do not include any additional text, punctuation or explanation.

My answer is
",1
fake_4914,1,6,7,-1,34,1,1,"Today is November 5, 2024. Racially, I am white. Ideologically, I am conservative. Politically, I am a strong Republican. I am 34 years old. I am a man. I am very interested in politics.. Question: Do you think the federal government should be doing more about the opioid drug addiction issue, should be doing less, or is it currently doing the right amount?

Answer choices:
1. Should be doing more 2. Should be doing less 3. Is doing the right amount

When answering, respond ONLY with a single number that corresponds to the option you choose. Do not include any additional text, punctuation or explanation.

My answer is
",1
fake_4915,1,4,1,2,73,2,3,"Today is November 5, 2024. Racially, I am white. Ideologically, I am moderate. Politically, I am a strong democrat. I do not attend church. I am 73 years old. I am a woman. I am not very interested in politics.. Question: Do you think the federal government should be doing more about the opioid drug addiction issue, should be doing less, or is it currently doing the right amount?

Answer choices:
1. Should be doing more 2. Should be doing less 3. Is doing the right amount

When answering, respond ONLY with a single number that corresponds to the option you choose. Do not include any additional text, punctuation or explanation.

My answer is
",1
fake_4916,1,5,3,1,36,2,2,"Today is November 5, 2024. Racially, I am white. Ideologically, I am slightly conservative. Politically, I am an independent who leans Democratic. I attend church. I am 36 years old. I am a woman. I am somewhat interested in politics.. Question: Do you think the federal government should be doing more about the opioid drug addiction issue, should be doing less, or is it currently doing the right amount?

Answer choices:
1. Should be doing more 2. Should be doing less 3. Is doing the right amount

When answering, respond ONLY with a single number that corresponds to the option you choose. Do not include any additional text, punctuation or explanation.

My answer is
",1
fake_4917,1,4,3,2,38,2,2,"Today is November 5, 2024. Racially, I am white. Ideologically, I am moderate. Politically, I am an independent who leans Democratic. I do not attend church. I am 38 years old. I am a woman. I am somewhat interested in politics.. Question: Do you think the federal government should be doing more about the opioid drug addiction issue, should be doing less, or is it currently doing the right amount?

Answer choices:
1. Should be doing more 2. Should be doing less 3. Is doing the right amount

When answering, respond ONLY with a single number that corresponds to the option you choose. Do not include any additional text, punctuation or explanation.

My answer is
",1
fake_4918,1,4,5,1,33,2,1,"Today is November 5, 2024. Racially, I am white. Ideologically, I am moderate. Politically, I am an independent who leans Republican. I attend church. I am 33 years old. I am a woman. I am very interested in politics.. Question: Do you think the federal government should be doing more about the opioid drug addiction issue, should be doing less, or is it currently doing the right amount?

Answer choices:
1. Should be doing more 2. Should be doing less 3. Is doing the right amount

When answering, respond ONLY with a single number that corresponds to the option you choose. Do not include any additional text, punctuation or explanation.

My answer is
",1
fake_4919,1,99,1,1,65,1,2,"Today is November 5, 2024. Racially, I am white. Politically, I am a strong democrat. I attend church. I am 65 years old. I am a man. I am somewhat interested in politics.. Question: Do you think the federal government should be doing more about the opioid drug addiction issue, should be doing less, or is it currently doing the right amount?

Answer choices:
1. Should be doing more 2. Should be doing less 3. Is doing the right amount

When answering, respond ONLY with a single number that corresponds to the option you choose. Do not include any additional text, punctuation or explanation.

My answer is
",1
fake_4920,1,5,4,1,65,1,3,"Today is November 5, 2024. Racially, I am white. Ideologically, I am slightly conservative. Politically, I am an independent. I attend church. I am 65 years old. I am a man. I am not very interested in politics.. Question: Do you think the federal government should be doing more about the opioid drug addiction issue, should be doing less, or is it currently doing the right amount?

Answer choices:
1. Should be doing more 2. Should be doing less 3. Is doing the right amount

When answering, respond ONLY with a single number that corresponds to the option you choose. Do not include any additional text, punctuation or explanation.

My answer is
",1
fake_4921,1,3,7,1,22,1,3,"Today is November 5, 2024. Racially, I am white. Ideologically, I am slightly liberal. Politically, I am a strong Republican. I attend church. I am 22 years old. I am a man. I am not very interested in politics.. Question: Do you think the federal government should be doing more about the opioid drug addiction issue, should be doing less, or is it currently doing the right amount?

Answer choices:
1. Should be doing more 2. Should be doing less 3. Is doing the right amount

When answering, respond ONLY with a single number that corresponds to the option you choose. Do not include any additional text, punctuation or explanation.

My answer is
",1
fake_4922,1,6,5,2,33,1,-6,"Today is November 5, 2024. Racially, I am white. Ideologically, I am conservative. Politically, I am an independent who leans Republican. I do not attend church. I am 33 years old. I am a man.. Question: Do you think the federal government should be doing more about the opioid drug addiction issue, should be doing less, or is it currently doing the right amount?

Answer choices:
1. Should be doing more 2. Should be doing less 3. Is doing the right amount

When answering, respond ONLY with a single number that corresponds to the option you choose. Do not include any additional text, punctuation or explanation.

My answer is
",1
fake_4923,2,2,3,1,25,2,3,"Today is November 5, 2024. Racially, I am black. Ideologically, I am liberal. Politically, I am an independent who leans Democratic. I attend church. I am 25 years old. I am a woman. I am not very interested in politics.. Question: Do you think the federal government should be doing more about the opioid drug addiction issue, should be doing less, or is it currently doing the right amount?

Answer choices:
1. Should be doing more 2. Should be doing less 3. Is doing the right amount

When answering, respond ONLY with a single number that corresponds to the option you choose. Do not include any additional text, punctuation or explanation.

My answer is
",1
fake_4924,1,1,1,2,32,1,-6,"Today is November 5, 2024. Racially, I am white. Ideologically, I am extremely liberal. Politically, I am a strong democrat. I do not attend church. I am 32 years old. I am a man.. Question: Do you think the federal government should be doing more about the opioid drug addiction issue, should be doing less, or is it currently doing the right amount?

Answer choices:
1. Should be doing more 2. Should be doing less 3. Is doing the right amount

When answering, respond ONLY with a single number that corresponds to the option you choose. Do not include any additional text, punctuation or explanation.

My answer is
",1
fake_4925,2,5,6,1,49,2,1,"Today is November 5, 2024. Racially, I am black. Ideologically, I am slightly conservative. Politically, I am a weak Republican. I attend church. I am 49 years old. I am a woman. I am very interested in politics.. Question: Do you think the federal government should be doing more about the opioid drug addiction issue, should be doing less, or is it currently doing the right amount?

Answer choices:
1. Should be doing more 2. Should be doing less 3. Is doing the right amount

When answering, respond ONLY with a single number that corresponds to the option you choose. Do not include any additional text, punctuation or explanation.

My answer is
",1
fake_4926,4,7,3,2,75,2,-6,"Today is November 5, 2024. Racially, I am asian. Ideologically, I am extremely conservative. Politically, I am an independent who leans Democratic. I do not attend church. I am 75 years old. I am a woman.. Question: Do you think the federal government should be doing more about the opioid drug addiction issue, should be doing less, or is it currently doing the right amount?

Answer choices:
1. Should be doing more 2. Should be doing less 3. Is doing the right amount

When answering, respond ONLY with a single number that corresponds to the option you choose. Do not include any additional text, punctuation or explanation.

My answer is
",1
fake_4927,1,99,4,1,59,2,2,"Today is November 5, 2024. Racially, I am white. Politically, I am an independent. I attend church. I am 59 years old. I am a woman. I am somewhat interested in politics.. Question: Do you think the federal government should be doing more about the opioid drug addiction issue, should be doing less, or is it currently doing the right amount?

Answer choices:
1. Should be doing more 2. Should be doing less 3. Is doing the right amount

When answering, respond ONLY with a single number that corresponds to the option you choose. Do not include any additional text, punctuation or explanation.

My answer is
",1
fake_4928,1,7,6,1,68,1,1,"Today is November 5, 2024. Racially, I am white. Ideologically, I am extremely conservative. Politically, I am a weak Republican. I attend church. I am 68 years old. I am a man. I am very interested in politics.. Question: Do you think the federal government should be doing more about the opioid drug addiction issue, should be doing less, or is it currently doing the right amount?

Answer choices:
1. Should be doing more 2. Should be doing less 3. Is doing the right amount

When answering, respond ONLY with a single number that corresponds to the option you choose. Do not include any additional text, punctuation or explanation.

My answer is
",1
fake_4929,1,99,2,1,52,2,1,"Today is November 5, 2024. Racially, I am white. Politically, I am a weak Democrat. I attend church. I am 52 years old. I am a woman. I am very interested in politics.. Question: Do you think the federal government should be doing more about the opioid drug addiction issue, should be doing less, or is it currently doing the right amount?

Answer choices:
1. Should be doing more 2. Should be doing less 3. Is doing the right amount

When answering, respond ONLY with a single number that corresponds to the option you choose. Do not include any additional text, punctuation or explanation.

My answer is
",1
fake_4930,2,99,6,1,66,2,2,"Today is November 5, 2024. Racially, I am black. Politically, I am a weak Republican. I attend church. I am 66 years old. I am a woman. I am somewhat interested in politics.. Question: Do you think the federal government should be doing more about the opioid drug addiction issue, should be doing less, or is it currently doing the right amount?

Answer choices:
1. Should be doing more 2. Should be doing less 3. Is doing the right amount

When answering, respond ONLY with a single number that corresponds to the option you choose. Do not include any additional text, punctuation or explanation.

My answer is
",1
fake_4931,1,2,7,2,32,1,2,"Today is November 5, 2024. Racially, I am white. Ideologically, I am liberal. Politically, I am a strong Republican. I do not attend church. I am 32 years old. I am a man. I am somewhat interested in politics.. Question: Do you think the federal government should be doing more about the opioid drug addiction issue, should be doing less, or is it currently doing the right amount?

Answer choices:
1. Should be doing more 2. Should be doing less 3. Is doing the right amount

When answering, respond ONLY with a single number that corresponds to the option you choose. Do not include any additional text, punctuation or explanation.

My answer is
",1
fake_4932,1,1,1,1,37,2,2,"Today is November 5, 2024. Racially, I am white. Ideologically, I am extremely liberal. Politically, I am a strong democrat. I attend church. I am 37 years old. I am a woman. I am somewhat interested in politics.. Question: Do you think the federal government should be doing more about the opioid drug addiction issue, should be doing less, or is it currently doing the right amount?

Answer choices:
1. Should be doing more 2. Should be doing less 3. Is doing the right amount

When answering, respond ONLY with a single number that corresponds to the option you choose. Do not include any additional text, punctuation or explanation.

My answer is
",1
fake_4933,1,1,1,2,43,2,2,"Today is November 5, 2024. Racially, I am white. Ideologically, I am extremely liberal. Politically, I am a strong democrat. I do not attend church. I am 43 years old. I am a woman. I am somewhat interested in politics.. Question: Do you think the federal government should be doing more about the opioid drug addiction issue, should be doing less, or is it currently doing the right amount?

Answer choices:
1. Should be doing more 2. Should be doing less 3. Is doing the right amount

When answering, respond ONLY with a single number that corresponds to the option you choose. Do not include any additional text, punctuation or explanation.

My answer is
",1
fake_4934,1,1,4,1,54,2,1,"Today is November 5, 2024. Racially, I am white. Ideologically, I am extremely liberal. Politically, I am an independent. I attend church. I am 54 years old. I am a woman. I am very interested in politics.. Question: Do you think the federal government should be doing more about the opioid drug addiction issue, should be doing less, or is it currently doing the right amount?

Answer choices:
1. Should be doing more 2. Should be doing less 3. Is doing the right amount

When answering, respond ONLY with a single number that corresponds to the option you choose. Do not include any additional text, punctuation or explanation.

My answer is
",1
fake_4935,2,5,7,2,25,2,3,"Today is November 5, 2024. Racially, I am black. Ideologically, I am slightly conservative. Politically, I am a strong Republican. I do not attend church. I am 25 years old. I am a woman. I am not very interested in politics.. Question: Do you think the federal government should be doing more about the opioid drug addiction issue, should be doing less, or is it currently doing the right amount?

Answer choices:
1. Should be doing more 2. Should be doing less 3. Is doing the right amount

When answering, respond ONLY with a single number that corresponds to the option you choose. Do not include any additional text, punctuation or explanation.

My answer is
",1
fake_4936,1,4,7,1,38,1,2,"Today is November 5, 2024. Racially, I am white. Ideologically, I am moderate. Politically, I am a strong Republican. I attend church. I am 38 years old. I am a man. I am somewhat interested in politics.. Question: Do you think the federal government should be doing more about the opioid drug addiction issue, should be doing less, or is it currently doing the right amount?

Answer choices:
1. Should be doing more 2. Should be doing less 3. Is doing the right amount

When answering, respond ONLY with a single number that corresponds to the option you choose. Do not include any additional text, punctuation or explanation.

My answer is
",1
fake_4937,1,2,5,1,67,2,2,"Today is November 5, 2024. Racially, I am white. Ideologically, I am liberal. Politically, I am an independent who leans Republican. I attend church. I am 67 years old. I am a woman. I am somewhat interested in politics.. Question: Do you think the federal government should be doing more about the opioid drug addiction issue, should be doing less, or is it currently doing the right amount?

Answer choices:
1. Should be doing more 2. Should be doing less 3. Is doing the right amount

When answering, respond ONLY with a single number that corresponds to the option you choose. Do not include any additional text, punctuation or explanation.

My answer is
",1
fake_4938,1,5,2,2,-2,1,1,"Today is November 5, 2024. Racially, I am white. Ideologically, I am slightly conservative. Politically, I am a weak Democrat. I do not attend church. I am a man. I am very interested in politics.. Question: Do you think the federal government should be doing more about the opioid drug addiction issue, should be doing less, or is it currently doing the right amount?

Answer choices:
1. Should be doing more 2. Should be doing less 3. Is doing the right amount

When answering, respond ONLY with a single number that corresponds to the option you choose. Do not include any additional text, punctuation or explanation.

My answer is
",1
fake_4939,1,3,3,2,34,2,3,"Today is November 5, 2024. Racially, I am white. Ideologically, I am slightly liberal. Politically, I am an independent who leans Democratic. I do not attend church. I am 34 years old. I am a woman. I am not very interested in politics.. Question: Do you think the federal government should be doing more about the opioid drug addiction issue, should be doing less, or is it currently doing the right amount?

Answer choices:
1. Should be doing more 2. Should be doing less 3. Is doing the right amount

When answering, respond ONLY with a single number that corresponds to the option you choose. Do not include any additional text, punctuation or explanation.

My answer is
",1
fake_4940,2,3,1,2,41,1,1,"Today is November 5, 2024. Racially, I am black. Ideologically, I am slightly liberal. Politically, I am a strong democrat. I do not attend church. I am 41 years old. I am a man. I am very interested in politics.. Question: Do you think the federal government should be doing more about the opioid drug addiction issue, should be doing less, or is it currently doing the right amount?

Answer choices:
1. Should be doing more 2. Should be doing less 3. Is doing the right amount

When answering, respond ONLY with a single number that corresponds to the option you choose. Do not include any additional text, punctuation or explanation.

My answer is
",1
fake_4941,1,6,1,1,39,1,1,"Today is November 5, 2024. Racially, I am white. Ideologically, I am conservative. Politically, I am a strong democrat. I attend church. I am 39 years old. I am a man. I am very interested in politics.. Question: Do you think the federal government should be doing more about the opioid drug addiction issue, should be doing less, or is it currently doing the right amount?

Answer choices:
1. Should be doing more 2. Should be doing less 3. Is doing the right amount

When answering, respond ONLY with a single number that corresponds to the option you choose. Do not include any additional text, punctuation or explanation.

My answer is
",1
fake_4942,1,99,4,1,66,2,4,"Today is November 5, 2024. Racially, I am white. Politically, I am an independent. I attend church. I am 66 years old. I am a woman. I am not at all interested in politics.. Question: Do you think the federal government should be doing more about the opioid drug addiction issue, should be doing less, or is it currently doing the right amount?

Answer choices:
1. Should be doing more 2. Should be doing less 3. Is doing the right amount

When answering, respond ONLY with a single number that corresponds to the option you choose. Do not include any additional text, punctuation or explanation.

My answer is
",1
fake_4943,1,4,7,2,74,1,1,"Today is November 5, 2024. Racially, I am white. Ideologically, I am moderate. Politically, I am a strong Republican. I do not attend church. I am 74 years old. I am a man. I am very interested in politics.. Question: Do you think the federal government should be doing more about the opioid drug addiction issue, should be doing less, or is it currently doing the right amount?

Answer choices:
1. Should be doing more 2. Should be doing less 3. Is doing the right amount

When answering, respond ONLY with a single number that corresponds to the option you choose. Do not include any additional text, punctuation or explanation.

My answer is
",1
fake_4944,6,4,4,2,76,1,2,"Today is November 5, 2024. Ideologically, I am moderate. Politically, I am an independent. I do not attend church. I am 76 years old. I am a man. I am somewhat interested in politics.. Question: Do you think the federal government should be doing more about the opioid drug addiction issue, should be doing less, or is it currently doing the right amount?

Answer choices:
1. Should be doing more 2. Should be doing less 3. Is doing the right amount

When answering, respond ONLY with a single number that corresponds to the option you choose. Do not include any additional text, punctuation or explanation.

My answer is
",1
fake_4945,1,4,7,1,-2,2,2,"Today is November 5, 2024. Racially, I am white. Ideologically, I am moderate. Politically, I am a strong Republican. I attend church. I am a woman. I am somewhat interested in politics.. Question: Do you think the federal government should be doing more about the opioid drug addiction issue, should be doing less, or is it currently doing the right amount?

Answer choices:
1. Should be doing more 2. Should be doing less 3. Is doing the right amount

When answering, respond ONLY with a single number that corresponds to the option you choose. Do not include any additional text, punctuation or explanation.

My answer is
",1
fake_4946,1,4,7,2,79,2,2,"Today is November 5, 2024. Racially, I am white. Ideologically, I am moderate. Politically, I am a strong Republican. I do not attend church. I am 79 years old. I am a woman. I am somewhat interested in politics.. Question: Do you think the federal government should be doing more about the opioid drug addiction issue, should be doing less, or is it currently doing the right amount?

Answer choices:
1. Should be doing more 2. Should be doing less 3. Is doing the right amount

When answering, respond ONLY with a single number that corresponds to the option you choose. Do not include any additional text, punctuation or explanation.

My answer is
",1
fake_4947,2,6,7,2,38,2,3,"Today is November 5, 2024. Racially, I am black. Ideologically, I am conservative. Politically, I am a strong Republican. I do not attend church. I am 38 years old. I am a woman. I am not very interested in politics.. Question: Do you think the federal government should be doing more about the opioid drug addiction issue, should be doing less, or is it currently doing the right amount?

Answer choices:
1. Should be doing more 2. Should be doing less 3. Is doing the right amount

When answering, respond ONLY with a single number that corresponds to the option you choose. Do not include any additional text, punctuation or explanation.

My answer is
",1
fake_4948,1,4,7,2,70,1,1,"Today is November 5, 2024. Racially, I am white. Ideologically, I am moderate. Politically, I am a strong Republican. I do not attend church. I am 70 years old. I am a man. I am very interested in politics.. Question: Do you think the federal government should be doing more about the opioid drug addiction issue, should be doing less, or is it currently doing the right amount?

Answer choices:
1. Should be doing more 2. Should be doing less 3. Is doing the right amount

When answering, respond ONLY with a single number that corresponds to the option you choose. Do not include any additional text, punctuation or explanation.

My answer is
",1
fake_4949,1,3,7,2,41,2,2,"Today is November 5, 2024. Racially, I am white. Ideologically, I am slightly liberal. Politically, I am a strong Republican. I do not attend church. I am 41 years old. I am a woman. I am somewhat interested in politics.. Question: Do you think the federal government should be doing more about the opioid drug addiction issue, should be doing less, or is it currently doing the right amount?

Answer choices:
1. Should be doing more 2. Should be doing less 3. Is doing the right amount

When answering, respond ONLY with a single number that corresponds to the option you choose. Do not include any additional text, punctuation or explanation.

My answer is
",1
fake_4950,1,99,1,2,55,2,1,"Today is November 5, 2024. Racially, I am white. Politically, I am a strong democrat. I do not attend church. I am 55 years old. I am a woman. I am very interested in politics.. Question: Do you think the federal government should be doing more about the opioid drug addiction issue, should be doing less, or is it currently doing the right amount?

Answer choices:
1. Should be doing more 2. Should be doing less 3. Is doing the right amount

When answering, respond ONLY with a single number that corresponds to the option you choose. Do not include any additional text, punctuation or explanation.

My answer is
",1
fake_4951,1,4,5,1,35,2,3,"Today is November 5, 2024. Racially, I am white. Ideologically, I am moderate. Politically, I am an independent who leans Republican. I attend church. I am 35 years old. I am a woman. I am not very interested in politics.. Question: Do you think the federal government should be doing more about the opioid drug addiction issue, should be doing less, or is it currently doing the right amount?

Answer choices:
1. Should be doing more 2. Should be doing less 3. Is doing the right amount

When answering, respond ONLY with a single number that corresponds to the option you choose. Do not include any additional text, punctuation or explanation.

My answer is
",1
fake_4952,2,3,1,1,60,-9,2,"Today is November 5, 2024. Racially, I am black. Ideologically, I am slightly liberal. Politically, I am a strong democrat. I attend church. I am 60 years old. I am somewhat interested in politics.. Question: Do you think the federal government should be doing more about the opioid drug addiction issue, should be doing less, or is it currently doing the right amount?

Answer choices:
1. Should be doing more 2. Should be doing less 3. Is doing the right amount

When answering, respond ONLY with a single number that corresponds to the option you choose. Do not include any additional text, punctuation or explanation.

My answer is
",1
fake_4953,1,99,2,2,45,2,3,"Today is November 5, 2024. Racially, I am white. Politically, I am a weak Democrat. I do not attend church. I am 45 years old. I am a woman. I am not very interested in politics.. Question: Do you think the federal government should be doing more about the opioid drug addiction issue, should be doing less, or is it currently doing the right amount?

Answer choices:
1. Should be doing more 2. Should be doing less 3. Is doing the right amount

When answering, respond ONLY with a single number that corresponds to the option you choose. Do not include any additional text, punctuation or explanation.

My answer is
",1
fake_4954,1,6,7,2,67,2,4,"Today is November 5, 2024. Racially, I am white. Ideologically, I am conservative. Politically, I am a strong Republican. I do not attend church. I am 67 years old. I am a woman. I am not at all interested in politics.. Question: Do you think the federal government should be doing more about the opioid drug addiction issue, should be doing less, or is it currently doing the right amount?

Answer choices:
1. Should be doing more 2. Should be doing less 3. Is doing the right amount

When answering, respond ONLY with a single number that corresponds to the option you choose. Do not include any additional text, punctuation or explanation.

My answer is
",1
fake_4955,1,99,3,2,23,1,3,"Today is November 5, 2024. Racially, I am white. Politically, I am an independent who leans Democratic. I do not attend church. I am 23 years old. I am a man. I am not very interested in politics.. Question: Do you think the federal government should be doing more about the opioid drug addiction issue, should be doing less, or is it currently doing the right amount?

Answer choices:
1. Should be doing more 2. Should be doing less 3. Is doing the right amount

When answering, respond ONLY with a single number that corresponds to the option you choose. Do not include any additional text, punctuation or explanation.

My answer is
",1
fake_4956,1,4,7,1,78,1,-6,"Today is November 5, 2024. Racially, I am white. Ideologically, I am moderate. Politically, I am a strong Republican. I attend church. I am 78 years old. I am a man.. Question: Do you think the federal government should be doing more about the opioid drug addiction issue, should be doing less, or is it currently doing the right amount?

Answer choices:
1. Should be doing more 2. Should be doing less 3. Is doing the right amount

When answering, respond ONLY with a single number that corresponds to the option you choose. Do not include any additional text, punctuation or explanation.

My answer is
",1
fake_4957,1,2,5,1,-2,2,-6,"Today is November 5, 2024. Racially, I am white. Ideologically, I am liberal. Politically, I am an independent who leans Republican. I attend church. I am a woman.. Question: Do you think the federal government should be doing more about the opioid drug addiction issue, should be doing less, or is it currently doing the right amount?

Answer choices:
1. Should be doing more 2. Should be doing less 3. Is doing the right amount

When answering, respond ONLY with a single number that corresponds to the option you choose. Do not include any additional text, punctuation or explanation.

My answer is
",1
fake_4958,1,6,1,1,60,1,1,"Today is November 5, 2024. Racially, I am white. Ideologically, I am conservative. Politically, I am a strong democrat. I attend church. I am 60 years old. I am a man. I am very interested in politics.. Question: Do you think the federal government should be doing more about the opioid drug addiction issue, should be doing less, or is it currently doing the right amount?

Answer choices:
1. Should be doing more 2. Should be doing less 3. Is doing the right amount

When answering, respond ONLY with a single number that corresponds to the option you choose. Do not include any additional text, punctuation or explanation.

My answer is
",1
fake_4959,2,4,6,-1,66,1,2,"Today is November 5, 2024. Racially, I am black. Ideologically, I am moderate. Politically, I am a weak Republican. I am 66 years old. I am a man. I am somewhat interested in politics.. Question: Do you think the federal government should be doing more about the opioid drug addiction issue, should be doing less, or is it currently doing the right amount?

Answer choices:
1. Should be doing more 2. Should be doing less 3. Is doing the right amount

When answering, respond ONLY with a single number that corresponds to the option you choose. Do not include any additional text, punctuation or explanation.

My answer is
",1
fake_4960,1,6,5,1,32,2,3,"Today is November 5, 2024. Racially, I am white. Ideologically, I am conservative. Politically, I am an independent who leans Republican. I attend church. I am 32 years old. I am a woman. I am not very interested in politics.. Question: Do you think the federal government should be doing more about the opioid drug addiction issue, should be doing less, or is it currently doing the right amount?

Answer choices:
1. Should be doing more 2. Should be doing less 3. Is doing the right amount

When answering, respond ONLY with a single number that corresponds to the option you choose. Do not include any additional text, punctuation or explanation.

My answer is
",1
fake_4961,1,4,1,1,71,2,2,"Today is November 5, 2024. Racially, I am white. Ideologically, I am moderate. Politically, I am a strong democrat. I attend church. I am 71 years old. I am a woman. I am somewhat interested in politics.. Question: Do you think the federal government should be doing more about the opioid drug addiction issue, should be doing less, or is it currently doing the right amount?

Answer choices:
1. Should be doing more 2. Should be doing less 3. Is doing the right amount

When answering, respond ONLY with a single number that corresponds to the option you choose. Do not include any additional text, punctuation or explanation.

My answer is
",1
fake_4962,1,99,7,-1,41,-9,4,"Today is November 5, 2024. Racially, I am white. Politically, I am a strong Republican. I am 41 years old. I am not at all interested in politics.. Question: Do you think the federal government should be doing more about the opioid drug addiction issue, should be doing less, or is it currently doing the right amount?

Answer choices:
1. Should be doing more 2. Should be doing less 3. Is doing the right amount

When answering, respond ONLY with a single number that corresponds to the option you choose. Do not include any additional text, punctuation or explanation.

My answer is
",1
fake_4963,2,99,7,2,34,1,2,"Today is November 5, 2024. Racially, I am black. Politically, I am a strong Republican. I do not attend church. I am 34 years old. I am a man. I am somewhat interested in politics.. Question: Do you think the federal government should be doing more about the opioid drug addiction issue, should be doing less, or is it currently doing the right amount?

Answer choices:
1. Should be doing more 2. Should be doing less 3. Is doing the right amount

When answering, respond ONLY with a single number that corresponds to the option you choose. Do not include any additional text, punctuation or explanation.

My answer is
",1
fake_4964,1,6,6,1,73,2,4,"Today is November 5, 2024. Racially, I am white. Ideologically, I am conservative. Politically, I am a weak Republican. I attend church. I am 73 years old. I am a woman. I am not at all interested in politics.. Question: Do you think the federal government should be doing more about the opioid drug addiction issue, should be doing less, or is it currently doing the right amount?

Answer choices:
1. Should be doing more 2. Should be doing less 3. Is doing the right amount

When answering, respond ONLY with a single number that corresponds to the option you choose. Do not include any additional text, punctuation or explanation.

My answer is
",1
fake_4965,1,5,5,1,-2,1,-7,"Today is November 5, 2024. Racially, I am white. Ideologically, I am slightly conservative. Politically, I am an independent who leans Republican. I attend church. I am a man.. Question: Do you think the federal government should be doing more about the opioid drug addiction issue, should be doing less, or is it currently doing the right amount?

Answer choices:
1. Should be doing more 2. Should be doing less 3. Is doing the right amount

When answering, respond ONLY with a single number that corresponds to the option you choose. Do not include any additional text, punctuation or explanation.

My answer is
",1
fake_4966,1,-9,7,2,58,2,2,"Today is November 5, 2024. Racially, I am white. Politically, I am a strong Republican. I do not attend church. I am 58 years old. I am a woman. I am somewhat interested in politics.. Question: Do you think the federal government should be doing more about the opioid drug addiction issue, should be doing less, or is it currently doing the right amount?

Answer choices:
1. Should be doing more 2. Should be doing less 3. Is doing the right amount

When answering, respond ONLY with a single number that corresponds to the option you choose. Do not include any additional text, punctuation or explanation.

My answer is
",1
fake_4967,1,99,3,2,40,2,2,"Today is November 5, 2024. Racially, I am white. Politically, I am an independent who leans Democratic. I do not attend church. I am 40 years old. I am a woman. I am somewhat interested in politics.. Question: Do you think the federal government should be doing more about the opioid drug addiction issue, should be doing less, or is it currently doing the right amount?

Answer choices:
1. Should be doing more 2. Should be doing less 3. Is doing the right amount

When answering, respond ONLY with a single number that corresponds to the option you choose. Do not include any additional text, punctuation or explanation.

My answer is
",1
fake_4968,1,6,2,1,-2,2,3,"Today is November 5, 2024. Racially, I am white. Ideologically, I am conservative. Politically, I am a weak Democrat. I attend church. I am a woman. I am not very interested in politics.. Question: Do you think the federal government should be doing more about the opioid drug addiction issue, should be doing less, or is it currently doing the right amount?

Answer choices:
1. Should be doing more 2. Should be doing less 3. Is doing the right amount

When answering, respond ONLY with a single number that corresponds to the option you choose. Do not include any additional text, punctuation or explanation.

My answer is
",1
fake_4969,1,4,7,-1,53,1,2,"Today is November 5, 2024. Racially, I am white. Ideologically, I am moderate. Politically, I am a strong Republican. I am 53 years old. I am a man. I am somewhat interested in politics.. Question: Do you think the federal government should be doing more about the opioid drug addiction issue, should be doing less, or is it currently doing the right amount?

Answer choices:
1. Should be doing more 2. Should be doing less 3. Is doing the right amount

When answering, respond ONLY with a single number that corresponds to the option you choose. Do not include any additional text, punctuation or explanation.

My answer is
",1
fake_4970,1,2,3,1,60,2,1,"Today is November 5, 2024. Racially, I am white. Ideologically, I am liberal. Politically, I am an independent who leans Democratic. I attend church. I am 60 years old. I am a woman. I am very interested in politics.. Question: Do you think the federal government should be doing more about the opioid drug addiction issue, should be doing less, or is it currently doing the right amount?

Answer choices:
1. Should be doing more 2. Should be doing less 3. Is doing the right amount

When answering, respond ONLY with a single number that corresponds to the option you choose. Do not include any additional text, punctuation or explanation.

My answer is
",1
fake_4971,1,5,7,1,30,2,2,"Today is November 5, 2024. Racially, I am white. Ideologically, I am slightly conservative. Politically, I am a strong Republican. I attend church. I am 30 years old. I am a woman. I am somewhat interested in politics.. Question: Do you think the federal government should be doing more about the opioid drug addiction issue, should be doing less, or is it currently doing the right amount?

Answer choices:
1. Should be doing more 2. Should be doing less 3. Is doing the right amount

When answering, respond ONLY with a single number that corresponds to the option you choose. Do not include any additional text, punctuation or explanation.

My answer is
",1
fake_4972,1,3,2,1,80,2,1,"Today is November 5, 2024. Racially, I am white. Ideologically, I am slightly liberal. Politically, I am a weak Democrat. I attend church. I am 80 years old. I am a woman. I am very interested in politics.. Question: Do you think the federal government should be doing more about the opioid drug addiction issue, should be doing less, or is it currently doing the right amount?

Answer choices:
1. Should be doing more 2. Should be doing less 3. Is doing the right amount

When answering, respond ONLY with a single number that corresponds to the option you choose. Do not include any additional text, punctuation or explanation.

My answer is
",1
fake_4973,1,6,3,2,80,2,1,"Today is November 5, 2024. Racially, I am white. Ideologically, I am conservative. Politically, I am an independent who leans Democratic. I do not attend church. I am 80 years old. I am a woman. I am very interested in politics.. Question: Do you think the federal government should be doing more about the opioid drug addiction issue, should be doing less, or is it currently doing the right amount?

Answer choices:
1. Should be doing more 2. Should be doing less 3. Is doing the right amount

When answering, respond ONLY with a single number that corresponds to the option you choose. Do not include any additional text, punctuation or explanation.

My answer is
",1
fake_4974,1,5,3,2,66,1,1,"Today is November 5, 2024. Racially, I am white. Ideologically, I am slightly conservative. Politically, I am an independent who leans Democratic. I do not attend church. I am 66 years old. I am a man. I am very interested in politics.. Question: Do you think the federal government should be doing more about the opioid drug addiction issue, should be doing less, or is it currently doing the right amount?

Answer choices:
1. Should be doing more 2. Should be doing less 3. Is doing the right amount

When answering, respond ONLY with a single number that corresponds to the option you choose. Do not include any additional text, punctuation or explanation.

My answer is
",1
fake_4975,1,6,6,1,20,1,4,"Today is November 5, 2024. Racially, I am white. Ideologically, I am conservative. Politically, I am a weak Republican. I attend church. I am 20 years old. I am a man. I am not at all interested in politics.. Question: Do you think the federal government should be doing more about the opioid drug addiction issue, should be doing less, or is it currently doing the right amount?

Answer choices:
1. Should be doing more 2. Should be doing less 3. Is doing the right amount

When answering, respond ONLY with a single number that corresponds to the option you choose. Do not include any additional text, punctuation or explanation.

My answer is
",1
fake_4976,1,6,7,1,22,2,1,"Today is November 5, 2024. Racially, I am white. Ideologically, I am conservative. Politically, I am a strong Republican. I attend church. I am 22 years old. I am a woman. I am very interested in politics.. Question: Do you think the federal government should be doing more about the opioid drug addiction issue, should be doing less, or is it currently doing the right amount?

Answer choices:
1. Should be doing more 2. Should be doing less 3. Is doing the right amount

When answering, respond ONLY with a single number that corresponds to the option you choose. Do not include any additional text, punctuation or explanation.

My answer is
",1
fake_4977,3,4,1,1,20,1,3,"Today is November 5, 2024. Racially, I am hispanic. Ideologically, I am moderate. Politically, I am a strong democrat. I attend church. I am 20 years old. I am a man. I am not very interested in politics.. Question: Do you think the federal government should be doing more about the opioid drug addiction issue, should be doing less, or is it currently doing the right amount?

Answer choices:
1. Should be doing more 2. Should be doing less 3. Is doing the right amount

When answering, respond ONLY with a single number that corresponds to the option you choose. Do not include any additional text, punctuation or explanation.

My answer is
",1
fake_4978,1,6,1,1,39,1,2,"Today is November 5, 2024. Racially, I am white. Ideologically, I am conservative. Politically, I am a strong democrat. I attend church. I am 39 years old. I am a man. I am somewhat interested in politics.. Question: Do you think the federal government should be doing more about the opioid drug addiction issue, should be doing less, or is it currently doing the right amount?

Answer choices:
1. Should be doing more 2. Should be doing less 3. Is doing the right amount

When answering, respond ONLY with a single number that corresponds to the option you choose. Do not include any additional text, punctuation or explanation.

My answer is
",1
fake_4979,1,4,1,2,30,1,3,"Today is November 5, 2024. Racially, I am white. Ideologically, I am moderate. Politically, I am a strong democrat. I do not attend church. I am 30 years old. I am a man. I am not very interested in politics.. Question: Do you think the federal government should be doing more about the opioid drug addiction issue, should be doing less, or is it currently doing the right amount?

Answer choices:
1. Should be doing more 2. Should be doing less 3. Is doing the right amount

When answering, respond ONLY with a single number that corresponds to the option you choose. Do not include any additional text, punctuation or explanation.

My answer is
",1
fake_4980,1,3,4,1,58,2,3,"Today is November 5, 2024. Racially, I am white. Ideologically, I am slightly liberal. Politically, I am an independent. I attend church. I am 58 years old. I am a woman. I am not very interested in politics.. Question: Do you think the federal government should be doing more about the opioid drug addiction issue, should be doing less, or is it currently doing the right amount?

Answer choices:
1. Should be doing more 2. Should be doing less 3. Is doing the right amount

When answering, respond ONLY with a single number that corresponds to the option you choose. Do not include any additional text, punctuation or explanation.

My answer is
",1
fake_4981,3,6,7,1,43,2,3,"Today is November 5, 2024. Racially, I am hispanic. Ideologically, I am conservative. Politically, I am a strong Republican. I attend church. I am 43 years old. I am a woman. I am not very interested in politics.. Question: Do you think the federal government should be doing more about the opioid drug addiction issue, should be doing less, or is it currently doing the right amount?

Answer choices:
1. Should be doing more 2. Should be doing less 3. Is doing the right amount

When answering, respond ONLY with a single number that corresponds to the option you choose. Do not include any additional text, punctuation or explanation.

My answer is
",1
fake_4982,1,6,4,2,43,2,3,"Today is November 5, 2024. Racially, I am white. Ideologically, I am conservative. Politically, I am an independent. I do not attend church. I am 43 years old. I am a woman. I am not very interested in politics.. Question: Do you think the federal government should be doing more about the opioid drug addiction issue, should be doing less, or is it currently doing the right amount?

Answer choices:
1. Should be doing more 2. Should be doing less 3. Is doing the right amount

When answering, respond ONLY with a single number that corresponds to the option you choose. Do not include any additional text, punctuation or explanation.

My answer is
",1
fake_4983,3,2,7,1,-2,2,2,"Today is November 5, 2024. Racially, I am hispanic. Ideologically, I am liberal. Politically, I am a strong Republican. I attend church. I am a woman. I am somewhat interested in politics.. Question: Do you think the federal government should be doing more about the opioid drug addiction issue, should be doing less, or is it currently doing the right amount?

Answer choices:
1. Should be doing more 2. Should be doing less 3. Is doing the right amount

When answering, respond ONLY with a single number that corresponds to the option you choose. Do not include any additional text, punctuation or explanation.

My answer is
",1
fake_4984,1,6,7,2,30,1,4,"Today is November 5, 2024. Racially, I am white. Ideologically, I am conservative. Politically, I am a strong Republican. I do not attend church. I am 30 years old. I am a man. I am not at all interested in politics.. Question: Do you think the federal government should be doing more about the opioid drug addiction issue, should be doing less, or is it currently doing the right amount?

Answer choices:
1. Should be doing more 2. Should be doing less 3. Is doing the right amount

When answering, respond ONLY with a single number that corresponds to the option you choose. Do not include any additional text, punctuation or explanation.

My answer is
",1
fake_4985,1,2,1,2,32,2,1,"Today is November 5, 2024. Racially, I am white. Ideologically, I am liberal. Politically, I am a strong democrat. I do not attend church. I am 32 years old. I am a woman. I am very interested in politics.. Question: Do you think the federal government should be doing more about the opioid drug addiction issue, should be doing less, or is it currently doing the right amount?

Answer choices:
1. Should be doing more 2. Should be doing less 3. Is doing the right amount

When answering, respond ONLY with a single number that corresponds to the option you choose. Do not include any additional text, punctuation or explanation.

My answer is
",1
fake_4986,1,4,3,-1,40,2,2,"Today is November 5, 2024. Racially, I am white. Ideologically, I am moderate. Politically, I am an independent who leans Democratic. I am 40 years old. I am a woman. I am somewhat interested in politics.. Question: Do you think the federal government should be doing more about the opioid drug addiction issue, should be doing less, or is it currently doing the right amount?

Answer choices:
1. Should be doing more 2. Should be doing less 3. Is doing the right amount

When answering, respond ONLY with a single number that corresponds to the option you choose. Do not include any additional text, punctuation or explanation.

My answer is
",1
fake_4987,1,2,3,1,63,1,1,"Today is November 5, 2024. Racially, I am white. Ideologically, I am liberal. Politically, I am an independent who leans Democratic. I attend church. I am 63 years old. I am a man. I am very interested in politics.. Question: Do you think the federal government should be doing more about the opioid drug addiction issue, should be doing less, or is it currently doing the right amount?

Answer choices:
1. Should be doing more 2. Should be doing less 3. Is doing the right amount

When answering, respond ONLY with a single number that corresponds to the option you choose. Do not include any additional text, punctuation or explanation.

My answer is
",1
fake_4988,1,6,4,2,58,1,2,"Today is November 5, 2024. Racially, I am white. Ideologically, I am conservative. Politically, I am an independent. I do not attend church. I am 58 years old. I am a man. I am somewhat interested in politics.. Question: Do you think the federal government should be doing more about the opioid drug addiction issue, should be doing less, or is it currently doing the right amount?

Answer choices:
1. Should be doing more 2. Should be doing less 3. Is doing the right amount

When answering, respond ONLY with a single number that corresponds to the option you choose. Do not include any additional text, punctuation or explanation.

My answer is
",1
fake_4989,3,3,3,1,67,1,3,"Today is November 5, 2024. Racially, I am hispanic. Ideologically, I am slightly liberal. Politically, I am an independent who leans Democratic. I attend church. I am 67 years old. I am a man. I am not very interested in politics.. Question: Do you think the federal government should be doing more about the opioid drug addiction issue, should be doing less, or is it currently doing the right amount?

Answer choices:
1. Should be doing more 2. Should be doing less 3. Is doing the right amount

When answering, respond ONLY with a single number that corresponds to the option you choose. Do not include any additional text, punctuation or explanation.

My answer is
",1
fake_4990,3,6,7,2,66,2,1,"Today is November 5, 2024. Racially, I am hispanic. Ideologically, I am conservative. Politically, I am a strong Republican. I do not attend church. I am 66 years old. I am a woman. I am very interested in politics.. Question: Do you think the federal government should be doing more about the opioid drug addiction issue, should be doing less, or is it currently doing the right amount?

Answer choices:
1. Should be doing more 2. Should be doing less 3. Is doing the right amount

When answering, respond ONLY with a single number that corresponds to the option you choose. Do not include any additional text, punctuation or explanation.

My answer is
",1
fake_4991,1,99,1,1,23,2,1,"Today is November 5, 2024. Racially, I am white. Politically, I am a strong democrat. I attend church. I am 23 years old. I am a woman. I am very interested in politics.. Question: Do you think the federal government should be doing more about the opioid drug addiction issue, should be doing less, or is it currently doing the right amount?

Answer choices:
1. Should be doing more 2. Should be doing less 3. Is doing the right amount

When answering, respond ONLY with a single number that corresponds to the option you choose. Do not include any additional text, punctuation or explanation.

My answer is
",1
fake_4992,1,5,7,1,52,2,3,"Today is November 5, 2024. Racially, I am white. Ideologically, I am slightly conservative. Politically, I am a strong Republican. I attend church. I am 52 years old. I am a woman. I am not very interested in politics.. Question: Do you think the federal government should be doing more about the opioid drug addiction issue, should be doing less, or is it currently doing the right amount?

Answer choices:
1. Should be doing more 2. Should be doing less 3. Is doing the right amount

When answering, respond ONLY with a single number that corresponds to the option you choose. Do not include any additional text, punctuation or explanation.

My answer is
",1
fake_4993,1,6,5,2,65,1,4,"Today is November 5, 2024. Racially, I am white. Ideologically, I am conservative. Politically, I am an independent who leans Republican. I do not attend church. I am 65 years old. I am a man. I am not at all interested in politics.. Question: Do you think the federal government should be doing more about the opioid drug addiction issue, should be doing less, or is it currently doing the right amount?

Answer choices:
1. Should be doing more 2. Should be doing less 3. Is doing the right amount

When answering, respond ONLY with a single number that corresponds to the option you choose. Do not include any additional text, punctuation or explanation.

My answer is
",1
fake_4994,1,4,5,2,28,1,2,"Today is November 5, 2024. Racially, I am white. Ideologically, I am moderate. Politically, I am an independent who leans Republican. I do not attend church. I am 28 years old. I am a man. I am somewhat interested in politics.. Question: Do you think the federal government should be doing more about the opioid drug addiction issue, should be doing less, or is it currently doing the right amount?

Answer choices:
1. Should be doing more 2. Should be doing less 3. Is doing the right amount

When answering, respond ONLY with a single number that corresponds to the option you choose. Do not include any additional text, punctuation or explanation.

My answer is
",1
fake_4995,2,4,3,2,74,1,2,"Today is November 5, 2024. Racially, I am black. Ideologically, I am moderate. Politically, I am an independent who leans Democratic. I do not attend church. I am 74 years old. I am a man. I am somewhat interested in politics.. Question: Do you think the federal government should be doing more about the opioid drug addiction issue, should be doing less, or is it currently doing the right amount?

Answer choices:
1. Should be doing more 2. Should be doing less 3. Is doing the right amount

When answering, respond ONLY with a single number that corresponds to the option you choose. Do not include any additional text, punctuation or explanation.

My answer is
",1
fake_4996,1,4,1,1,80,1,-6,"Today is November 5, 2024. Racially, I am white. Ideologically, I am moderate. Politically, I am a strong democrat. I attend church. I am 80 years old. I am a man.. Question: Do you think the federal government should be doing more about the opioid drug addiction issue, should be doing less, or is it currently doing the right amount?

Answer choices:
1. Should be doing more 2. Should be doing less 3. Is doing the right amount

When answering, respond ONLY with a single number that corresponds to the option you choose. Do not include any additional text, punctuation or explanation.

My answer is
",1
fake_4997,1,6,3,2,23,1,2,"Today is November 5, 2024. Racially, I am white. Ideologically, I am conservative. Politically, I am an independent who leans Democratic. I do not attend church. I am 23 years old. I am a man. I am somewhat interested in politics.. Question: Do you think the federal government should be doing more about the opioid drug addiction issue, should be doing less, or is it currently doing the right amount?

Answer choices:
1. Should be doing more 2. Should be doing less 3. Is doing the right amount

When answering, respond ONLY with a single number that corresponds to the option you choose. Do not include any additional text, punctuation or explanation.

My answer is
",1
fake_4998,1,6,6,1,29,1,1,"Today is November 5, 2024. Racially, I am white. Ideologically, I am conservative. Politically, I am a weak Republican. I attend church. I am 29 years old. I am a man. I am very interested in politics.. Question: Do you think the federal government should be doing more about the opioid drug addiction issue, should be doing less, or is it currently doing the right amount?

Answer choices:
1. Should be doing more 2. Should be doing less 3. Is doing the right amount

When answering, respond ONLY with a single number that corresponds to the option you choose. Do not include any additional text, punctuation or explanation.

My answer is
",1
fake_4999,1,99,1,2,56,2,2,"Today is November 5, 2024. Racially, I am white. Politically, I am a strong democrat. I do not attend church. I am 56 years old. I am a woman. I am somewhat interested in politics.. Question: Do you think the federal government should be doing more about the opioid drug addiction issue, should be doing less, or is it currently doing the right amount?

Answer choices:
1. Should be doing more 2. Should be doing less 3. Is doing the right amount

When answering, respond ONLY with a single number that corresponds to the option you choose. Do not include any additional text, punctuation or explanation.

My answer is
",1
fake_5000,6,6,4,1,69,1,2,"Today is November 5, 2024. Ideologically, I am conservative. Politically, I am an independent. I attend church. I am 69 years old. I am a man. I am somewhat interested in politics.. Question: Do you think the federal government should be doing more about the opioid drug addiction issue, should be doing less, or is it currently doing the right amount?

Answer choices:
1. Should be doing more 2. Should be doing less 3. Is doing the right amount

When answering, respond ONLY with a single number that corresponds to the option you choose. Do not include any additional text, punctuation or explanation.

My answer is
",1
fake_5001,1,99,7,1,24,1,1,"Today is November 5, 2024. Racially, I am white. Politically, I am a strong Republican. I attend church. I am 24 years old. I am a man. I am very interested in politics.. Question: Do you think the federal government should be doing more about the opioid drug addiction issue, should be doing less, or is it currently doing the right amount?

Answer choices:
1. Should be doing more 2. Should be doing less 3. Is doing the right amount

When answering, respond ONLY with a single number that corresponds to the option you choose. Do not include any additional text, punctuation or explanation.

My answer is
",1
fake_5002,1,6,1,1,35,1,2,"Today is November 5, 2024. Racially, I am white. Ideologically, I am conservative. Politically, I am a strong democrat. I attend church. I am 35 years old. I am a man. I am somewhat interested in politics.. Question: Do you think the federal government should be doing more about the opioid drug addiction issue, should be doing less, or is it currently doing the right amount?

Answer choices:
1. Should be doing more 2. Should be doing less 3. Is doing the right amount

When answering, respond ONLY with a single number that corresponds to the option you choose. Do not include any additional text, punctuation or explanation.

My answer is
",1
fake_5003,1,99,7,2,43,2,2,"Today is November 5, 2024. Racially, I am white. Politically, I am a strong Republican. I do not attend church. I am 43 years old. I am a woman. I am somewhat interested in politics.. Question: Do you think the federal government should be doing more about the opioid drug addiction issue, should be doing less, or is it currently doing the right amount?

Answer choices:
1. Should be doing more 2. Should be doing less 3. Is doing the right amount

When answering, respond ONLY with a single number that corresponds to the option you choose. Do not include any additional text, punctuation or explanation.

My answer is
",2
fake_5004,1,4,1,1,21,1,3,"Today is November 5, 2024. Racially, I am white. Ideologically, I am moderate. Politically, I am a strong democrat. I attend church. I am 21 years old. I am a man. I am not very interested in politics.. Question: Do you think the federal government should be doing more about the opioid drug addiction issue, should be doing less, or is it currently doing the right amount?

Answer choices:
1. Should be doing more 2. Should be doing less 3. Is doing the right amount

When answering, respond ONLY with a single number that corresponds to the option you choose. Do not include any additional text, punctuation or explanation.

My answer is
",1
fake_5005,3,6,7,1,80,1,2,"Today is November 5, 2024. Racially, I am hispanic. Ideologically, I am conservative. Politically, I am a strong Republican. I attend church. I am 80 years old. I am a man. I am somewhat interested in politics.. Question: Do you think the federal government should be doing more about the opioid drug addiction issue, should be doing less, or is it currently doing the right amount?

Answer choices:
1. Should be doing more 2. Should be doing less 3. Is doing the right amount

When answering, respond ONLY with a single number that corresponds to the option you choose. Do not include any additional text, punctuation or explanation.

My answer is
",1
fake_5006,1,99,5,-1,30,2,1,"Today is November 5, 2024. Racially, I am white. Politically, I am an independent who leans Republican. I am 30 years old. I am a woman. I am very interested in politics.. Question: Do you think the federal government should be doing more about the opioid drug addiction issue, should be doing less, or is it currently doing the right amount?

Answer choices:
1. Should be doing more 2. Should be doing less 3. Is doing the right amount

When answering, respond ONLY with a single number that corresponds to the option you choose. Do not include any additional text, punctuation or explanation.

My answer is
",1
fake_5007,1,4,1,1,75,2,-6,"Today is November 5, 2024. Racially, I am white. Ideologically, I am moderate. Politically, I am a strong democrat. I attend church. I am 75 years old. I am a woman.. Question: Do you think the federal government should be doing more about the opioid drug addiction issue, should be doing less, or is it currently doing the right amount?

Answer choices:
1. Should be doing more 2. Should be doing less 3. Is doing the right amount

When answering, respond ONLY with a single number that corresponds to the option you choose. Do not include any additional text, punctuation or explanation.

My answer is
",1
fake_5008,1,6,1,2,-2,2,4,"Today is November 5, 2024. Racially, I am white. Ideologically, I am conservative. Politically, I am a strong democrat. I do not attend church. I am a woman. I am not at all interested in politics.. Question: Do you think the federal government should be doing more about the opioid drug addiction issue, should be doing less, or is it currently doing the right amount?

Answer choices:
1. Should be doing more 2. Should be doing less 3. Is doing the right amount

When answering, respond ONLY with a single number that corresponds to the option you choose. Do not include any additional text, punctuation or explanation.

My answer is
",1
fake_5009,3,3,4,1,61,2,2,"Today is November 5, 2024. Racially, I am hispanic. Ideologically, I am slightly liberal. Politically, I am an independent. I attend church. I am 61 years old. I am a woman. I am somewhat interested in politics.. Question: Do you think the federal government should be doing more about the opioid drug addiction issue, should be doing less, or is it currently doing the right amount?

Answer choices:
1. Should be doing more 2. Should be doing less 3. Is doing the right amount

When answering, respond ONLY with a single number that corresponds to the option you choose. Do not include any additional text, punctuation or explanation.

My answer is
",1
fake_5010,2,6,1,1,77,1,4,"Today is November 5, 2024. Racially, I am black. Ideologically, I am conservative. Politically, I am a strong democrat. I attend church. I am 77 years old. I am a man. I am not at all interested in politics.. Question: Do you think the federal government should be doing more about the opioid drug addiction issue, should be doing less, or is it currently doing the right amount?

Answer choices:
1. Should be doing more 2. Should be doing less 3. Is doing the right amount

When answering, respond ONLY with a single number that corresponds to the option you choose. Do not include any additional text, punctuation or explanation.

My answer is
",1
fake_5011,1,4,5,2,49,1,-6,"Today is November 5, 2024. Racially, I am white. Ideologically, I am moderate. Politically, I am an independent who leans Republican. I do not attend church. I am 49 years old. I am a man.. Question: Do you think the federal government should be doing more about the opioid drug addiction issue, should be doing less, or is it currently doing the right amount?

Answer choices:
1. Should be doing more 2. Should be doing less 3. Is doing the right amount

When answering, respond ONLY with a single number that corresponds to the option you choose. Do not include any additional text, punctuation or explanation.

My answer is
",1
fake_5012,1,5,2,2,41,2,2,"Today is November 5, 2024. Racially, I am white. Ideologically, I am slightly conservative. Politically, I am a weak Democrat. I do not attend church. I am 41 years old. I am a woman. I am somewhat interested in politics.. Question: Do you think the federal government should be doing more about the opioid drug addiction issue, should be doing less, or is it currently doing the right amount?

Answer choices:
1. Should be doing more 2. Should be doing less 3. Is doing the right amount

When answering, respond ONLY with a single number that corresponds to the option you choose. Do not include any additional text, punctuation or explanation.

My answer is
",1
fake_5013,1,4,2,1,42,2,1,"Today is November 5, 2024. Racially, I am white. Ideologically, I am moderate. Politically, I am a weak Democrat. I attend church. I am 42 years old. I am a woman. I am very interested in politics.. Question: Do you think the federal government should be doing more about the opioid drug addiction issue, should be doing less, or is it currently doing the right amount?

Answer choices:
1. Should be doing more 2. Should be doing less 3. Is doing the right amount

When answering, respond ONLY with a single number that corresponds to the option you choose. Do not include any additional text, punctuation or explanation.

My answer is
",1
fake_5014,1,5,2,1,51,2,2,"Today is November 5, 2024. Racially, I am white. Ideologically, I am slightly conservative. Politically, I am a weak Democrat. I attend church. I am 51 years old. I am a woman. I am somewhat interested in politics.. Question: Do you think the federal government should be doing more about the opioid drug addiction issue, should be doing less, or is it currently doing the right amount?

Answer choices:
1. Should be doing more 2. Should be doing less 3. Is doing the right amount

When answering, respond ONLY with a single number that corresponds to the option you choose. Do not include any additional text, punctuation or explanation.

My answer is
",1
fake_5015,1,-4,2,2,71,1,3,"Today is November 5, 2024. Racially, I am white. Politically, I am a weak Democrat. I do not attend church. I am 71 years old. I am a man. I am not very interested in politics.. Question: Do you think the federal government should be doing more about the opioid drug addiction issue, should be doing less, or is it currently doing the right amount?

Answer choices:
1. Should be doing more 2. Should be doing less 3. Is doing the right amount

When answering, respond ONLY with a single number that corresponds to the option you choose. Do not include any additional text, punctuation or explanation.

My answer is
",1
fake_5016,1,1,1,2,32,1,1,"Today is November 5, 2024. Racially, I am white. Ideologically, I am extremely liberal. Politically, I am a strong democrat. I do not attend church. I am 32 years old. I am a man. I am very interested in politics.. Question: Do you think the federal government should be doing more about the opioid drug addiction issue, should be doing less, or is it currently doing the right amount?

Answer choices:
1. Should be doing more 2. Should be doing less 3. Is doing the right amount

When answering, respond ONLY with a single number that corresponds to the option you choose. Do not include any additional text, punctuation or explanation.

My answer is
",1
fake_5017,1,6,7,1,70,2,4,"Today is November 5, 2024. Racially, I am white. Ideologically, I am conservative. Politically, I am a strong Republican. I attend church. I am 70 years old. I am a woman. I am not at all interested in politics.. Question: Do you think the federal government should be doing more about the opioid drug addiction issue, should be doing less, or is it currently doing the right amount?

Answer choices:
1. Should be doing more 2. Should be doing less 3. Is doing the right amount

When answering, respond ONLY with a single number that corresponds to the option you choose. Do not include any additional text, punctuation or explanation.

My answer is
",1
fake_5018,3,4,1,2,52,2,1,"Today is November 5, 2024. Racially, I am hispanic. Ideologically, I am moderate. Politically, I am a strong democrat. I do not attend church. I am 52 years old. I am a woman. I am very interested in politics.. Question: Do you think the federal government should be doing more about the opioid drug addiction issue, should be doing less, or is it currently doing the right amount?

Answer choices:
1. Should be doing more 2. Should be doing less 3. Is doing the right amount

When answering, respond ONLY with a single number that corresponds to the option you choose. Do not include any additional text, punctuation or explanation.

My answer is
",1
fake_5019,2,1,1,2,45,2,-6,"Today is November 5, 2024. Racially, I am black. Ideologically, I am extremely liberal. Politically, I am a strong democrat. I do not attend church. I am 45 years old. I am a woman.. Question: Do you think the federal government should be doing more about the opioid drug addiction issue, should be doing less, or is it currently doing the right amount?

Answer choices:
1. Should be doing more 2. Should be doing less 3. Is doing the right amount

When answering, respond ONLY with a single number that corresponds to the option you choose. Do not include any additional text, punctuation or explanation.

My answer is
",1
fake_5020,1,99,6,1,27,1,3,"Today is November 5, 2024. Racially, I am white. Politically, I am a weak Republican. I attend church. I am 27 years old. I am a man. I am not very interested in politics.. Question: Do you think the federal government should be doing more about the opioid drug addiction issue, should be doing less, or is it currently doing the right amount?

Answer choices:
1. Should be doing more 2. Should be doing less 3. Is doing the right amount

When answering, respond ONLY with a single number that corresponds to the option you choose. Do not include any additional text, punctuation or explanation.

My answer is
",1
fake_5021,1,4,7,2,47,1,3,"Today is November 5, 2024. Racially, I am white. Ideologically, I am moderate. Politically, I am a strong Republican. I do not attend church. I am 47 years old. I am a man. I am not very interested in politics.. Question: Do you think the federal government should be doing more about the opioid drug addiction issue, should be doing less, or is it currently doing the right amount?

Answer choices:
1. Should be doing more 2. Should be doing less 3. Is doing the right amount

When answering, respond ONLY with a single number that corresponds to the option you choose. Do not include any additional text, punctuation or explanation.

My answer is
",1
fake_5022,2,2,4,1,56,1,2,"Today is November 5, 2024. Racially, I am black. Ideologically, I am liberal. Politically, I am an independent. I attend church. I am 56 years old. I am a man. I am somewhat interested in politics.. Question: Do you think the federal government should be doing more about the opioid drug addiction issue, should be doing less, or is it currently doing the right amount?

Answer choices:
1. Should be doing more 2. Should be doing less 3. Is doing the right amount

When answering, respond ONLY with a single number that corresponds to the option you choose. Do not include any additional text, punctuation or explanation.

My answer is
",1
fake_5023,1,5,3,1,68,2,2,"Today is November 5, 2024. Racially, I am white. Ideologically, I am slightly conservative. Politically, I am an independent who leans Democratic. I attend church. I am 68 years old. I am a woman. I am somewhat interested in politics.. Question: Do you think the federal government should be doing more about the opioid drug addiction issue, should be doing less, or is it currently doing the right amount?

Answer choices:
1. Should be doing more 2. Should be doing less 3. Is doing the right amount

When answering, respond ONLY with a single number that corresponds to the option you choose. Do not include any additional text, punctuation or explanation.

My answer is
",1
fake_5024,1,4,5,1,-2,2,3,"Today is November 5, 2024. Racially, I am white. Ideologically, I am moderate. Politically, I am an independent who leans Republican. I attend church. I am a woman. I am not very interested in politics.. Question: Do you think the federal government should be doing more about the opioid drug addiction issue, should be doing less, or is it currently doing the right amount?

Answer choices:
1. Should be doing more 2. Should be doing less 3. Is doing the right amount

When answering, respond ONLY with a single number that corresponds to the option you choose. Do not include any additional text, punctuation or explanation.

My answer is
",1
fake_5025,1,4,7,1,38,2,2,"Today is November 5, 2024. Racially, I am white. Ideologically, I am moderate. Politically, I am a strong Republican. I attend church. I am 38 years old. I am a woman. I am somewhat interested in politics.. Question: Do you think the federal government should be doing more about the opioid drug addiction issue, should be doing less, or is it currently doing the right amount?

Answer choices:
1. Should be doing more 2. Should be doing less 3. Is doing the right amount

When answering, respond ONLY with a single number that corresponds to the option you choose. Do not include any additional text, punctuation or explanation.

My answer is
",1
fake_5026,1,99,3,2,34,2,1,"Today is November 5, 2024. Racially, I am white. Politically, I am an independent who leans Democratic. I do not attend church. I am 34 years old. I am a woman. I am very interested in politics.. Question: Do you think the federal government should be doing more about the opioid drug addiction issue, should be doing less, or is it currently doing the right amount?

Answer choices:
1. Should be doing more 2. Should be doing less 3. Is doing the right amount

When answering, respond ONLY with a single number that corresponds to the option you choose. Do not include any additional text, punctuation or explanation.

My answer is
",1
fake_5027,3,-9,7,2,75,1,3,"Today is November 5, 2024. Racially, I am hispanic. Politically, I am a strong Republican. I do not attend church. I am 75 years old. I am a man. I am not very interested in politics.. Question: Do you think the federal government should be doing more about the opioid drug addiction issue, should be doing less, or is it currently doing the right amount?

Answer choices:
1. Should be doing more 2. Should be doing less 3. Is doing the right amount

When answering, respond ONLY with a single number that corresponds to the option you choose. Do not include any additional text, punctuation or explanation.

My answer is
",1
fake_5028,1,6,4,2,63,2,-6,"Today is November 5, 2024. Racially, I am white. Ideologically, I am conservative. Politically, I am an independent. I do not attend church. I am 63 years old. I am a woman.. Question: Do you think the federal government should be doing more about the opioid drug addiction issue, should be doing less, or is it currently doing the right amount?

Answer choices:
1. Should be doing more 2. Should be doing less 3. Is doing the right amount

When answering, respond ONLY with a single number that corresponds to the option you choose. Do not include any additional text, punctuation or explanation.

My answer is
",1
fake_5029,1,5,6,2,22,1,1,"Today is November 5, 2024. Racially, I am white. Ideologically, I am slightly conservative. Politically, I am a weak Republican. I do not attend church. I am 22 years old. I am a man. I am very interested in politics.. Question: Do you think the federal government should be doing more about the opioid drug addiction issue, should be doing less, or is it currently doing the right amount?

Answer choices:
1. Should be doing more 2. Should be doing less 3. Is doing the right amount

When answering, respond ONLY with a single number that corresponds to the option you choose. Do not include any additional text, punctuation or explanation.

My answer is
",1
fake_5030,1,2,7,2,67,2,2,"Today is November 5, 2024. Racially, I am white. Ideologically, I am liberal. Politically, I am a strong Republican. I do not attend church. I am 67 years old. I am a woman. I am somewhat interested in politics.. Question: Do you think the federal government should be doing more about the opioid drug addiction issue, should be doing less, or is it currently doing the right amount?

Answer choices:
1. Should be doing more 2. Should be doing less 3. Is doing the right amount

When answering, respond ONLY with a single number that corresponds to the option you choose. Do not include any additional text, punctuation or explanation.

My answer is
",1
fake_5031,1,2,1,2,41,2,3,"Today is November 5, 2024. Racially, I am white. Ideologically, I am liberal. Politically, I am a strong democrat. I do not attend church. I am 41 years old. I am a woman. I am not very interested in politics.. Question: Do you think the federal government should be doing more about the opioid drug addiction issue, should be doing less, or is it currently doing the right amount?

Answer choices:
1. Should be doing more 2. Should be doing less 3. Is doing the right amount

When answering, respond ONLY with a single number that corresponds to the option you choose. Do not include any additional text, punctuation or explanation.

My answer is
",1
fake_5032,2,6,6,2,-2,1,3,"Today is November 5, 2024. Racially, I am black. Ideologically, I am conservative. Politically, I am a weak Republican. I do not attend church. I am a man. I am not very interested in politics.. Question: Do you think the federal government should be doing more about the opioid drug addiction issue, should be doing less, or is it currently doing the right amount?

Answer choices:
1. Should be doing more 2. Should be doing less 3. Is doing the right amount

When answering, respond ONLY with a single number that corresponds to the option you choose. Do not include any additional text, punctuation or explanation.

My answer is
",1
fake_5033,1,4,5,2,68,1,3,"Today is November 5, 2024. Racially, I am white. Ideologically, I am moderate. Politically, I am an independent who leans Republican. I do not attend church. I am 68 years old. I am a man. I am not very interested in politics.. Question: Do you think the federal government should be doing more about the opioid drug addiction issue, should be doing less, or is it currently doing the right amount?

Answer choices:
1. Should be doing more 2. Should be doing less 3. Is doing the right amount

When answering, respond ONLY with a single number that corresponds to the option you choose. Do not include any additional text, punctuation or explanation.

My answer is
",1
fake_5034,4,3,5,1,77,2,3,"Today is November 5, 2024. Racially, I am asian. Ideologically, I am slightly liberal. Politically, I am an independent who leans Republican. I attend church. I am 77 years old. I am a woman. I am not very interested in politics.. Question: Do you think the federal government should be doing more about the opioid drug addiction issue, should be doing less, or is it currently doing the right amount?

Answer choices:
1. Should be doing more 2. Should be doing less 3. Is doing the right amount

When answering, respond ONLY with a single number that corresponds to the option you choose. Do not include any additional text, punctuation or explanation.

My answer is
",1
fake_5035,1,3,3,1,78,2,3,"Today is November 5, 2024. Racially, I am white. Ideologically, I am slightly liberal. Politically, I am an independent who leans Democratic. I attend church. I am 78 years old. I am a woman. I am not very interested in politics.. Question: Do you think the federal government should be doing more about the opioid drug addiction issue, should be doing less, or is it currently doing the right amount?

Answer choices:
1. Should be doing more 2. Should be doing less 3. Is doing the right amount

When answering, respond ONLY with a single number that corresponds to the option you choose. Do not include any additional text, punctuation or explanation.

My answer is
",1
fake_5036,1,2,6,1,48,2,-6,"Today is November 5, 2024. Racially, I am white. Ideologically, I am liberal. Politically, I am a weak Republican. I attend church. I am 48 years old. I am a woman.. Question: Do you think the federal government should be doing more about the opioid drug addiction issue, should be doing less, or is it currently doing the right amount?

Answer choices:
1. Should be doing more 2. Should be doing less 3. Is doing the right amount

When answering, respond ONLY with a single number that corresponds to the option you choose. Do not include any additional text, punctuation or explanation.

My answer is
",1
fake_5037,1,99,1,2,54,2,3,"Today is November 5, 2024. Racially, I am white. Politically, I am a strong democrat. I do not attend church. I am 54 years old. I am a woman. I am not very interested in politics.. Question: Do you think the federal government should be doing more about the opioid drug addiction issue, should be doing less, or is it currently doing the right amount?

Answer choices:
1. Should be doing more 2. Should be doing less 3. Is doing the right amount

When answering, respond ONLY with a single number that corresponds to the option you choose. Do not include any additional text, punctuation or explanation.

My answer is
",1
fake_5038,1,3,3,1,21,2,3,"Today is November 5, 2024. Racially, I am white. Ideologically, I am slightly liberal. Politically, I am an independent who leans Democratic. I attend church. I am 21 years old. I am a woman. I am not very interested in politics.. Question: Do you think the federal government should be doing more about the opioid drug addiction issue, should be doing less, or is it currently doing the right amount?

Answer choices:
1. Should be doing more 2. Should be doing less 3. Is doing the right amount

When answering, respond ONLY with a single number that corresponds to the option you choose. Do not include any additional text, punctuation or explanation.

My answer is
",1
fake_5039,1,2,1,1,65,2,3,"Today is November 5, 2024. Racially, I am white. Ideologically, I am liberal. Politically, I am a strong democrat. I attend church. I am 65 years old. I am a woman. I am not very interested in politics.. Question: Do you think the federal government should be doing more about the opioid drug addiction issue, should be doing less, or is it currently doing the right amount?

Answer choices:
1. Should be doing more 2. Should be doing less 3. Is doing the right amount

When answering, respond ONLY with a single number that corresponds to the option you choose. Do not include any additional text, punctuation or explanation.

My answer is
",1
fake_5040,1,2,5,1,45,2,-6,"Today is November 5, 2024. Racially, I am white. Ideologically, I am liberal. Politically, I am an independent who leans Republican. I attend church. I am 45 years old. I am a woman.. Question: Do you think the federal government should be doing more about the opioid drug addiction issue, should be doing less, or is it currently doing the right amount?

Answer choices:
1. Should be doing more 2. Should be doing less 3. Is doing the right amount

When answering, respond ONLY with a single number that corresponds to the option you choose. Do not include any additional text, punctuation or explanation.

My answer is
",1
fake_5041,1,6,7,2,68,2,2,"Today is November 5, 2024. Racially, I am white. Ideologically, I am conservative. Politically, I am a strong Republican. I do not attend church. I am 68 years old. I am a woman. I am somewhat interested in politics.. Question: Do you think the federal government should be doing more about the opioid drug addiction issue, should be doing less, or is it currently doing the right amount?

Answer choices:
1. Should be doing more 2. Should be doing less 3. Is doing the right amount

When answering, respond ONLY with a single number that corresponds to the option you choose. Do not include any additional text, punctuation or explanation.

My answer is
",1
fake_5042,1,-9,1,-9,28,2,3,"Today is November 5, 2024. Racially, I am white. Politically, I am a strong democrat. I am 28 years old. I am a woman. I am not very interested in politics.. Question: Do you think the federal government should be doing more about the opioid drug addiction issue, should be doing less, or is it currently doing the right amount?

Answer choices:
1. Should be doing more 2. Should be doing less 3. Is doing the right amount

When answering, respond ONLY with a single number that corresponds to the option you choose. Do not include any additional text, punctuation or explanation.

My answer is
",1
fake_5043,1,3,6,1,62,1,2,"Today is November 5, 2024. Racially, I am white. Ideologically, I am slightly liberal. Politically, I am a weak Republican. I attend church. I am 62 years old. I am a man. I am somewhat interested in politics.. Question: Do you think the federal government should be doing more about the opioid drug addiction issue, should be doing less, or is it currently doing the right amount?

Answer choices:
1. Should be doing more 2. Should be doing less 3. Is doing the right amount

When answering, respond ONLY with a single number that corresponds to the option you choose. Do not include any additional text, punctuation or explanation.

My answer is
",1
fake_5044,3,4,7,1,56,2,1,"Today is November 5, 2024. Racially, I am hispanic. Ideologically, I am moderate. Politically, I am a strong Republican. I attend church. I am 56 years old. I am a woman. I am very interested in politics.. Question: Do you think the federal government should be doing more about the opioid drug addiction issue, should be doing less, or is it currently doing the right amount?

Answer choices:
1. Should be doing more 2. Should be doing less 3. Is doing the right amount

When answering, respond ONLY with a single number that corresponds to the option you choose. Do not include any additional text, punctuation or explanation.

My answer is
",1
fake_5045,2,3,7,1,58,1,1,"Today is November 5, 2024. Racially, I am black. Ideologically, I am slightly liberal. Politically, I am a strong Republican. I attend church. I am 58 years old. I am a man. I am very interested in politics.. Question: Do you think the federal government should be doing more about the opioid drug addiction issue, should be doing less, or is it currently doing the right amount?

Answer choices:
1. Should be doing more 2. Should be doing less 3. Is doing the right amount

When answering, respond ONLY with a single number that corresponds to the option you choose. Do not include any additional text, punctuation or explanation.

My answer is
",1
fake_5046,1,4,6,2,39,1,4,"Today is November 5, 2024. Racially, I am white. Ideologically, I am moderate. Politically, I am a weak Republican. I do not attend church. I am 39 years old. I am a man. I am not at all interested in politics.. Question: Do you think the federal government should be doing more about the opioid drug addiction issue, should be doing less, or is it currently doing the right amount?

Answer choices:
1. Should be doing more 2. Should be doing less 3. Is doing the right amount

When answering, respond ONLY with a single number that corresponds to the option you choose. Do not include any additional text, punctuation or explanation.

My answer is
",1
fake_5047,1,4,2,1,55,2,3,"Today is November 5, 2024. Racially, I am white. Ideologically, I am moderate. Politically, I am a weak Democrat. I attend church. I am 55 years old. I am a woman. I am not very interested in politics.. Question: Do you think the federal government should be doing more about the opioid drug addiction issue, should be doing less, or is it currently doing the right amount?

Answer choices:
1. Should be doing more 2. Should be doing less 3. Is doing the right amount

When answering, respond ONLY with a single number that corresponds to the option you choose. Do not include any additional text, punctuation or explanation.

My answer is
",1
fake_5048,3,4,6,1,48,1,3,"Today is November 5, 2024. Racially, I am hispanic. Ideologically, I am moderate. Politically, I am a weak Republican. I attend church. I am 48 years old. I am a man. I am not very interested in politics.. Question: Do you think the federal government should be doing more about the opioid drug addiction issue, should be doing less, or is it currently doing the right amount?

Answer choices:
1. Should be doing more 2. Should be doing less 3. Is doing the right amount

When answering, respond ONLY with a single number that corresponds to the option you choose. Do not include any additional text, punctuation or explanation.

My answer is
",1
fake_5049,6,4,1,2,37,1,3,"Today is November 5, 2024. Ideologically, I am moderate. Politically, I am a strong democrat. I do not attend church. I am 37 years old. I am a man. I am not very interested in politics.. Question: Do you think the federal government should be doing more about the opioid drug addiction issue, should be doing less, or is it currently doing the right amount?

Answer choices:
1. Should be doing more 2. Should be doing less 3. Is doing the right amount

When answering, respond ONLY with a single number that corresponds to the option you choose. Do not include any additional text, punctuation or explanation.

My answer is
",1
fake_5050,3,3,1,1,64,1,2,"Today is November 5, 2024. Racially, I am hispanic. Ideologically, I am slightly liberal. Politically, I am a strong democrat. I attend church. I am 64 years old. I am a man. I am somewhat interested in politics.. Question: Do you think the federal government should be doing more about the opioid drug addiction issue, should be doing less, or is it currently doing the right amount?

Answer choices:
1. Should be doing more 2. Should be doing less 3. Is doing the right amount

When answering, respond ONLY with a single number that corresponds to the option you choose. Do not include any additional text, punctuation or explanation.

My answer is
",1
fake_5051,1,5,5,1,-2,1,-6,"Today is November 5, 2024. Racially, I am white. Ideologically, I am slightly conservative. Politically, I am an independent who leans Republican. I attend church. I am a man.. Question: Do you think the federal government should be doing more about the opioid drug addiction issue, should be doing less, or is it currently doing the right amount?

Answer choices:
1. Should be doing more 2. Should be doing less 3. Is doing the right amount

When answering, respond ONLY with a single number that corresponds to the option you choose. Do not include any additional text, punctuation or explanation.

My answer is
",1
fake_5052,-9,99,1,1,54,1,2,"Today is November 5, 2024. Politically, I am a strong democrat. I attend church. I am 54 years old. I am a man. I am somewhat interested in politics.. Question: Do you think the federal government should be doing more about the opioid drug addiction issue, should be doing less, or is it currently doing the right amount?

Answer choices:
1. Should be doing more 2. Should be doing less 3. Is doing the right amount

When answering, respond ONLY with a single number that corresponds to the option you choose. Do not include any additional text, punctuation or explanation.

My answer is
",1
fake_5053,1,4,5,2,63,1,4,"Today is November 5, 2024. Racially, I am white. Ideologically, I am moderate. Politically, I am an independent who leans Republican. I do not attend church. I am 63 years old. I am a man. I am not at all interested in politics.. Question: Do you think the federal government should be doing more about the opioid drug addiction issue, should be doing less, or is it currently doing the right amount?

Answer choices:
1. Should be doing more 2. Should be doing less 3. Is doing the right amount

When answering, respond ONLY with a single number that corresponds to the option you choose. Do not include any additional text, punctuation or explanation.

My answer is
",1
fake_5054,1,4,3,1,47,2,2,"Today is November 5, 2024. Racially, I am white. Ideologically, I am moderate. Politically, I am an independent who leans Democratic. I attend church. I am 47 years old. I am a woman. I am somewhat interested in politics.. Question: Do you think the federal government should be doing more about the opioid drug addiction issue, should be doing less, or is it currently doing the right amount?

Answer choices:
1. Should be doing more 2. Should be doing less 3. Is doing the right amount

When answering, respond ONLY with a single number that corresponds to the option you choose. Do not include any additional text, punctuation or explanation.

My answer is
",1
fake_5055,1,3,6,2,43,1,2,"Today is November 5, 2024. Racially, I am white. Ideologically, I am slightly liberal. Politically, I am a weak Republican. I do not attend church. I am 43 years old. I am a man. I am somewhat interested in politics.. Question: Do you think the federal government should be doing more about the opioid drug addiction issue, should be doing less, or is it currently doing the right amount?

Answer choices:
1. Should be doing more 2. Should be doing less 3. Is doing the right amount

When answering, respond ONLY with a single number that corresponds to the option you choose. Do not include any additional text, punctuation or explanation.

My answer is
",1
fake_5056,1,3,1,2,56,1,3,"Today is November 5, 2024. Racially, I am white. Ideologically, I am slightly liberal. Politically, I am a strong democrat. I do not attend church. I am 56 years old. I am a man. I am not very interested in politics.. Question: Do you think the federal government should be doing more about the opioid drug addiction issue, should be doing less, or is it currently doing the right amount?

Answer choices:
1. Should be doing more 2. Should be doing less 3. Is doing the right amount

When answering, respond ONLY with a single number that corresponds to the option you choose. Do not include any additional text, punctuation or explanation.

My answer is
",1
fake_5057,1,5,6,1,56,1,2,"Today is November 5, 2024. Racially, I am white. Ideologically, I am slightly conservative. Politically, I am a weak Republican. I attend church. I am 56 years old. I am a man. I am somewhat interested in politics.. Question: Do you think the federal government should be doing more about the opioid drug addiction issue, should be doing less, or is it currently doing the right amount?

Answer choices:
1. Should be doing more 2. Should be doing less 3. Is doing the right amount

When answering, respond ONLY with a single number that corresponds to the option you choose. Do not include any additional text, punctuation or explanation.

My answer is
",1
fake_5058,1,99,2,1,50,1,-6,"Today is November 5, 2024. Racially, I am white. Politically, I am a weak Democrat. I attend church. I am 50 years old. I am a man.. Question: Do you think the federal government should be doing more about the opioid drug addiction issue, should be doing less, or is it currently doing the right amount?

Answer choices:
1. Should be doing more 2. Should be doing less 3. Is doing the right amount

When answering, respond ONLY with a single number that corresponds to the option you choose. Do not include any additional text, punctuation or explanation.

My answer is
",1
fake_5059,4,3,2,1,54,1,2,"Today is November 5, 2024. Racially, I am asian. Ideologically, I am slightly liberal. Politically, I am a weak Democrat. I attend church. I am 54 years old. I am a man. I am somewhat interested in politics.. Question: Do you think the federal government should be doing more about the opioid drug addiction issue, should be doing less, or is it currently doing the right amount?

Answer choices:
1. Should be doing more 2. Should be doing less 3. Is doing the right amount

When answering, respond ONLY with a single number that corresponds to the option you choose. Do not include any additional text, punctuation or explanation.

My answer is
",1
fake_5060,3,3,3,1,68,2,3,"Today is November 5, 2024. Racially, I am hispanic. Ideologically, I am slightly liberal. Politically, I am an independent who leans Democratic. I attend church. I am 68 years old. I am a woman. I am not very interested in politics.. Question: Do you think the federal government should be doing more about the opioid drug addiction issue, should be doing less, or is it currently doing the right amount?

Answer choices:
1. Should be doing more 2. Should be doing less 3. Is doing the right amount

When answering, respond ONLY with a single number that corresponds to the option you choose. Do not include any additional text, punctuation or explanation.

My answer is
",1
fake_5061,1,6,6,1,38,1,1,"Today is November 5, 2024. Racially, I am white. Ideologically, I am conservative. Politically, I am a weak Republican. I attend church. I am 38 years old. I am a man. I am very interested in politics.. Question: Do you think the federal government should be doing more about the opioid drug addiction issue, should be doing less, or is it currently doing the right amount?

Answer choices:
1. Should be doing more 2. Should be doing less 3. Is doing the right amount

When answering, respond ONLY with a single number that corresponds to the option you choose. Do not include any additional text, punctuation or explanation.

My answer is
",1
fake_5062,1,2,6,2,27,1,2,"Today is November 5, 2024. Racially, I am white. Ideologically, I am liberal. Politically, I am a weak Republican. I do not attend church. I am 27 years old. I am a man. I am somewhat interested in politics.. Question: Do you think the federal government should be doing more about the opioid drug addiction issue, should be doing less, or is it currently doing the right amount?

Answer choices:
1. Should be doing more 2. Should be doing less 3. Is doing the right amount

When answering, respond ONLY with a single number that corresponds to the option you choose. Do not include any additional text, punctuation or explanation.

My answer is
",1
fake_5063,1,4,1,1,27,2,3,"Today is November 5, 2024. Racially, I am white. Ideologically, I am moderate. Politically, I am a strong democrat. I attend church. I am 27 years old. I am a woman. I am not very interested in politics.. Question: Do you think the federal government should be doing more about the opioid drug addiction issue, should be doing less, or is it currently doing the right amount?

Answer choices:
1. Should be doing more 2. Should be doing less 3. Is doing the right amount

When answering, respond ONLY with a single number that corresponds to the option you choose. Do not include any additional text, punctuation or explanation.

My answer is
",1
fake_5064,2,3,7,1,75,1,3,"Today is November 5, 2024. Racially, I am black. Ideologically, I am slightly liberal. Politically, I am a strong Republican. I attend church. I am 75 years old. I am a man. I am not very interested in politics.. Question: Do you think the federal government should be doing more about the opioid drug addiction issue, should be doing less, or is it currently doing the right amount?

Answer choices:
1. Should be doing more 2. Should be doing less 3. Is doing the right amount

When answering, respond ONLY with a single number that corresponds to the option you choose. Do not include any additional text, punctuation or explanation.

My answer is
",1
fake_5065,1,5,5,-1,73,1,2,"Today is November 5, 2024. Racially, I am white. Ideologically, I am slightly conservative. Politically, I am an independent who leans Republican. I am 73 years old. I am a man. I am somewhat interested in politics.. Question: Do you think the federal government should be doing more about the opioid drug addiction issue, should be doing less, or is it currently doing the right amount?

Answer choices:
1. Should be doing more 2. Should be doing less 3. Is doing the right amount

When answering, respond ONLY with a single number that corresponds to the option you choose. Do not include any additional text, punctuation or explanation.

My answer is
",1
fake_5066,1,5,6,2,66,1,2,"Today is November 5, 2024. Racially, I am white. Ideologically, I am slightly conservative. Politically, I am a weak Republican. I do not attend church. I am 66 years old. I am a man. I am somewhat interested in politics.. Question: Do you think the federal government should be doing more about the opioid drug addiction issue, should be doing less, or is it currently doing the right amount?

Answer choices:
1. Should be doing more 2. Should be doing less 3. Is doing the right amount

When answering, respond ONLY with a single number that corresponds to the option you choose. Do not include any additional text, punctuation or explanation.

My answer is
",1
fake_5067,3,5,5,2,42,1,2,"Today is November 5, 2024. Racially, I am hispanic. Ideologically, I am slightly conservative. Politically, I am an independent who leans Republican. I do not attend church. I am 42 years old. I am a man. I am somewhat interested in politics.. Question: Do you think the federal government should be doing more about the opioid drug addiction issue, should be doing less, or is it currently doing the right amount?

Answer choices:
1. Should be doing more 2. Should be doing less 3. Is doing the right amount

When answering, respond ONLY with a single number that corresponds to the option you choose. Do not include any additional text, punctuation or explanation.

My answer is
",1
fake_5068,5,4,1,1,77,1,2,"Today is November 5, 2024. Racially, I am native American. Ideologically, I am moderate. Politically, I am a strong democrat. I attend church. I am 77 years old. I am a man. I am somewhat interested in politics.. Question: Do you think the federal government should be doing more about the opioid drug addiction issue, should be doing less, or is it currently doing the right amount?

Answer choices:
1. Should be doing more 2. Should be doing less 3. Is doing the right amount

When answering, respond ONLY with a single number that corresponds to the option you choose. Do not include any additional text, punctuation or explanation.

My answer is
",1
fake_5069,1,3,1,1,67,2,4,"Today is November 5, 2024. Racially, I am white. Ideologically, I am slightly liberal. Politically, I am a strong democrat. I attend church. I am 67 years old. I am a woman. I am not at all interested in politics.. Question: Do you think the federal government should be doing more about the opioid drug addiction issue, should be doing less, or is it currently doing the right amount?

Answer choices:
1. Should be doing more 2. Should be doing less 3. Is doing the right amount

When answering, respond ONLY with a single number that corresponds to the option you choose. Do not include any additional text, punctuation or explanation.

My answer is
",1
fake_5070,1,4,1,-1,70,2,2,"Today is November 5, 2024. Racially, I am white. Ideologically, I am moderate. Politically, I am a strong democrat. I am 70 years old. I am a woman. I am somewhat interested in politics.. Question: Do you think the federal government should be doing more about the opioid drug addiction issue, should be doing less, or is it currently doing the right amount?

Answer choices:
1. Should be doing more 2. Should be doing less 3. Is doing the right amount

When answering, respond ONLY with a single number that corresponds to the option you choose. Do not include any additional text, punctuation or explanation.

My answer is
",1
fake_5071,1,4,3,2,27,1,2,"Today is November 5, 2024. Racially, I am white. Ideologically, I am moderate. Politically, I am an independent who leans Democratic. I do not attend church. I am 27 years old. I am a man. I am somewhat interested in politics.. Question: Do you think the federal government should be doing more about the opioid drug addiction issue, should be doing less, or is it currently doing the right amount?

Answer choices:
1. Should be doing more 2. Should be doing less 3. Is doing the right amount

When answering, respond ONLY with a single number that corresponds to the option you choose. Do not include any additional text, punctuation or explanation.

My answer is
",1
fake_5072,1,7,2,2,41,2,-6,"Today is November 5, 2024. Racially, I am white. Ideologically, I am extremely conservative. Politically, I am a weak Democrat. I do not attend church. I am 41 years old. I am a woman.. Question: Do you think the federal government should be doing more about the opioid drug addiction issue, should be doing less, or is it currently doing the right amount?

Answer choices:
1. Should be doing more 2. Should be doing less 3. Is doing the right amount

When answering, respond ONLY with a single number that corresponds to the option you choose. Do not include any additional text, punctuation or explanation.

My answer is
",1
fake_5073,3,4,5,1,39,1,3,"Today is November 5, 2024. Racially, I am hispanic. Ideologically, I am moderate. Politically, I am an independent who leans Republican. I attend church. I am 39 years old. I am a man. I am not very interested in politics.. Question: Do you think the federal government should be doing more about the opioid drug addiction issue, should be doing less, or is it currently doing the right amount?

Answer choices:
1. Should be doing more 2. Should be doing less 3. Is doing the right amount

When answering, respond ONLY with a single number that corresponds to the option you choose. Do not include any additional text, punctuation or explanation.

My answer is
",1
fake_5074,3,1,5,2,26,2,2,"Today is November 5, 2024. Racially, I am hispanic. Ideologically, I am extremely liberal. Politically, I am an independent who leans Republican. I do not attend church. I am 26 years old. I am a woman. I am somewhat interested in politics.. Question: Do you think the federal government should be doing more about the opioid drug addiction issue, should be doing less, or is it currently doing the right amount?

Answer choices:
1. Should be doing more 2. Should be doing less 3. Is doing the right amount

When answering, respond ONLY with a single number that corresponds to the option you choose. Do not include any additional text, punctuation or explanation.

My answer is
",1
fake_5075,1,99,7,1,45,1,3,"Today is November 5, 2024. Racially, I am white. Politically, I am a strong Republican. I attend church. I am 45 years old. I am a man. I am not very interested in politics.. Question: Do you think the federal government should be doing more about the opioid drug addiction issue, should be doing less, or is it currently doing the right amount?

Answer choices:
1. Should be doing more 2. Should be doing less 3. Is doing the right amount

When answering, respond ONLY with a single number that corresponds to the option you choose. Do not include any additional text, punctuation or explanation.

My answer is
",1
fake_5076,1,2,1,1,75,1,2,"Today is November 5, 2024. Racially, I am white. Ideologically, I am liberal. Politically, I am a strong democrat. I attend church. I am 75 years old. I am a man. I am somewhat interested in politics.. Question: Do you think the federal government should be doing more about the opioid drug addiction issue, should be doing less, or is it currently doing the right amount?

Answer choices:
1. Should be doing more 2. Should be doing less 3. Is doing the right amount

When answering, respond ONLY with a single number that corresponds to the option you choose. Do not include any additional text, punctuation or explanation.

My answer is
",1
fake_5077,1,3,1,1,31,2,2,"Today is November 5, 2024. Racially, I am white. Ideologically, I am slightly liberal. Politically, I am a strong democrat. I attend church. I am 31 years old. I am a woman. I am somewhat interested in politics.. Question: Do you think the federal government should be doing more about the opioid drug addiction issue, should be doing less, or is it currently doing the right amount?

Answer choices:
1. Should be doing more 2. Should be doing less 3. Is doing the right amount

When answering, respond ONLY with a single number that corresponds to the option you choose. Do not include any additional text, punctuation or explanation.

My answer is
",1
fake_5078,1,4,-9,1,64,2,-6,"Today is November 5, 2024. Racially, I am white. Ideologically, I am moderate. I attend church. I am 64 years old. I am a woman.. Question: Do you think the federal government should be doing more about the opioid drug addiction issue, should be doing less, or is it currently doing the right amount?

Answer choices:
1. Should be doing more 2. Should be doing less 3. Is doing the right amount

When answering, respond ONLY with a single number that corresponds to the option you choose. Do not include any additional text, punctuation or explanation.

My answer is
",1
fake_5079,2,5,1,1,38,2,2,"Today is November 5, 2024. Racially, I am black. Ideologically, I am slightly conservative. Politically, I am a strong democrat. I attend church. I am 38 years old. I am a woman. I am somewhat interested in politics.. Question: Do you think the federal government should be doing more about the opioid drug addiction issue, should be doing less, or is it currently doing the right amount?

Answer choices:
1. Should be doing more 2. Should be doing less 3. Is doing the right amount

When answering, respond ONLY with a single number that corresponds to the option you choose. Do not include any additional text, punctuation or explanation.

My answer is
",1
fake_5080,1,5,1,2,64,1,2,"Today is November 5, 2024. Racially, I am white. Ideologically, I am slightly conservative. Politically, I am a strong democrat. I do not attend church. I am 64 years old. I am a man. I am somewhat interested in politics.. Question: Do you think the federal government should be doing more about the opioid drug addiction issue, should be doing less, or is it currently doing the right amount?

Answer choices:
1. Should be doing more 2. Should be doing less 3. Is doing the right amount

When answering, respond ONLY with a single number that corresponds to the option you choose. Do not include any additional text, punctuation or explanation.

My answer is
",1
fake_5081,-9,6,7,2,72,1,2,"Today is November 5, 2024. Ideologically, I am conservative. Politically, I am a strong Republican. I do not attend church. I am 72 years old. I am a man. I am somewhat interested in politics.. Question: Do you think the federal government should be doing more about the opioid drug addiction issue, should be doing less, or is it currently doing the right amount?

Answer choices:
1. Should be doing more 2. Should be doing less 3. Is doing the right amount

When answering, respond ONLY with a single number that corresponds to the option you choose. Do not include any additional text, punctuation or explanation.

My answer is
",1
fake_5082,2,4,2,1,79,2,2,"Today is November 5, 2024. Racially, I am black. Ideologically, I am moderate. Politically, I am a weak Democrat. I attend church. I am 79 years old. I am a woman. I am somewhat interested in politics.. Question: Do you think the federal government should be doing more about the opioid drug addiction issue, should be doing less, or is it currently doing the right amount?

Answer choices:
1. Should be doing more 2. Should be doing less 3. Is doing the right amount

When answering, respond ONLY with a single number that corresponds to the option you choose. Do not include any additional text, punctuation or explanation.

My answer is
",1
fake_5083,1,7,7,2,42,1,1,"Today is November 5, 2024. Racially, I am white. Ideologically, I am extremely conservative. Politically, I am a strong Republican. I do not attend church. I am 42 years old. I am a man. I am very interested in politics.. Question: Do you think the federal government should be doing more about the opioid drug addiction issue, should be doing less, or is it currently doing the right amount?

Answer choices:
1. Should be doing more 2. Should be doing less 3. Is doing the right amount

When answering, respond ONLY with a single number that corresponds to the option you choose. Do not include any additional text, punctuation or explanation.

My answer is
",2
fake_5084,3,5,1,1,80,2,3,"Today is November 5, 2024. Racially, I am hispanic. Ideologically, I am slightly conservative. Politically, I am a strong democrat. I attend church. I am 80 years old. I am a woman. I am not very interested in politics.. Question: Do you think the federal government should be doing more about the opioid drug addiction issue, should be doing less, or is it currently doing the right amount?

Answer choices:
1. Should be doing more 2. Should be doing less 3. Is doing the right amount

When answering, respond ONLY with a single number that corresponds to the option you choose. Do not include any additional text, punctuation or explanation.

My answer is
",1
fake_5085,1,6,4,1,32,2,2,"Today is November 5, 2024. Racially, I am white. Ideologically, I am conservative. Politically, I am an independent. I attend church. I am 32 years old. I am a woman. I am somewhat interested in politics.. Question: Do you think the federal government should be doing more about the opioid drug addiction issue, should be doing less, or is it currently doing the right amount?

Answer choices:
1. Should be doing more 2. Should be doing less 3. Is doing the right amount

When answering, respond ONLY with a single number that corresponds to the option you choose. Do not include any additional text, punctuation or explanation.

My answer is
",1
fake_5086,1,7,1,2,70,1,2,"Today is November 5, 2024. Racially, I am white. Ideologically, I am extremely conservative. Politically, I am a strong democrat. I do not attend church. I am 70 years old. I am a man. I am somewhat interested in politics.. Question: Do you think the federal government should be doing more about the opioid drug addiction issue, should be doing less, or is it currently doing the right amount?

Answer choices:
1. Should be doing more 2. Should be doing less 3. Is doing the right amount

When answering, respond ONLY with a single number that corresponds to the option you choose. Do not include any additional text, punctuation or explanation.

My answer is
",1
fake_5087,1,2,4,1,61,1,3,"Today is November 5, 2024. Racially, I am white. Ideologically, I am liberal. Politically, I am an independent. I attend church. I am 61 years old. I am a man. I am not very interested in politics.. Question: Do you think the federal government should be doing more about the opioid drug addiction issue, should be doing less, or is it currently doing the right amount?

Answer choices:
1. Should be doing more 2. Should be doing less 3. Is doing the right amount

When answering, respond ONLY with a single number that corresponds to the option you choose. Do not include any additional text, punctuation or explanation.

My answer is
",1
fake_5088,1,99,7,1,74,1,3,"Today is November 5, 2024. Racially, I am white. Politically, I am a strong Republican. I attend church. I am 74 years old. I am a man. I am not very interested in politics.. Question: Do you think the federal government should be doing more about the opioid drug addiction issue, should be doing less, or is it currently doing the right amount?

Answer choices:
1. Should be doing more 2. Should be doing less 3. Is doing the right amount

When answering, respond ONLY with a single number that corresponds to the option you choose. Do not include any additional text, punctuation or explanation.

My answer is
",1
fake_5089,2,2,3,2,-2,2,3,"Today is November 5, 2024. Racially, I am black. Ideologically, I am liberal. Politically, I am an independent who leans Democratic. I do not attend church. I am a woman. I am not very interested in politics.. Question: Do you think the federal government should be doing more about the opioid drug addiction issue, should be doing less, or is it currently doing the right amount?

Answer choices:
1. Should be doing more 2. Should be doing less 3. Is doing the right amount

When answering, respond ONLY with a single number that corresponds to the option you choose. Do not include any additional text, punctuation or explanation.

My answer is
",1
fake_5090,1,6,4,1,57,1,3,"Today is November 5, 2024. Racially, I am white. Ideologically, I am conservative. Politically, I am an independent. I attend church. I am 57 years old. I am a man. I am not very interested in politics.. Question: Do you think the federal government should be doing more about the opioid drug addiction issue, should be doing less, or is it currently doing the right amount?

Answer choices:
1. Should be doing more 2. Should be doing less 3. Is doing the right amount

When answering, respond ONLY with a single number that corresponds to the option you choose. Do not include any additional text, punctuation or explanation.

My answer is
",1
fake_5091,2,2,7,2,38,2,1,"Today is November 5, 2024. Racially, I am black. Ideologically, I am liberal. Politically, I am a strong Republican. I do not attend church. I am 38 years old. I am a woman. I am very interested in politics.. Question: Do you think the federal government should be doing more about the opioid drug addiction issue, should be doing less, or is it currently doing the right amount?

Answer choices:
1. Should be doing more 2. Should be doing less 3. Is doing the right amount

When answering, respond ONLY with a single number that corresponds to the option you choose. Do not include any additional text, punctuation or explanation.

My answer is
",1
fake_5092,1,5,3,2,30,2,3,"Today is November 5, 2024. Racially, I am white. Ideologically, I am slightly conservative. Politically, I am an independent who leans Democratic. I do not attend church. I am 30 years old. I am a woman. I am not very interested in politics.. Question: Do you think the federal government should be doing more about the opioid drug addiction issue, should be doing less, or is it currently doing the right amount?

Answer choices:
1. Should be doing more 2. Should be doing less 3. Is doing the right amount

When answering, respond ONLY with a single number that corresponds to the option you choose. Do not include any additional text, punctuation or explanation.

My answer is
",1
fake_5093,1,99,5,1,31,1,2,"Today is November 5, 2024. Racially, I am white. Politically, I am an independent who leans Republican. I attend church. I am 31 years old. I am a man. I am somewhat interested in politics.. Question: Do you think the federal government should be doing more about the opioid drug addiction issue, should be doing less, or is it currently doing the right amount?

Answer choices:
1. Should be doing more 2. Should be doing less 3. Is doing the right amount

When answering, respond ONLY with a single number that corresponds to the option you choose. Do not include any additional text, punctuation or explanation.

My answer is
",1
fake_5094,1,99,6,2,22,1,1,"Today is November 5, 2024. Racially, I am white. Politically, I am a weak Republican. I do not attend church. I am 22 years old. I am a man. I am very interested in politics.. Question: Do you think the federal government should be doing more about the opioid drug addiction issue, should be doing less, or is it currently doing the right amount?

Answer choices:
1. Should be doing more 2. Should be doing less 3. Is doing the right amount

When answering, respond ONLY with a single number that corresponds to the option you choose. Do not include any additional text, punctuation or explanation.

My answer is
",1
fake_5095,2,5,2,2,-2,2,3,"Today is November 5, 2024. Racially, I am black. Ideologically, I am slightly conservative. Politically, I am a weak Democrat. I do not attend church. I am a woman. I am not very interested in politics.. Question: Do you think the federal government should be doing more about the opioid drug addiction issue, should be doing less, or is it currently doing the right amount?

Answer choices:
1. Should be doing more 2. Should be doing less 3. Is doing the right amount

When answering, respond ONLY with a single number that corresponds to the option you choose. Do not include any additional text, punctuation or explanation.

My answer is
",1
fake_5096,1,3,1,1,50,2,1,"Today is November 5, 2024. Racially, I am white. Ideologically, I am slightly liberal. Politically, I am a strong democrat. I attend church. I am 50 years old. I am a woman. I am very interested in politics.. Question: Do you think the federal government should be doing more about the opioid drug addiction issue, should be doing less, or is it currently doing the right amount?

Answer choices:
1. Should be doing more 2. Should be doing less 3. Is doing the right amount

When answering, respond ONLY with a single number that corresponds to the option you choose. Do not include any additional text, punctuation or explanation.

My answer is
",1
fake_5097,3,6,5,2,62,1,2,"Today is November 5, 2024. Racially, I am hispanic. Ideologically, I am conservative. Politically, I am an independent who leans Republican. I do not attend church. I am 62 years old. I am a man. I am somewhat interested in politics.. Question: Do you think the federal government should be doing more about the opioid drug addiction issue, should be doing less, or is it currently doing the right amount?

Answer choices:
1. Should be doing more 2. Should be doing less 3. Is doing the right amount

When answering, respond ONLY with a single number that corresponds to the option you choose. Do not include any additional text, punctuation or explanation.

My answer is
",1
fake_5098,1,6,1,-1,37,2,2,"Today is November 5, 2024. Racially, I am white. Ideologically, I am conservative. Politically, I am a strong democrat. I am 37 years old. I am a woman. I am somewhat interested in politics.. Question: Do you think the federal government should be doing more about the opioid drug addiction issue, should be doing less, or is it currently doing the right amount?

Answer choices:
1. Should be doing more 2. Should be doing less 3. Is doing the right amount

When answering, respond ONLY with a single number that corresponds to the option you choose. Do not include any additional text, punctuation or explanation.

My answer is
",1
fake_5099,1,7,5,2,80,2,3,"Today is November 5, 2024. Racially, I am white. Ideologically, I am extremely conservative. Politically, I am an independent who leans Republican. I do not attend church. I am 80 years old. I am a woman. I am not very interested in politics.. Question: Do you think the federal government should be doing more about the opioid drug addiction issue, should be doing less, or is it currently doing the right amount?

Answer choices:
1. Should be doing more 2. Should be doing less 3. Is doing the right amount

When answering, respond ONLY with a single number that corresponds to the option you choose. Do not include any additional text, punctuation or explanation.

My answer is
",1
fake_5100,1,99,1,2,61,1,2,"Today is November 5, 2024. Racially, I am white. Politically, I am a strong democrat. I do not attend church. I am 61 years old. I am a man. I am somewhat interested in politics.. Question: Do you think the federal government should be doing more about the opioid drug addiction issue, should be doing less, or is it currently doing the right amount?

Answer choices:
1. Should be doing more 2. Should be doing less 3. Is doing the right amount

When answering, respond ONLY with a single number that corresponds to the option you choose. Do not include any additional text, punctuation or explanation.

My answer is
",1
fake_5101,6,4,7,1,-2,1,2,"Today is November 5, 2024. Ideologically, I am moderate. Politically, I am a strong Republican. I attend church. I am a man. I am somewhat interested in politics.. Question: Do you think the federal government should be doing more about the opioid drug addiction issue, should be doing less, or is it currently doing the right amount?

Answer choices:
1. Should be doing more 2. Should be doing less 3. Is doing the right amount

When answering, respond ONLY with a single number that corresponds to the option you choose. Do not include any additional text, punctuation or explanation.

My answer is
",1
fake_5102,1,7,7,1,70,2,2,"Today is November 5, 2024. Racially, I am white. Ideologically, I am extremely conservative. Politically, I am a strong Republican. I attend church. I am 70 years old. I am a woman. I am somewhat interested in politics.. Question: Do you think the federal government should be doing more about the opioid drug addiction issue, should be doing less, or is it currently doing the right amount?

Answer choices:
1. Should be doing more 2. Should be doing less 3. Is doing the right amount

When answering, respond ONLY with a single number that corresponds to the option you choose. Do not include any additional text, punctuation or explanation.

My answer is
",2
fake_5103,1,6,7,1,21,2,2,"Today is November 5, 2024. Racially, I am white. Ideologically, I am conservative. Politically, I am a strong Republican. I attend church. I am 21 years old. I am a woman. I am somewhat interested in politics.. Question: Do you think the federal government should be doing more about the opioid drug addiction issue, should be doing less, or is it currently doing the right amount?

Answer choices:
1. Should be doing more 2. Should be doing less 3. Is doing the right amount

When answering, respond ONLY with a single number that corresponds to the option you choose. Do not include any additional text, punctuation or explanation.

My answer is
",1
fake_5104,1,1,1,2,33,2,2,"Today is November 5, 2024. Racially, I am white. Ideologically, I am extremely liberal. Politically, I am a strong democrat. I do not attend church. I am 33 years old. I am a woman. I am somewhat interested in politics.. Question: Do you think the federal government should be doing more about the opioid drug addiction issue, should be doing less, or is it currently doing the right amount?

Answer choices:
1. Should be doing more 2. Should be doing less 3. Is doing the right amount

When answering, respond ONLY with a single number that corresponds to the option you choose. Do not include any additional text, punctuation or explanation.

My answer is
",1
fake_5105,1,6,1,1,77,2,4,"Today is November 5, 2024. Racially, I am white. Ideologically, I am conservative. Politically, I am a strong democrat. I attend church. I am 77 years old. I am a woman. I am not at all interested in politics.. Question: Do you think the federal government should be doing more about the opioid drug addiction issue, should be doing less, or is it currently doing the right amount?

Answer choices:
1. Should be doing more 2. Should be doing less 3. Is doing the right amount

When answering, respond ONLY with a single number that corresponds to the option you choose. Do not include any additional text, punctuation or explanation.

My answer is
",1
fake_5106,1,4,5,1,75,2,3,"Today is November 5, 2024. Racially, I am white. Ideologically, I am moderate. Politically, I am an independent who leans Republican. I attend church. I am 75 years old. I am a woman. I am not very interested in politics.. Question: Do you think the federal government should be doing more about the opioid drug addiction issue, should be doing less, or is it currently doing the right amount?

Answer choices:
1. Should be doing more 2. Should be doing less 3. Is doing the right amount

When answering, respond ONLY with a single number that corresponds to the option you choose. Do not include any additional text, punctuation or explanation.

My answer is
",1
fake_5107,1,4,4,2,69,1,-6,"Today is November 5, 2024. Racially, I am white. Ideologically, I am moderate. Politically, I am an independent. I do not attend church. I am 69 years old. I am a man.. Question: Do you think the federal government should be doing more about the opioid drug addiction issue, should be doing less, or is it currently doing the right amount?

Answer choices:
1. Should be doing more 2. Should be doing less 3. Is doing the right amount

When answering, respond ONLY with a single number that corresponds to the option you choose. Do not include any additional text, punctuation or explanation.

My answer is
",1
fake_5108,1,4,4,1,29,1,2,"Today is November 5, 2024. Racially, I am white. Ideologically, I am moderate. Politically, I am an independent. I attend church. I am 29 years old. I am a man. I am somewhat interested in politics.. Question: Do you think the federal government should be doing more about the opioid drug addiction issue, should be doing less, or is it currently doing the right amount?

Answer choices:
1. Should be doing more 2. Should be doing less 3. Is doing the right amount

When answering, respond ONLY with a single number that corresponds to the option you choose. Do not include any additional text, punctuation or explanation.

My answer is
",1
fake_5109,3,5,5,2,51,1,1,"Today is November 5, 2024. Racially, I am hispanic. Ideologically, I am slightly conservative. Politically, I am an independent who leans Republican. I do not attend church. I am 51 years old. I am a man. I am very interested in politics.. Question: Do you think the federal government should be doing more about the opioid drug addiction issue, should be doing less, or is it currently doing the right amount?

Answer choices:
1. Should be doing more 2. Should be doing less 3. Is doing the right amount

When answering, respond ONLY with a single number that corresponds to the option you choose. Do not include any additional text, punctuation or explanation.

My answer is
",1
fake_5110,1,2,5,1,35,1,4,"Today is November 5, 2024. Racially, I am white. Ideologically, I am liberal. Politically, I am an independent who leans Republican. I attend church. I am 35 years old. I am a man. I am not at all interested in politics.. Question: Do you think the federal government should be doing more about the opioid drug addiction issue, should be doing less, or is it currently doing the right amount?

Answer choices:
1. Should be doing more 2. Should be doing less 3. Is doing the right amount

When answering, respond ONLY with a single number that corresponds to the option you choose. Do not include any additional text, punctuation or explanation.

My answer is
",1
fake_5111,2,2,5,2,45,2,1,"Today is November 5, 2024. Racially, I am black. Ideologically, I am liberal. Politically, I am an independent who leans Republican. I do not attend church. I am 45 years old. I am a woman. I am very interested in politics.. Question: Do you think the federal government should be doing more about the opioid drug addiction issue, should be doing less, or is it currently doing the right amount?

Answer choices:
1. Should be doing more 2. Should be doing less 3. Is doing the right amount

When answering, respond ONLY with a single number that corresponds to the option you choose. Do not include any additional text, punctuation or explanation.

My answer is
",1
fake_5112,5,4,3,2,80,2,2,"Today is November 5, 2024. Racially, I am native American. Ideologically, I am moderate. Politically, I am an independent who leans Democratic. I do not attend church. I am 80 years old. I am a woman. I am somewhat interested in politics.. Question: Do you think the federal government should be doing more about the opioid drug addiction issue, should be doing less, or is it currently doing the right amount?

Answer choices:
1. Should be doing more 2. Should be doing less 3. Is doing the right amount

When answering, respond ONLY with a single number that corresponds to the option you choose. Do not include any additional text, punctuation or explanation.

My answer is
",1
fake_5113,1,99,5,2,63,1,1,"Today is November 5, 2024. Racially, I am white. Politically, I am an independent who leans Republican. I do not attend church. I am 63 years old. I am a man. I am very interested in politics.. Question: Do you think the federal government should be doing more about the opioid drug addiction issue, should be doing less, or is it currently doing the right amount?

Answer choices:
1. Should be doing more 2. Should be doing less 3. Is doing the right amount

When answering, respond ONLY with a single number that corresponds to the option you choose. Do not include any additional text, punctuation or explanation.

My answer is
",1
fake_5114,1,7,2,2,61,-9,4,"Today is November 5, 2024. Racially, I am white. Ideologically, I am extremely conservative. Politically, I am a weak Democrat. I do not attend church. I am 61 years old. I am not at all interested in politics.. Question: Do you think the federal government should be doing more about the opioid drug addiction issue, should be doing less, or is it currently doing the right amount?

Answer choices:
1. Should be doing more 2. Should be doing less 3. Is doing the right amount

When answering, respond ONLY with a single number that corresponds to the option you choose. Do not include any additional text, punctuation or explanation.

My answer is
",1
fake_5115,1,6,5,2,59,1,-6,"Today is November 5, 2024. Racially, I am white. Ideologically, I am conservative. Politically, I am an independent who leans Republican. I do not attend church. I am 59 years old. I am a man.. Question: Do you think the federal government should be doing more about the opioid drug addiction issue, should be doing less, or is it currently doing the right amount?

Answer choices:
1. Should be doing more 2. Should be doing less 3. Is doing the right amount

When answering, respond ONLY with a single number that corresponds to the option you choose. Do not include any additional text, punctuation or explanation.

My answer is
",1
fake_5116,2,4,1,1,76,2,1,"Today is November 5, 2024. Racially, I am black. Ideologically, I am moderate. Politically, I am a strong democrat. I attend church. I am 76 years old. I am a woman. I am very interested in politics.. Question: Do you think the federal government should be doing more about the opioid drug addiction issue, should be doing less, or is it currently doing the right amount?

Answer choices:
1. Should be doing more 2. Should be doing less 3. Is doing the right amount

When answering, respond ONLY with a single number that corresponds to the option you choose. Do not include any additional text, punctuation or explanation.

My answer is
",1
fake_5117,1,6,2,2,70,2,2,"Today is November 5, 2024. Racially, I am white. Ideologically, I am conservative. Politically, I am a weak Democrat. I do not attend church. I am 70 years old. I am a woman. I am somewhat interested in politics.. Question: Do you think the federal government should be doing more about the opioid drug addiction issue, should be doing less, or is it currently doing the right amount?

Answer choices:
1. Should be doing more 2. Should be doing less 3. Is doing the right amount

When answering, respond ONLY with a single number that corresponds to the option you choose. Do not include any additional text, punctuation or explanation.

My answer is
",1
fake_5118,1,2,7,2,40,1,2,"Today is November 5, 2024. Racially, I am white. Ideologically, I am liberal. Politically, I am a strong Republican. I do not attend church. I am 40 years old. I am a man. I am somewhat interested in politics.. Question: Do you think the federal government should be doing more about the opioid drug addiction issue, should be doing less, or is it currently doing the right amount?

Answer choices:
1. Should be doing more 2. Should be doing less 3. Is doing the right amount

When answering, respond ONLY with a single number that corresponds to the option you choose. Do not include any additional text, punctuation or explanation.

My answer is
",1
fake_5119,1,6,4,1,21,1,1,"Today is November 5, 2024. Racially, I am white. Ideologically, I am conservative. Politically, I am an independent. I attend church. I am 21 years old. I am a man. I am very interested in politics.. Question: Do you think the federal government should be doing more about the opioid drug addiction issue, should be doing less, or is it currently doing the right amount?

Answer choices:
1. Should be doing more 2. Should be doing less 3. Is doing the right amount

When answering, respond ONLY with a single number that corresponds to the option you choose. Do not include any additional text, punctuation or explanation.

My answer is
",1
fake_5120,1,2,4,1,44,1,2,"Today is November 5, 2024. Racially, I am white. Ideologically, I am liberal. Politically, I am an independent. I attend church. I am 44 years old. I am a man. I am somewhat interested in politics.. Question: Do you think the federal government should be doing more about the opioid drug addiction issue, should be doing less, or is it currently doing the right amount?

Answer choices:
1. Should be doing more 2. Should be doing less 3. Is doing the right amount

When answering, respond ONLY with a single number that corresponds to the option you choose. Do not include any additional text, punctuation or explanation.

My answer is
",1
fake_5121,1,4,4,1,73,2,2,"Today is November 5, 2024. Racially, I am white. Ideologically, I am moderate. Politically, I am an independent. I attend church. I am 73 years old. I am a woman. I am somewhat interested in politics.. Question: Do you think the federal government should be doing more about the opioid drug addiction issue, should be doing less, or is it currently doing the right amount?

Answer choices:
1. Should be doing more 2. Should be doing less 3. Is doing the right amount

When answering, respond ONLY with a single number that corresponds to the option you choose. Do not include any additional text, punctuation or explanation.

My answer is
",1
fake_5122,3,7,7,1,-2,2,1,"Today is November 5, 2024. Racially, I am hispanic. Ideologically, I am extremely conservative. Politically, I am a strong Republican. I attend church. I am a woman. I am very interested in politics.. Question: Do you think the federal government should be doing more about the opioid drug addiction issue, should be doing less, or is it currently doing the right amount?

Answer choices:
1. Should be doing more 2. Should be doing less 3. Is doing the right amount

When answering, respond ONLY with a single number that corresponds to the option you choose. Do not include any additional text, punctuation or explanation.

My answer is
",1
fake_5123,3,2,5,2,75,1,2,"Today is November 5, 2024. Racially, I am hispanic. Ideologically, I am liberal. Politically, I am an independent who leans Republican. I do not attend church. I am 75 years old. I am a man. I am somewhat interested in politics.. Question: Do you think the federal government should be doing more about the opioid drug addiction issue, should be doing less, or is it currently doing the right amount?

Answer choices:
1. Should be doing more 2. Should be doing less 3. Is doing the right amount

When answering, respond ONLY with a single number that corresponds to the option you choose. Do not include any additional text, punctuation or explanation.

My answer is
",1
fake_5124,6,99,6,1,34,1,1,"Today is November 5, 2024. Politically, I am a weak Republican. I attend church. I am 34 years old. I am a man. I am very interested in politics.. Question: Do you think the federal government should be doing more about the opioid drug addiction issue, should be doing less, or is it currently doing the right amount?

Answer choices:
1. Should be doing more 2. Should be doing less 3. Is doing the right amount

When answering, respond ONLY with a single number that corresponds to the option you choose. Do not include any additional text, punctuation or explanation.

My answer is
",1
fake_5125,1,6,1,1,74,2,2,"Today is November 5, 2024. Racially, I am white. Ideologically, I am conservative. Politically, I am a strong democrat. I attend church. I am 74 years old. I am a woman. I am somewhat interested in politics.. Question: Do you think the federal government should be doing more about the opioid drug addiction issue, should be doing less, or is it currently doing the right amount?

Answer choices:
1. Should be doing more 2. Should be doing less 3. Is doing the right amount

When answering, respond ONLY with a single number that corresponds to the option you choose. Do not include any additional text, punctuation or explanation.

My answer is
",1
fake_5126,1,4,7,1,22,2,4,"Today is November 5, 2024. Racially, I am white. Ideologically, I am moderate. Politically, I am a strong Republican. I attend church. I am 22 years old. I am a woman. I am not at all interested in politics.. Question: Do you think the federal government should be doing more about the opioid drug addiction issue, should be doing less, or is it currently doing the right amount?

Answer choices:
1. Should be doing more 2. Should be doing less 3. Is doing the right amount

When answering, respond ONLY with a single number that corresponds to the option you choose. Do not include any additional text, punctuation or explanation.

My answer is
",1
fake_5127,1,5,5,1,46,1,1,"Today is November 5, 2024. Racially, I am white. Ideologically, I am slightly conservative. Politically, I am an independent who leans Republican. I attend church. I am 46 years old. I am a man. I am very interested in politics.. Question: Do you think the federal government should be doing more about the opioid drug addiction issue, should be doing less, or is it currently doing the right amount?

Answer choices:
1. Should be doing more 2. Should be doing less 3. Is doing the right amount

When answering, respond ONLY with a single number that corresponds to the option you choose. Do not include any additional text, punctuation or explanation.

My answer is
",1
fake_5128,1,5,1,2,69,1,3,"Today is November 5, 2024. Racially, I am white. Ideologically, I am slightly conservative. Politically, I am a strong democrat. I do not attend church. I am 69 years old. I am a man. I am not very interested in politics.. Question: Do you think the federal government should be doing more about the opioid drug addiction issue, should be doing less, or is it currently doing the right amount?

Answer choices:
1. Should be doing more 2. Should be doing less 3. Is doing the right amount

When answering, respond ONLY with a single number that corresponds to the option you choose. Do not include any additional text, punctuation or explanation.

My answer is
",1
fake_5129,3,99,5,2,41,1,2,"Today is November 5, 2024. Racially, I am hispanic. Politically, I am an independent who leans Republican. I do not attend church. I am 41 years old. I am a man. I am somewhat interested in politics.. Question: Do you think the federal government should be doing more about the opioid drug addiction issue, should be doing less, or is it currently doing the right amount?

Answer choices:
1. Should be doing more 2. Should be doing less 3. Is doing the right amount

When answering, respond ONLY with a single number that corresponds to the option you choose. Do not include any additional text, punctuation or explanation.

My answer is
",1
fake_5130,1,6,7,2,61,1,-6,"Today is November 5, 2024. Racially, I am white. Ideologically, I am conservative. Politically, I am a strong Republican. I do not attend church. I am 61 years old. I am a man.. Question: Do you think the federal government should be doing more about the opioid drug addiction issue, should be doing less, or is it currently doing the right amount?

Answer choices:
1. Should be doing more 2. Should be doing less 3. Is doing the right amount

When answering, respond ONLY with a single number that corresponds to the option you choose. Do not include any additional text, punctuation or explanation.

My answer is
",1
fake_5131,2,2,6,-1,75,2,2,"Today is November 5, 2024. Racially, I am black. Ideologically, I am liberal. Politically, I am a weak Republican. I am 75 years old. I am a woman. I am somewhat interested in politics.. Question: Do you think the federal government should be doing more about the opioid drug addiction issue, should be doing less, or is it currently doing the right amount?

Answer choices:
1. Should be doing more 2. Should be doing less 3. Is doing the right amount

When answering, respond ONLY with a single number that corresponds to the option you choose. Do not include any additional text, punctuation or explanation.

My answer is
",1
fake_5132,3,2,7,2,56,2,2,"Today is November 5, 2024. Racially, I am hispanic. Ideologically, I am liberal. Politically, I am a strong Republican. I do not attend church. I am 56 years old. I am a woman. I am somewhat interested in politics.. Question: Do you think the federal government should be doing more about the opioid drug addiction issue, should be doing less, or is it currently doing the right amount?

Answer choices:
1. Should be doing more 2. Should be doing less 3. Is doing the right amount

When answering, respond ONLY with a single number that corresponds to the option you choose. Do not include any additional text, punctuation or explanation.

My answer is
",1
fake_5133,1,3,2,2,38,1,2,"Today is November 5, 2024. Racially, I am white. Ideologically, I am slightly liberal. Politically, I am a weak Democrat. I do not attend church. I am 38 years old. I am a man. I am somewhat interested in politics.. Question: Do you think the federal government should be doing more about the opioid drug addiction issue, should be doing less, or is it currently doing the right amount?

Answer choices:
1. Should be doing more 2. Should be doing less 3. Is doing the right amount

When answering, respond ONLY with a single number that corresponds to the option you choose. Do not include any additional text, punctuation or explanation.

My answer is
",1
fake_5134,1,7,6,1,75,2,2,"Today is November 5, 2024. Racially, I am white. Ideologically, I am extremely conservative. Politically, I am a weak Republican. I attend church. I am 75 years old. I am a woman. I am somewhat interested in politics.. Question: Do you think the federal government should be doing more about the opioid drug addiction issue, should be doing less, or is it currently doing the right amount?

Answer choices:
1. Should be doing more 2. Should be doing less 3. Is doing the right amount

When answering, respond ONLY with a single number that corresponds to the option you choose. Do not include any additional text, punctuation or explanation.

My answer is
",1
fake_5135,1,4,4,2,73,2,-6,"Today is November 5, 2024. Racially, I am white. Ideologically, I am moderate. Politically, I am an independent. I do not attend church. I am 73 years old. I am a woman.. Question: Do you think the federal government should be doing more about the opioid drug addiction issue, should be doing less, or is it currently doing the right amount?

Answer choices:
1. Should be doing more 2. Should be doing less 3. Is doing the right amount

When answering, respond ONLY with a single number that corresponds to the option you choose. Do not include any additional text, punctuation or explanation.

My answer is
",1
fake_5136,1,3,1,1,58,2,3,"Today is November 5, 2024. Racially, I am white. Ideologically, I am slightly liberal. Politically, I am a strong democrat. I attend church. I am 58 years old. I am a woman. I am not very interested in politics.. Question: Do you think the federal government should be doing more about the opioid drug addiction issue, should be doing less, or is it currently doing the right amount?

Answer choices:
1. Should be doing more 2. Should be doing less 3. Is doing the right amount

When answering, respond ONLY with a single number that corresponds to the option you choose. Do not include any additional text, punctuation or explanation.

My answer is
",1
fake_5137,1,5,7,2,76,1,2,"Today is November 5, 2024. Racially, I am white. Ideologically, I am slightly conservative. Politically, I am a strong Republican. I do not attend church. I am 76 years old. I am a man. I am somewhat interested in politics.. Question: Do you think the federal government should be doing more about the opioid drug addiction issue, should be doing less, or is it currently doing the right amount?

Answer choices:
1. Should be doing more 2. Should be doing less 3. Is doing the right amount

When answering, respond ONLY with a single number that corresponds to the option you choose. Do not include any additional text, punctuation or explanation.

My answer is
",1
fake_5138,1,7,3,2,35,1,-7,"Today is November 5, 2024. Racially, I am white. Ideologically, I am extremely conservative. Politically, I am an independent who leans Democratic. I do not attend church. I am 35 years old. I am a man.. Question: Do you think the federal government should be doing more about the opioid drug addiction issue, should be doing less, or is it currently doing the right amount?

Answer choices:
1. Should be doing more 2. Should be doing less 3. Is doing the right amount

When answering, respond ONLY with a single number that corresponds to the option you choose. Do not include any additional text, punctuation or explanation.

My answer is
",1
fake_5139,1,3,7,1,38,2,2,"Today is November 5, 2024. Racially, I am white. Ideologically, I am slightly liberal. Politically, I am a strong Republican. I attend church. I am 38 years old. I am a woman. I am somewhat interested in politics.. Question: Do you think the federal government should be doing more about the opioid drug addiction issue, should be doing less, or is it currently doing the right amount?

Answer choices:
1. Should be doing more 2. Should be doing less 3. Is doing the right amount

When answering, respond ONLY with a single number that corresponds to the option you choose. Do not include any additional text, punctuation or explanation.

My answer is
",1
fake_5140,1,6,2,2,58,1,3,"Today is November 5, 2024. Racially, I am white. Ideologically, I am conservative. Politically, I am a weak Democrat. I do not attend church. I am 58 years old. I am a man. I am not very interested in politics.. Question: Do you think the federal government should be doing more about the opioid drug addiction issue, should be doing less, or is it currently doing the right amount?

Answer choices:
1. Should be doing more 2. Should be doing less 3. Is doing the right amount

When answering, respond ONLY with a single number that corresponds to the option you choose. Do not include any additional text, punctuation or explanation.

My answer is
",1
fake_5141,1,99,5,1,66,1,2,"Today is November 5, 2024. Racially, I am white. Politically, I am an independent who leans Republican. I attend church. I am 66 years old. I am a man. I am somewhat interested in politics.. Question: Do you think the federal government should be doing more about the opioid drug addiction issue, should be doing less, or is it currently doing the right amount?

Answer choices:
1. Should be doing more 2. Should be doing less 3. Is doing the right amount

When answering, respond ONLY with a single number that corresponds to the option you choose. Do not include any additional text, punctuation or explanation.

My answer is
",1
fake_5142,4,7,2,1,63,1,3,"Today is November 5, 2024. Racially, I am asian. Ideologically, I am extremely conservative. Politically, I am a weak Democrat. I attend church. I am 63 years old. I am a man. I am not very interested in politics.. Question: Do you think the federal government should be doing more about the opioid drug addiction issue, should be doing less, or is it currently doing the right amount?

Answer choices:
1. Should be doing more 2. Should be doing less 3. Is doing the right amount

When answering, respond ONLY with a single number that corresponds to the option you choose. Do not include any additional text, punctuation or explanation.

My answer is
",1
fake_5143,2,6,2,1,65,1,2,"Today is November 5, 2024. Racially, I am black. Ideologically, I am conservative. Politically, I am a weak Democrat. I attend church. I am 65 years old. I am a man. I am somewhat interested in politics.. Question: Do you think the federal government should be doing more about the opioid drug addiction issue, should be doing less, or is it currently doing the right amount?

Answer choices:
1. Should be doing more 2. Should be doing less 3. Is doing the right amount

When answering, respond ONLY with a single number that corresponds to the option you choose. Do not include any additional text, punctuation or explanation.

My answer is
",1
fake_5144,1,6,2,1,39,2,2,"Today is November 5, 2024. Racially, I am white. Ideologically, I am conservative. Politically, I am a weak Democrat. I attend church. I am 39 years old. I am a woman. I am somewhat interested in politics.. Question: Do you think the federal government should be doing more about the opioid drug addiction issue, should be doing less, or is it currently doing the right amount?

Answer choices:
1. Should be doing more 2. Should be doing less 3. Is doing the right amount

When answering, respond ONLY with a single number that corresponds to the option you choose. Do not include any additional text, punctuation or explanation.

My answer is
",1
fake_5145,6,3,6,1,69,2,4,"Today is November 5, 2024. Ideologically, I am slightly liberal. Politically, I am a weak Republican. I attend church. I am 69 years old. I am a woman. I am not at all interested in politics.. Question: Do you think the federal government should be doing more about the opioid drug addiction issue, should be doing less, or is it currently doing the right amount?

Answer choices:
1. Should be doing more 2. Should be doing less 3. Is doing the right amount

When answering, respond ONLY with a single number that corresponds to the option you choose. Do not include any additional text, punctuation or explanation.

My answer is
",1
fake_5146,1,7,7,2,45,1,2,"Today is November 5, 2024. Racially, I am white. Ideologically, I am extremely conservative. Politically, I am a strong Republican. I do not attend church. I am 45 years old. I am a man. I am somewhat interested in politics.. Question: Do you think the federal government should be doing more about the opioid drug addiction issue, should be doing less, or is it currently doing the right amount?

Answer choices:
1. Should be doing more 2. Should be doing less 3. Is doing the right amount

When answering, respond ONLY with a single number that corresponds to the option you choose. Do not include any additional text, punctuation or explanation.

My answer is
",2
fake_5147,1,5,2,2,51,2,1,"Today is November 5, 2024. Racially, I am white. Ideologically, I am slightly conservative. Politically, I am a weak Democrat. I do not attend church. I am 51 years old. I am a woman. I am very interested in politics.. Question: Do you think the federal government should be doing more about the opioid drug addiction issue, should be doing less, or is it currently doing the right amount?

Answer choices:
1. Should be doing more 2. Should be doing less 3. Is doing the right amount

When answering, respond ONLY with a single number that corresponds to the option you choose. Do not include any additional text, punctuation or explanation.

My answer is
",1
fake_5148,1,-9,7,2,33,1,1,"Today is November 5, 2024. Racially, I am white. Politically, I am a strong Republican. I do not attend church. I am 33 years old. I am a man. I am very interested in politics.. Question: Do you think the federal government should be doing more about the opioid drug addiction issue, should be doing less, or is it currently doing the right amount?

Answer choices:
1. Should be doing more 2. Should be doing less 3. Is doing the right amount

When answering, respond ONLY with a single number that corresponds to the option you choose. Do not include any additional text, punctuation or explanation.

My answer is
",2
fake_5149,3,99,5,2,54,1,2,"Today is November 5, 2024. Racially, I am hispanic. Politically, I am an independent who leans Republican. I do not attend church. I am 54 years old. I am a man. I am somewhat interested in politics.. Question: Do you think the federal government should be doing more about the opioid drug addiction issue, should be doing less, or is it currently doing the right amount?

Answer choices:
1. Should be doing more 2. Should be doing less 3. Is doing the right amount

When answering, respond ONLY with a single number that corresponds to the option you choose. Do not include any additional text, punctuation or explanation.

My answer is
",1
fake_5150,5,-9,7,1,61,2,2,"Today is November 5, 2024. Racially, I am native American. Politically, I am a strong Republican. I attend church. I am 61 years old. I am a woman. I am somewhat interested in politics.. Question: Do you think the federal government should be doing more about the opioid drug addiction issue, should be doing less, or is it currently doing the right amount?

Answer choices:
1. Should be doing more 2. Should be doing less 3. Is doing the right amount

When answering, respond ONLY with a single number that corresponds to the option you choose. Do not include any additional text, punctuation or explanation.

My answer is
",1
fake_5151,3,7,3,2,63,1,1,"Today is November 5, 2024. Racially, I am hispanic. Ideologically, I am extremely conservative. Politically, I am an independent who leans Democratic. I do not attend church. I am 63 years old. I am a man. I am very interested in politics.. Question: Do you think the federal government should be doing more about the opioid drug addiction issue, should be doing less, or is it currently doing the right amount?

Answer choices:
1. Should be doing more 2. Should be doing less 3. Is doing the right amount

When answering, respond ONLY with a single number that corresponds to the option you choose. Do not include any additional text, punctuation or explanation.

My answer is
",1
fake_5152,1,4,7,2,40,2,3,"Today is November 5, 2024. Racially, I am white. Ideologically, I am moderate. Politically, I am a strong Republican. I do not attend church. I am 40 years old. I am a woman. I am not very interested in politics.. Question: Do you think the federal government should be doing more about the opioid drug addiction issue, should be doing less, or is it currently doing the right amount?

Answer choices:
1. Should be doing more 2. Should be doing less 3. Is doing the right amount

When answering, respond ONLY with a single number that corresponds to the option you choose. Do not include any additional text, punctuation or explanation.

My answer is
",1
fake_5153,1,2,5,2,77,1,1,"Today is November 5, 2024. Racially, I am white. Ideologically, I am liberal. Politically, I am an independent who leans Republican. I do not attend church. I am 77 years old. I am a man. I am very interested in politics.. Question: Do you think the federal government should be doing more about the opioid drug addiction issue, should be doing less, or is it currently doing the right amount?

Answer choices:
1. Should be doing more 2. Should be doing less 3. Is doing the right amount

When answering, respond ONLY with a single number that corresponds to the option you choose. Do not include any additional text, punctuation or explanation.

My answer is
",1
fake_5154,-9,6,3,1,21,1,1,"Today is November 5, 2024. Ideologically, I am conservative. Politically, I am an independent who leans Democratic. I attend church. I am 21 years old. I am a man. I am very interested in politics.. Question: Do you think the federal government should be doing more about the opioid drug addiction issue, should be doing less, or is it currently doing the right amount?

Answer choices:
1. Should be doing more 2. Should be doing less 3. Is doing the right amount

When answering, respond ONLY with a single number that corresponds to the option you choose. Do not include any additional text, punctuation or explanation.

My answer is
",1
fake_5155,1,1,1,2,67,2,2,"Today is November 5, 2024. Racially, I am white. Ideologically, I am extremely liberal. Politically, I am a strong democrat. I do not attend church. I am 67 years old. I am a woman. I am somewhat interested in politics.. Question: Do you think the federal government should be doing more about the opioid drug addiction issue, should be doing less, or is it currently doing the right amount?

Answer choices:
1. Should be doing more 2. Should be doing less 3. Is doing the right amount

When answering, respond ONLY with a single number that corresponds to the option you choose. Do not include any additional text, punctuation or explanation.

My answer is
",1
fake_5156,2,5,6,2,29,2,1,"Today is November 5, 2024. Racially, I am black. Ideologically, I am slightly conservative. Politically, I am a weak Republican. I do not attend church. I am 29 years old. I am a woman. I am very interested in politics.. Question: Do you think the federal government should be doing more about the opioid drug addiction issue, should be doing less, or is it currently doing the right amount?

Answer choices:
1. Should be doing more 2. Should be doing less 3. Is doing the right amount

When answering, respond ONLY with a single number that corresponds to the option you choose. Do not include any additional text, punctuation or explanation.

My answer is
",1
fake_5157,1,99,3,1,44,1,1,"Today is November 5, 2024. Racially, I am white. Politically, I am an independent who leans Democratic. I attend church. I am 44 years old. I am a man. I am very interested in politics.. Question: Do you think the federal government should be doing more about the opioid drug addiction issue, should be doing less, or is it currently doing the right amount?

Answer choices:
1. Should be doing more 2. Should be doing less 3. Is doing the right amount

When answering, respond ONLY with a single number that corresponds to the option you choose. Do not include any additional text, punctuation or explanation.

My answer is
",1
fake_5158,6,2,7,1,37,2,2,"Today is November 5, 2024. Ideologically, I am liberal. Politically, I am a strong Republican. I attend church. I am 37 years old. I am a woman. I am somewhat interested in politics.. Question: Do you think the federal government should be doing more about the opioid drug addiction issue, should be doing less, or is it currently doing the right amount?

Answer choices:
1. Should be doing more 2. Should be doing less 3. Is doing the right amount

When answering, respond ONLY with a single number that corresponds to the option you choose. Do not include any additional text, punctuation or explanation.

My answer is
",1
fake_5159,1,99,-9,1,69,2,2,"Today is November 5, 2024. Racially, I am white. I attend church. I am 69 years old. I am a woman. I am somewhat interested in politics.. Question: Do you think the federal government should be doing more about the opioid drug addiction issue, should be doing less, or is it currently doing the right amount?

Answer choices:
1. Should be doing more 2. Should be doing less 3. Is doing the right amount

When answering, respond ONLY with a single number that corresponds to the option you choose. Do not include any additional text, punctuation or explanation.

My answer is
",1
fake_5160,1,5,1,1,71,2,2,"Today is November 5, 2024. Racially, I am white. Ideologically, I am slightly conservative. Politically, I am a strong democrat. I attend church. I am 71 years old. I am a woman. I am somewhat interested in politics.. Question: Do you think the federal government should be doing more about the opioid drug addiction issue, should be doing less, or is it currently doing the right amount?

Answer choices:
1. Should be doing more 2. Should be doing less 3. Is doing the right amount

When answering, respond ONLY with a single number that corresponds to the option you choose. Do not include any additional text, punctuation or explanation.

My answer is
",1
fake_5161,1,1,7,1,58,1,2,"Today is November 5, 2024. Racially, I am white. Ideologically, I am extremely liberal. Politically, I am a strong Republican. I attend church. I am 58 years old. I am a man. I am somewhat interested in politics.. Question: Do you think the federal government should be doing more about the opioid drug addiction issue, should be doing less, or is it currently doing the right amount?

Answer choices:
1. Should be doing more 2. Should be doing less 3. Is doing the right amount

When answering, respond ONLY with a single number that corresponds to the option you choose. Do not include any additional text, punctuation or explanation.

My answer is
",1
fake_5162,3,6,7,1,36,1,3,"Today is November 5, 2024. Racially, I am hispanic. Ideologically, I am conservative. Politically, I am a strong Republican. I attend church. I am 36 years old. I am a man. I am not very interested in politics.. Question: Do you think the federal government should be doing more about the opioid drug addiction issue, should be doing less, or is it currently doing the right amount?

Answer choices:
1. Should be doing more 2. Should be doing less 3. Is doing the right amount

When answering, respond ONLY with a single number that corresponds to the option you choose. Do not include any additional text, punctuation or explanation.

My answer is
",1
fake_5163,1,3,1,1,64,2,2,"Today is November 5, 2024. Racially, I am white. Ideologically, I am slightly liberal. Politically, I am a strong democrat. I attend church. I am 64 years old. I am a woman. I am somewhat interested in politics.. Question: Do you think the federal government should be doing more about the opioid drug addiction issue, should be doing less, or is it currently doing the right amount?

Answer choices:
1. Should be doing more 2. Should be doing less 3. Is doing the right amount

When answering, respond ONLY with a single number that corresponds to the option you choose. Do not include any additional text, punctuation or explanation.

My answer is
",1
fake_5164,1,2,7,1,59,2,2,"Today is November 5, 2024. Racially, I am white. Ideologically, I am liberal. Politically, I am a strong Republican. I attend church. I am 59 years old. I am a woman. I am somewhat interested in politics.. Question: Do you think the federal government should be doing more about the opioid drug addiction issue, should be doing less, or is it currently doing the right amount?

Answer choices:
1. Should be doing more 2. Should be doing less 3. Is doing the right amount

When answering, respond ONLY with a single number that corresponds to the option you choose. Do not include any additional text, punctuation or explanation.

My answer is
",1
fake_5165,2,2,7,1,67,2,2,"Today is November 5, 2024. Racially, I am black. Ideologically, I am liberal. Politically, I am a strong Republican. I attend church. I am 67 years old. I am a woman. I am somewhat interested in politics.. Question: Do you think the federal government should be doing more about the opioid drug addiction issue, should be doing less, or is it currently doing the right amount?

Answer choices:
1. Should be doing more 2. Should be doing less 3. Is doing the right amount

When answering, respond ONLY with a single number that corresponds to the option you choose. Do not include any additional text, punctuation or explanation.

My answer is
",1
fake_5166,1,99,2,1,45,2,1,"Today is November 5, 2024. Racially, I am white. Politically, I am a weak Democrat. I attend church. I am 45 years old. I am a woman. I am very interested in politics.. Question: Do you think the federal government should be doing more about the opioid drug addiction issue, should be doing less, or is it currently doing the right amount?

Answer choices:
1. Should be doing more 2. Should be doing less 3. Is doing the right amount

When answering, respond ONLY with a single number that corresponds to the option you choose. Do not include any additional text, punctuation or explanation.

My answer is
",1
fake_5167,2,5,2,1,26,2,2,"Today is November 5, 2024. Racially, I am black. Ideologically, I am slightly conservative. Politically, I am a weak Democrat. I attend church. I am 26 years old. I am a woman. I am somewhat interested in politics.. Question: Do you think the federal government should be doing more about the opioid drug addiction issue, should be doing less, or is it currently doing the right amount?

Answer choices:
1. Should be doing more 2. Should be doing less 3. Is doing the right amount

When answering, respond ONLY with a single number that corresponds to the option you choose. Do not include any additional text, punctuation or explanation.

My answer is
",1
fake_5168,6,5,1,2,39,2,1,"Today is November 5, 2024. Ideologically, I am slightly conservative. Politically, I am a strong democrat. I do not attend church. I am 39 years old. I am a woman. I am very interested in politics.. Question: Do you think the federal government should be doing more about the opioid drug addiction issue, should be doing less, or is it currently doing the right amount?

Answer choices:
1. Should be doing more 2. Should be doing less 3. Is doing the right amount

When answering, respond ONLY with a single number that corresponds to the option you choose. Do not include any additional text, punctuation or explanation.

My answer is
",1
fake_5169,1,6,7,1,76,1,3,"Today is November 5, 2024. Racially, I am white. Ideologically, I am conservative. Politically, I am a strong Republican. I attend church. I am 76 years old. I am a man. I am not very interested in politics.. Question: Do you think the federal government should be doing more about the opioid drug addiction issue, should be doing less, or is it currently doing the right amount?

Answer choices:
1. Should be doing more 2. Should be doing less 3. Is doing the right amount

When answering, respond ONLY with a single number that corresponds to the option you choose. Do not include any additional text, punctuation or explanation.

My answer is
",1
fake_5170,1,2,6,1,47,2,4,"Today is November 5, 2024. Racially, I am white. Ideologically, I am liberal. Politically, I am a weak Republican. I attend church. I am 47 years old. I am a woman. I am not at all interested in politics.. Question: Do you think the federal government should be doing more about the opioid drug addiction issue, should be doing less, or is it currently doing the right amount?

Answer choices:
1. Should be doing more 2. Should be doing less 3. Is doing the right amount

When answering, respond ONLY with a single number that corresponds to the option you choose. Do not include any additional text, punctuation or explanation.

My answer is
",1
fake_5171,1,99,6,1,65,1,-6,"Today is November 5, 2024. Racially, I am white. Politically, I am a weak Republican. I attend church. I am 65 years old. I am a man.. Question: Do you think the federal government should be doing more about the opioid drug addiction issue, should be doing less, or is it currently doing the right amount?

Answer choices:
1. Should be doing more 2. Should be doing less 3. Is doing the right amount

When answering, respond ONLY with a single number that corresponds to the option you choose. Do not include any additional text, punctuation or explanation.

My answer is
",1
fake_5172,1,2,5,1,27,1,3,"Today is November 5, 2024. Racially, I am white. Ideologically, I am liberal. Politically, I am an independent who leans Republican. I attend church. I am 27 years old. I am a man. I am not very interested in politics.. Question: Do you think the federal government should be doing more about the opioid drug addiction issue, should be doing less, or is it currently doing the right amount?

Answer choices:
1. Should be doing more 2. Should be doing less 3. Is doing the right amount

When answering, respond ONLY with a single number that corresponds to the option you choose. Do not include any additional text, punctuation or explanation.

My answer is
",1
fake_5173,4,3,1,2,26,1,2,"Today is November 5, 2024. Racially, I am asian. Ideologically, I am slightly liberal. Politically, I am a strong democrat. I do not attend church. I am 26 years old. I am a man. I am somewhat interested in politics.. Question: Do you think the federal government should be doing more about the opioid drug addiction issue, should be doing less, or is it currently doing the right amount?

Answer choices:
1. Should be doing more 2. Should be doing less 3. Is doing the right amount

When answering, respond ONLY with a single number that corresponds to the option you choose. Do not include any additional text, punctuation or explanation.

My answer is
",1
fake_5174,3,4,7,2,72,1,1,"Today is November 5, 2024. Racially, I am hispanic. Ideologically, I am moderate. Politically, I am a strong Republican. I do not attend church. I am 72 years old. I am a man. I am very interested in politics.. Question: Do you think the federal government should be doing more about the opioid drug addiction issue, should be doing less, or is it currently doing the right amount?

Answer choices:
1. Should be doing more 2. Should be doing less 3. Is doing the right amount

When answering, respond ONLY with a single number that corresponds to the option you choose. Do not include any additional text, punctuation or explanation.

My answer is
",1
fake_5175,1,99,6,2,80,1,1,"Today is November 5, 2024. Racially, I am white. Politically, I am a weak Republican. I do not attend church. I am 80 years old. I am a man. I am very interested in politics.. Question: Do you think the federal government should be doing more about the opioid drug addiction issue, should be doing less, or is it currently doing the right amount?

Answer choices:
1. Should be doing more 2. Should be doing less 3. Is doing the right amount

When answering, respond ONLY with a single number that corresponds to the option you choose. Do not include any additional text, punctuation or explanation.

My answer is
",1
fake_5176,1,7,5,2,69,2,3,"Today is November 5, 2024. Racially, I am white. Ideologically, I am extremely conservative. Politically, I am an independent who leans Republican. I do not attend church. I am 69 years old. I am a woman. I am not very interested in politics.. Question: Do you think the federal government should be doing more about the opioid drug addiction issue, should be doing less, or is it currently doing the right amount?

Answer choices:
1. Should be doing more 2. Should be doing less 3. Is doing the right amount

When answering, respond ONLY with a single number that corresponds to the option you choose. Do not include any additional text, punctuation or explanation.

My answer is
",1
fake_5177,1,6,7,2,37,2,1,"Today is November 5, 2024. Racially, I am white. Ideologically, I am conservative. Politically, I am a strong Republican. I do not attend church. I am 37 years old. I am a woman. I am very interested in politics.. Question: Do you think the federal government should be doing more about the opioid drug addiction issue, should be doing less, or is it currently doing the right amount?

Answer choices:
1. Should be doing more 2. Should be doing less 3. Is doing the right amount

When answering, respond ONLY with a single number that corresponds to the option you choose. Do not include any additional text, punctuation or explanation.

My answer is
",1
fake_5178,1,3,3,1,42,2,3,"Today is November 5, 2024. Racially, I am white. Ideologically, I am slightly liberal. Politically, I am an independent who leans Democratic. I attend church. I am 42 years old. I am a woman. I am not very interested in politics.. Question: Do you think the federal government should be doing more about the opioid drug addiction issue, should be doing less, or is it currently doing the right amount?

Answer choices:
1. Should be doing more 2. Should be doing less 3. Is doing the right amount

When answering, respond ONLY with a single number that corresponds to the option you choose. Do not include any additional text, punctuation or explanation.

My answer is
",1
fake_5179,1,6,1,1,65,2,2,"Today is November 5, 2024. Racially, I am white. Ideologically, I am conservative. Politically, I am a strong democrat. I attend church. I am 65 years old. I am a woman. I am somewhat interested in politics.. Question: Do you think the federal government should be doing more about the opioid drug addiction issue, should be doing less, or is it currently doing the right amount?

Answer choices:
1. Should be doing more 2. Should be doing less 3. Is doing the right amount

When answering, respond ONLY with a single number that corresponds to the option you choose. Do not include any additional text, punctuation or explanation.

My answer is
",1
fake_5180,3,5,7,2,77,2,4,"Today is November 5, 2024. Racially, I am hispanic. Ideologically, I am slightly conservative. Politically, I am a strong Republican. I do not attend church. I am 77 years old. I am a woman. I am not at all interested in politics.. Question: Do you think the federal government should be doing more about the opioid drug addiction issue, should be doing less, or is it currently doing the right amount?

Answer choices:
1. Should be doing more 2. Should be doing less 3. Is doing the right amount

When answering, respond ONLY with a single number that corresponds to the option you choose. Do not include any additional text, punctuation or explanation.

My answer is
",1
fake_5181,3,2,1,1,65,2,3,"Today is November 5, 2024. Racially, I am hispanic. Ideologically, I am liberal. Politically, I am a strong democrat. I attend church. I am 65 years old. I am a woman. I am not very interested in politics.. Question: Do you think the federal government should be doing more about the opioid drug addiction issue, should be doing less, or is it currently doing the right amount?

Answer choices:
1. Should be doing more 2. Should be doing less 3. Is doing the right amount

When answering, respond ONLY with a single number that corresponds to the option you choose. Do not include any additional text, punctuation or explanation.

My answer is
",1
fake_5182,1,5,6,1,55,1,3,"Today is November 5, 2024. Racially, I am white. Ideologically, I am slightly conservative. Politically, I am a weak Republican. I attend church. I am 55 years old. I am a man. I am not very interested in politics.. Question: Do you think the federal government should be doing more about the opioid drug addiction issue, should be doing less, or is it currently doing the right amount?

Answer choices:
1. Should be doing more 2. Should be doing less 3. Is doing the right amount

When answering, respond ONLY with a single number that corresponds to the option you choose. Do not include any additional text, punctuation or explanation.

My answer is
",1
fake_5183,1,4,7,1,46,1,1,"Today is November 5, 2024. Racially, I am white. Ideologically, I am moderate. Politically, I am a strong Republican. I attend church. I am 46 years old. I am a man. I am very interested in politics.. Question: Do you think the federal government should be doing more about the opioid drug addiction issue, should be doing less, or is it currently doing the right amount?

Answer choices:
1. Should be doing more 2. Should be doing less 3. Is doing the right amount

When answering, respond ONLY with a single number that corresponds to the option you choose. Do not include any additional text, punctuation or explanation.

My answer is
",1
fake_5184,6,3,7,1,45,2,2,"Today is November 5, 2024. Ideologically, I am slightly liberal. Politically, I am a strong Republican. I attend church. I am 45 years old. I am a woman. I am somewhat interested in politics.. Question: Do you think the federal government should be doing more about the opioid drug addiction issue, should be doing less, or is it currently doing the right amount?

Answer choices:
1. Should be doing more 2. Should be doing less 3. Is doing the right amount

When answering, respond ONLY with a single number that corresponds to the option you choose. Do not include any additional text, punctuation or explanation.

My answer is
",1
fake_5185,1,6,3,2,27,2,-5,"Today is November 5, 2024. Racially, I am white. Ideologically, I am conservative. Politically, I am an independent who leans Democratic. I do not attend church. I am 27 years old. I am a woman.. Question: Do you think the federal government should be doing more about the opioid drug addiction issue, should be doing less, or is it currently doing the right amount?

Answer choices:
1. Should be doing more 2. Should be doing less 3. Is doing the right amount

When answering, respond ONLY with a single number that corresponds to the option you choose. Do not include any additional text, punctuation or explanation.

My answer is
",1
fake_5186,1,6,5,2,39,1,1,"Today is November 5, 2024. Racially, I am white. Ideologically, I am conservative. Politically, I am an independent who leans Republican. I do not attend church. I am 39 years old. I am a man. I am very interested in politics.. Question: Do you think the federal government should be doing more about the opioid drug addiction issue, should be doing less, or is it currently doing the right amount?

Answer choices:
1. Should be doing more 2. Should be doing less 3. Is doing the right amount

When answering, respond ONLY with a single number that corresponds to the option you choose. Do not include any additional text, punctuation or explanation.

My answer is
",1
fake_5187,1,2,7,1,28,1,-6,"Today is November 5, 2024. Racially, I am white. Ideologically, I am liberal. Politically, I am a strong Republican. I attend church. I am 28 years old. I am a man.. Question: Do you think the federal government should be doing more about the opioid drug addiction issue, should be doing less, or is it currently doing the right amount?

Answer choices:
1. Should be doing more 2. Should be doing less 3. Is doing the right amount

When answering, respond ONLY with a single number that corresponds to the option you choose. Do not include any additional text, punctuation or explanation.

My answer is
",1
fake_5188,2,1,1,2,66,2,-7,"Today is November 5, 2024. Racially, I am black. Ideologically, I am extremely liberal. Politically, I am a strong democrat. I do not attend church. I am 66 years old. I am a woman.. Question: Do you think the federal government should be doing more about the opioid drug addiction issue, should be doing less, or is it currently doing the right amount?

Answer choices:
1. Should be doing more 2. Should be doing less 3. Is doing the right amount

When answering, respond ONLY with a single number that corresponds to the option you choose. Do not include any additional text, punctuation or explanation.

My answer is
",1
fake_5189,2,4,3,1,79,2,3,"Today is November 5, 2024. Racially, I am black. Ideologically, I am moderate. Politically, I am an independent who leans Democratic. I attend church. I am 79 years old. I am a woman. I am not very interested in politics.. Question: Do you think the federal government should be doing more about the opioid drug addiction issue, should be doing less, or is it currently doing the right amount?

Answer choices:
1. Should be doing more 2. Should be doing less 3. Is doing the right amount

When answering, respond ONLY with a single number that corresponds to the option you choose. Do not include any additional text, punctuation or explanation.

My answer is
",1
fake_5190,1,4,3,1,50,2,2,"Today is November 5, 2024. Racially, I am white. Ideologically, I am moderate. Politically, I am an independent who leans Democratic. I attend church. I am 50 years old. I am a woman. I am somewhat interested in politics.. Question: Do you think the federal government should be doing more about the opioid drug addiction issue, should be doing less, or is it currently doing the right amount?

Answer choices:
1. Should be doing more 2. Should be doing less 3. Is doing the right amount

When answering, respond ONLY with a single number that corresponds to the option you choose. Do not include any additional text, punctuation or explanation.

My answer is
",1
fake_5191,1,4,2,2,40,2,2,"Today is November 5, 2024. Racially, I am white. Ideologically, I am moderate. Politically, I am a weak Democrat. I do not attend church. I am 40 years old. I am a woman. I am somewhat interested in politics.. Question: Do you think the federal government should be doing more about the opioid drug addiction issue, should be doing less, or is it currently doing the right amount?

Answer choices:
1. Should be doing more 2. Should be doing less 3. Is doing the right amount

When answering, respond ONLY with a single number that corresponds to the option you choose. Do not include any additional text, punctuation or explanation.

My answer is
",1
fake_5192,1,1,1,1,58,2,1,"Today is November 5, 2024. Racially, I am white. Ideologically, I am extremely liberal. Politically, I am a strong democrat. I attend church. I am 58 years old. I am a woman. I am very interested in politics.. Question: Do you think the federal government should be doing more about the opioid drug addiction issue, should be doing less, or is it currently doing the right amount?

Answer choices:
1. Should be doing more 2. Should be doing less 3. Is doing the right amount

When answering, respond ONLY with a single number that corresponds to the option you choose. Do not include any additional text, punctuation or explanation.

My answer is
",1
fake_5193,1,99,5,1,42,2,2,"Today is November 5, 2024. Racially, I am white. Politically, I am an independent who leans Republican. I attend church. I am 42 years old. I am a woman. I am somewhat interested in politics.. Question: Do you think the federal government should be doing more about the opioid drug addiction issue, should be doing less, or is it currently doing the right amount?

Answer choices:
1. Should be doing more 2. Should be doing less 3. Is doing the right amount

When answering, respond ONLY with a single number that corresponds to the option you choose. Do not include any additional text, punctuation or explanation.

My answer is
",1
fake_5194,1,6,7,1,71,1,4,"Today is November 5, 2024. Racially, I am white. Ideologically, I am conservative. Politically, I am a strong Republican. I attend church. I am 71 years old. I am a man. I am not at all interested in politics.. Question: Do you think the federal government should be doing more about the opioid drug addiction issue, should be doing less, or is it currently doing the right amount?

Answer choices:
1. Should be doing more 2. Should be doing less 3. Is doing the right amount

When answering, respond ONLY with a single number that corresponds to the option you choose. Do not include any additional text, punctuation or explanation.

My answer is
",1
fake_5195,1,3,3,1,61,2,2,"Today is November 5, 2024. Racially, I am white. Ideologically, I am slightly liberal. Politically, I am an independent who leans Democratic. I attend church. I am 61 years old. I am a woman. I am somewhat interested in politics.. Question: Do you think the federal government should be doing more about the opioid drug addiction issue, should be doing less, or is it currently doing the right amount?

Answer choices:
1. Should be doing more 2. Should be doing less 3. Is doing the right amount

When answering, respond ONLY with a single number that corresponds to the option you choose. Do not include any additional text, punctuation or explanation.

My answer is
",1
fake_5196,5,7,1,1,42,2,2,"Today is November 5, 2024. Racially, I am native American. Ideologically, I am extremely conservative. Politically, I am a strong democrat. I attend church. I am 42 years old. I am a woman. I am somewhat interested in politics.. Question: Do you think the federal government should be doing more about the opioid drug addiction issue, should be doing less, or is it currently doing the right amount?

Answer choices:
1. Should be doing more 2. Should be doing less 3. Is doing the right amount

When answering, respond ONLY with a single number that corresponds to the option you choose. Do not include any additional text, punctuation or explanation.

My answer is
",1
fake_5197,1,3,5,2,41,1,2,"Today is November 5, 2024. Racially, I am white. Ideologically, I am slightly liberal. Politically, I am an independent who leans Republican. I do not attend church. I am 41 years old. I am a man. I am somewhat interested in politics.. Question: Do you think the federal government should be doing more about the opioid drug addiction issue, should be doing less, or is it currently doing the right amount?

Answer choices:
1. Should be doing more 2. Should be doing less 3. Is doing the right amount

When answering, respond ONLY with a single number that corresponds to the option you choose. Do not include any additional text, punctuation or explanation.

My answer is
",1
fake_5198,3,4,1,1,26,2,-6,"Today is November 5, 2024. Racially, I am hispanic. Ideologically, I am moderate. Politically, I am a strong democrat. I attend church. I am 26 years old. I am a woman.. Question: Do you think the federal government should be doing more about the opioid drug addiction issue, should be doing less, or is it currently doing the right amount?

Answer choices:
1. Should be doing more 2. Should be doing less 3. Is doing the right amount

When answering, respond ONLY with a single number that corresponds to the option you choose. Do not include any additional text, punctuation or explanation.

My answer is
",1
fake_5199,1,4,5,1,45,1,3,"Today is November 5, 2024. Racially, I am white. Ideologically, I am moderate. Politically, I am an independent who leans Republican. I attend church. I am 45 years old. I am a man. I am not very interested in politics.. Question: Do you think the federal government should be doing more about the opioid drug addiction issue, should be doing less, or is it currently doing the right amount?

Answer choices:
1. Should be doing more 2. Should be doing less 3. Is doing the right amount

When answering, respond ONLY with a single number that corresponds to the option you choose. Do not include any additional text, punctuation or explanation.

My answer is
",1
fake_5200,1,6,4,2,80,2,-6,"Today is November 5, 2024. Racially, I am white. Ideologically, I am conservative. Politically, I am an independent. I do not attend church. I am 80 years old. I am a woman.. Question: Do you think the federal government should be doing more about the opioid drug addiction issue, should be doing less, or is it currently doing the right amount?

Answer choices:
1. Should be doing more 2. Should be doing less 3. Is doing the right amount

When answering, respond ONLY with a single number that corresponds to the option you choose. Do not include any additional text, punctuation or explanation.

My answer is
",1
fake_5201,1,7,3,1,18,2,1,"Today is November 5, 2024. Racially, I am white. Ideologically, I am extremely conservative. Politically, I am an independent who leans Democratic. I attend church. I am 18 years old. I am a woman. I am very interested in politics.. Question: Do you think the federal government should be doing more about the opioid drug addiction issue, should be doing less, or is it currently doing the right amount?

Answer choices:
1. Should be doing more 2. Should be doing less 3. Is doing the right amount

When answering, respond ONLY with a single number that corresponds to the option you choose. Do not include any additional text, punctuation or explanation.

My answer is
",1
fake_5202,4,5,3,2,27,2,2,"Today is November 5, 2024. Racially, I am asian. Ideologically, I am slightly conservative. Politically, I am an independent who leans Democratic. I do not attend church. I am 27 years old. I am a woman. I am somewhat interested in politics.. Question: Do you think the federal government should be doing more about the opioid drug addiction issue, should be doing less, or is it currently doing the right amount?

Answer choices:
1. Should be doing more 2. Should be doing less 3. Is doing the right amount

When answering, respond ONLY with a single number that corresponds to the option you choose. Do not include any additional text, punctuation or explanation.

My answer is
",1
fake_5203,3,1,1,1,55,2,3,"Today is November 5, 2024. Racially, I am hispanic. Ideologically, I am extremely liberal. Politically, I am a strong democrat. I attend church. I am 55 years old. I am a woman. I am not very interested in politics.. Question: Do you think the federal government should be doing more about the opioid drug addiction issue, should be doing less, or is it currently doing the right amount?

Answer choices:
1. Should be doing more 2. Should be doing less 3. Is doing the right amount

When answering, respond ONLY with a single number that corresponds to the option you choose. Do not include any additional text, punctuation or explanation.

My answer is
",1
fake_5204,3,3,7,2,64,1,4,"Today is November 5, 2024. Racially, I am hispanic. Ideologically, I am slightly liberal. Politically, I am a strong Republican. I do not attend church. I am 64 years old. I am a man. I am not at all interested in politics.. Question: Do you think the federal government should be doing more about the opioid drug addiction issue, should be doing less, or is it currently doing the right amount?

Answer choices:
1. Should be doing more 2. Should be doing less 3. Is doing the right amount

When answering, respond ONLY with a single number that corresponds to the option you choose. Do not include any additional text, punctuation or explanation.

My answer is
",1
fake_5205,1,3,7,1,80,1,2,"Today is November 5, 2024. Racially, I am white. Ideologically, I am slightly liberal. Politically, I am a strong Republican. I attend church. I am 80 years old. I am a man. I am somewhat interested in politics.. Question: Do you think the federal government should be doing more about the opioid drug addiction issue, should be doing less, or is it currently doing the right amount?

Answer choices:
1. Should be doing more 2. Should be doing less 3. Is doing the right amount

When answering, respond ONLY with a single number that corresponds to the option you choose. Do not include any additional text, punctuation or explanation.

My answer is
",1
fake_5206,1,4,5,1,66,1,4,"Today is November 5, 2024. Racially, I am white. Ideologically, I am moderate. Politically, I am an independent who leans Republican. I attend church. I am 66 years old. I am a man. I am not at all interested in politics.. Question: Do you think the federal government should be doing more about the opioid drug addiction issue, should be doing less, or is it currently doing the right amount?

Answer choices:
1. Should be doing more 2. Should be doing less 3. Is doing the right amount

When answering, respond ONLY with a single number that corresponds to the option you choose. Do not include any additional text, punctuation or explanation.

My answer is
",1
fake_5207,1,4,3,2,26,1,2,"Today is November 5, 2024. Racially, I am white. Ideologically, I am moderate. Politically, I am an independent who leans Democratic. I do not attend church. I am 26 years old. I am a man. I am somewhat interested in politics.. Question: Do you think the federal government should be doing more about the opioid drug addiction issue, should be doing less, or is it currently doing the right amount?

Answer choices:
1. Should be doing more 2. Should be doing less 3. Is doing the right amount

When answering, respond ONLY with a single number that corresponds to the option you choose. Do not include any additional text, punctuation or explanation.

My answer is
",1
fake_5208,1,2,2,2,51,2,-6,"Today is November 5, 2024. Racially, I am white. Ideologically, I am liberal. Politically, I am a weak Democrat. I do not attend church. I am 51 years old. I am a woman.. Question: Do you think the federal government should be doing more about the opioid drug addiction issue, should be doing less, or is it currently doing the right amount?

Answer choices:
1. Should be doing more 2. Should be doing less 3. Is doing the right amount

When answering, respond ONLY with a single number that corresponds to the option you choose. Do not include any additional text, punctuation or explanation.

My answer is
",1
fake_5209,3,6,7,1,-2,2,4,"Today is November 5, 2024. Racially, I am hispanic. Ideologically, I am conservative. Politically, I am a strong Republican. I attend church. I am a woman. I am not at all interested in politics.. Question: Do you think the federal government should be doing more about the opioid drug addiction issue, should be doing less, or is it currently doing the right amount?

Answer choices:
1. Should be doing more 2. Should be doing less 3. Is doing the right amount

When answering, respond ONLY with a single number that corresponds to the option you choose. Do not include any additional text, punctuation or explanation.

My answer is
",1
fake_5210,1,4,1,1,40,2,3,"Today is November 5, 2024. Racially, I am white. Ideologically, I am moderate. Politically, I am a strong democrat. I attend church. I am 40 years old. I am a woman. I am not very interested in politics.. Question: Do you think the federal government should be doing more about the opioid drug addiction issue, should be doing less, or is it currently doing the right amount?

Answer choices:
1. Should be doing more 2. Should be doing less 3. Is doing the right amount

When answering, respond ONLY with a single number that corresponds to the option you choose. Do not include any additional text, punctuation or explanation.

My answer is
",1
fake_5211,2,7,3,2,80,2,4,"Today is November 5, 2024. Racially, I am black. Ideologically, I am extremely conservative. Politically, I am an independent who leans Democratic. I do not attend church. I am 80 years old. I am a woman. I am not at all interested in politics.. Question: Do you think the federal government should be doing more about the opioid drug addiction issue, should be doing less, or is it currently doing the right amount?

Answer choices:
1. Should be doing more 2. Should be doing less 3. Is doing the right amount

When answering, respond ONLY with a single number that corresponds to the option you choose. Do not include any additional text, punctuation or explanation.

My answer is
",1
fake_5212,3,3,7,1,49,1,1,"Today is November 5, 2024. Racially, I am hispanic. Ideologically, I am slightly liberal. Politically, I am a strong Republican. I attend church. I am 49 years old. I am a man. I am very interested in politics.. Question: Do you think the federal government should be doing more about the opioid drug addiction issue, should be doing less, or is it currently doing the right amount?

Answer choices:
1. Should be doing more 2. Should be doing less 3. Is doing the right amount

When answering, respond ONLY with a single number that corresponds to the option you choose. Do not include any additional text, punctuation or explanation.

My answer is
",1
fake_5213,3,4,5,1,44,2,2,"Today is November 5, 2024. Racially, I am hispanic. Ideologically, I am moderate. Politically, I am an independent who leans Republican. I attend church. I am 44 years old. I am a woman. I am somewhat interested in politics.. Question: Do you think the federal government should be doing more about the opioid drug addiction issue, should be doing less, or is it currently doing the right amount?

Answer choices:
1. Should be doing more 2. Should be doing less 3. Is doing the right amount

When answering, respond ONLY with a single number that corresponds to the option you choose. Do not include any additional text, punctuation or explanation.

My answer is
",1
fake_5214,3,3,1,1,-2,2,2,"Today is November 5, 2024. Racially, I am hispanic. Ideologically, I am slightly liberal. Politically, I am a strong democrat. I attend church. I am a woman. I am somewhat interested in politics.. Question: Do you think the federal government should be doing more about the opioid drug addiction issue, should be doing less, or is it currently doing the right amount?

Answer choices:
1. Should be doing more 2. Should be doing less 3. Is doing the right amount

When answering, respond ONLY with a single number that corresponds to the option you choose. Do not include any additional text, punctuation or explanation.

My answer is
",1
fake_5215,1,4,1,2,40,2,4,"Today is November 5, 2024. Racially, I am white. Ideologically, I am moderate. Politically, I am a strong democrat. I do not attend church. I am 40 years old. I am a woman. I am not at all interested in politics.. Question: Do you think the federal government should be doing more about the opioid drug addiction issue, should be doing less, or is it currently doing the right amount?

Answer choices:
1. Should be doing more 2. Should be doing less 3. Is doing the right amount

When answering, respond ONLY with a single number that corresponds to the option you choose. Do not include any additional text, punctuation or explanation.

My answer is
",1
fake_5216,1,1,5,2,54,2,2,"Today is November 5, 2024. Racially, I am white. Ideologically, I am extremely liberal. Politically, I am an independent who leans Republican. I do not attend church. I am 54 years old. I am a woman. I am somewhat interested in politics.. Question: Do you think the federal government should be doing more about the opioid drug addiction issue, should be doing less, or is it currently doing the right amount?

Answer choices:
1. Should be doing more 2. Should be doing less 3. Is doing the right amount

When answering, respond ONLY with a single number that corresponds to the option you choose. Do not include any additional text, punctuation or explanation.

My answer is
",1
fake_5217,1,2,1,2,40,1,2,"Today is November 5, 2024. Racially, I am white. Ideologically, I am liberal. Politically, I am a strong democrat. I do not attend church. I am 40 years old. I am a man. I am somewhat interested in politics.. Question: Do you think the federal government should be doing more about the opioid drug addiction issue, should be doing less, or is it currently doing the right amount?

Answer choices:
1. Should be doing more 2. Should be doing less 3. Is doing the right amount

When answering, respond ONLY with a single number that corresponds to the option you choose. Do not include any additional text, punctuation or explanation.

My answer is
",1
fake_5218,1,4,3,2,73,2,2,"Today is November 5, 2024. Racially, I am white. Ideologically, I am moderate. Politically, I am an independent who leans Democratic. I do not attend church. I am 73 years old. I am a woman. I am somewhat interested in politics.. Question: Do you think the federal government should be doing more about the opioid drug addiction issue, should be doing less, or is it currently doing the right amount?

Answer choices:
1. Should be doing more 2. Should be doing less 3. Is doing the right amount

When answering, respond ONLY with a single number that corresponds to the option you choose. Do not include any additional text, punctuation or explanation.

My answer is
",1
fake_5219,1,99,1,1,75,1,1,"Today is November 5, 2024. Racially, I am white. Politically, I am a strong democrat. I attend church. I am 75 years old. I am a man. I am very interested in politics.. Question: Do you think the federal government should be doing more about the opioid drug addiction issue, should be doing less, or is it currently doing the right amount?

Answer choices:
1. Should be doing more 2. Should be doing less 3. Is doing the right amount

When answering, respond ONLY with a single number that corresponds to the option you choose. Do not include any additional text, punctuation or explanation.

My answer is
",1
fake_5220,6,2,1,-1,43,1,3,"Today is November 5, 2024. Ideologically, I am liberal. Politically, I am a strong democrat. I am 43 years old. I am a man. I am not very interested in politics.. Question: Do you think the federal government should be doing more about the opioid drug addiction issue, should be doing less, or is it currently doing the right amount?

Answer choices:
1. Should be doing more 2. Should be doing less 3. Is doing the right amount

When answering, respond ONLY with a single number that corresponds to the option you choose. Do not include any additional text, punctuation or explanation.

My answer is
",1
fake_5221,2,3,6,2,54,1,2,"Today is November 5, 2024. Racially, I am black. Ideologically, I am slightly liberal. Politically, I am a weak Republican. I do not attend church. I am 54 years old. I am a man. I am somewhat interested in politics.. Question: Do you think the federal government should be doing more about the opioid drug addiction issue, should be doing less, or is it currently doing the right amount?

Answer choices:
1. Should be doing more 2. Should be doing less 3. Is doing the right amount

When answering, respond ONLY with a single number that corresponds to the option you choose. Do not include any additional text, punctuation or explanation.

My answer is
",1
fake_5222,1,4,1,2,69,2,1,"Today is November 5, 2024. Racially, I am white. Ideologically, I am moderate. Politically, I am a strong democrat. I do not attend church. I am 69 years old. I am a woman. I am very interested in politics.. Question: Do you think the federal government should be doing more about the opioid drug addiction issue, should be doing less, or is it currently doing the right amount?

Answer choices:
1. Should be doing more 2. Should be doing less 3. Is doing the right amount

When answering, respond ONLY with a single number that corresponds to the option you choose. Do not include any additional text, punctuation or explanation.

My answer is
",1
fake_5223,1,99,3,2,32,1,3,"Today is November 5, 2024. Racially, I am white. Politically, I am an independent who leans Democratic. I do not attend church. I am 32 years old. I am a man. I am not very interested in politics.. Question: Do you think the federal government should be doing more about the opioid drug addiction issue, should be doing less, or is it currently doing the right amount?

Answer choices:
1. Should be doing more 2. Should be doing less 3. Is doing the right amount

When answering, respond ONLY with a single number that corresponds to the option you choose. Do not include any additional text, punctuation or explanation.

My answer is
",1
fake_5224,1,6,1,2,70,1,2,"Today is November 5, 2024. Racially, I am white. Ideologically, I am conservative. Politically, I am a strong democrat. I do not attend church. I am 70 years old. I am a man. I am somewhat interested in politics.. Question: Do you think the federal government should be doing more about the opioid drug addiction issue, should be doing less, or is it currently doing the right amount?

Answer choices:
1. Should be doing more 2. Should be doing less 3. Is doing the right amount

When answering, respond ONLY with a single number that corresponds to the option you choose. Do not include any additional text, punctuation or explanation.

My answer is
",1
fake_5225,1,5,5,1,41,2,2,"Today is November 5, 2024. Racially, I am white. Ideologically, I am slightly conservative. Politically, I am an independent who leans Republican. I attend church. I am 41 years old. I am a woman. I am somewhat interested in politics.. Question: Do you think the federal government should be doing more about the opioid drug addiction issue, should be doing less, or is it currently doing the right amount?

Answer choices:
1. Should be doing more 2. Should be doing less 3. Is doing the right amount

When answering, respond ONLY with a single number that corresponds to the option you choose. Do not include any additional text, punctuation or explanation.

My answer is
",1
fake_5226,1,5,5,1,30,1,3,"Today is November 5, 2024. Racially, I am white. Ideologically, I am slightly conservative. Politically, I am an independent who leans Republican. I attend church. I am 30 years old. I am a man. I am not very interested in politics.. Question: Do you think the federal government should be doing more about the opioid drug addiction issue, should be doing less, or is it currently doing the right amount?

Answer choices:
1. Should be doing more 2. Should be doing less 3. Is doing the right amount

When answering, respond ONLY with a single number that corresponds to the option you choose. Do not include any additional text, punctuation or explanation.

My answer is
",1
fake_5227,1,6,2,1,30,1,-6,"Today is November 5, 2024. Racially, I am white. Ideologically, I am conservative. Politically, I am a weak Democrat. I attend church. I am 30 years old. I am a man.. Question: Do you think the federal government should be doing more about the opioid drug addiction issue, should be doing less, or is it currently doing the right amount?

Answer choices:
1. Should be doing more 2. Should be doing less 3. Is doing the right amount

When answering, respond ONLY with a single number that corresponds to the option you choose. Do not include any additional text, punctuation or explanation.

My answer is
",1
fake_5228,6,2,7,2,66,1,1,"Today is November 5, 2024. Ideologically, I am liberal. Politically, I am a strong Republican. I do not attend church. I am 66 years old. I am a man. I am very interested in politics.. Question: Do you think the federal government should be doing more about the opioid drug addiction issue, should be doing less, or is it currently doing the right amount?

Answer choices:
1. Should be doing more 2. Should be doing less 3. Is doing the right amount

When answering, respond ONLY with a single number that corresponds to the option you choose. Do not include any additional text, punctuation or explanation.

My answer is
",1
fake_5229,4,5,7,1,53,2,3,"Today is November 5, 2024. Racially, I am asian. Ideologically, I am slightly conservative. Politically, I am a strong Republican. I attend church. I am 53 years old. I am a woman. I am not very interested in politics.. Question: Do you think the federal government should be doing more about the opioid drug addiction issue, should be doing less, or is it currently doing the right amount?

Answer choices:
1. Should be doing more 2. Should be doing less 3. Is doing the right amount

When answering, respond ONLY with a single number that corresponds to the option you choose. Do not include any additional text, punctuation or explanation.

My answer is
",1
fake_5230,2,4,7,2,29,2,2,"Today is November 5, 2024. Racially, I am black. Ideologically, I am moderate. Politically, I am a strong Republican. I do not attend church. I am 29 years old. I am a woman. I am somewhat interested in politics.. Question: Do you think the federal government should be doing more about the opioid drug addiction issue, should be doing less, or is it currently doing the right amount?

Answer choices:
1. Should be doing more 2. Should be doing less 3. Is doing the right amount

When answering, respond ONLY with a single number that corresponds to the option you choose. Do not include any additional text, punctuation or explanation.

My answer is
",1
fake_5231,1,6,2,1,71,2,1,"Today is November 5, 2024. Racially, I am white. Ideologically, I am conservative. Politically, I am a weak Democrat. I attend church. I am 71 years old. I am a woman. I am very interested in politics.. Question: Do you think the federal government should be doing more about the opioid drug addiction issue, should be doing less, or is it currently doing the right amount?

Answer choices:
1. Should be doing more 2. Should be doing less 3. Is doing the right amount

When answering, respond ONLY with a single number that corresponds to the option you choose. Do not include any additional text, punctuation or explanation.

My answer is
",1
fake_5232,1,3,6,-1,67,1,2,"Today is November 5, 2024. Racially, I am white. Ideologically, I am slightly liberal. Politically, I am a weak Republican. I am 67 years old. I am a man. I am somewhat interested in politics.. Question: Do you think the federal government should be doing more about the opioid drug addiction issue, should be doing less, or is it currently doing the right amount?

Answer choices:
1. Should be doing more 2. Should be doing less 3. Is doing the right amount

When answering, respond ONLY with a single number that corresponds to the option you choose. Do not include any additional text, punctuation or explanation.

My answer is
",1
fake_5233,1,3,7,1,79,2,-6,"Today is November 5, 2024. Racially, I am white. Ideologically, I am slightly liberal. Politically, I am a strong Republican. I attend church. I am 79 years old. I am a woman.. Question: Do you think the federal government should be doing more about the opioid drug addiction issue, should be doing less, or is it currently doing the right amount?

Answer choices:
1. Should be doing more 2. Should be doing less 3. Is doing the right amount

When answering, respond ONLY with a single number that corresponds to the option you choose. Do not include any additional text, punctuation or explanation.

My answer is
",1
fake_5234,1,4,5,1,43,2,2,"Today is November 5, 2024. Racially, I am white. Ideologically, I am moderate. Politically, I am an independent who leans Republican. I attend church. I am 43 years old. I am a woman. I am somewhat interested in politics.. Question: Do you think the federal government should be doing more about the opioid drug addiction issue, should be doing less, or is it currently doing the right amount?

Answer choices:
1. Should be doing more 2. Should be doing less 3. Is doing the right amount

When answering, respond ONLY with a single number that corresponds to the option you choose. Do not include any additional text, punctuation or explanation.

My answer is
",1
fake_5235,1,99,3,1,25,2,2,"Today is November 5, 2024. Racially, I am white. Politically, I am an independent who leans Democratic. I attend church. I am 25 years old. I am a woman. I am somewhat interested in politics.. Question: Do you think the federal government should be doing more about the opioid drug addiction issue, should be doing less, or is it currently doing the right amount?

Answer choices:
1. Should be doing more 2. Should be doing less 3. Is doing the right amount

When answering, respond ONLY with a single number that corresponds to the option you choose. Do not include any additional text, punctuation or explanation.

My answer is
",1
fake_5236,1,99,6,1,77,1,-6,"Today is November 5, 2024. Racially, I am white. Politically, I am a weak Republican. I attend church. I am 77 years old. I am a man.. Question: Do you think the federal government should be doing more about the opioid drug addiction issue, should be doing less, or is it currently doing the right amount?

Answer choices:
1. Should be doing more 2. Should be doing less 3. Is doing the right amount

When answering, respond ONLY with a single number that corresponds to the option you choose. Do not include any additional text, punctuation or explanation.

My answer is
",1
fake_5237,1,1,6,1,22,2,2,"Today is November 5, 2024. Racially, I am white. Ideologically, I am extremely liberal. Politically, I am a weak Republican. I attend church. I am 22 years old. I am a woman. I am somewhat interested in politics.. Question: Do you think the federal government should be doing more about the opioid drug addiction issue, should be doing less, or is it currently doing the right amount?

Answer choices:
1. Should be doing more 2. Should be doing less 3. Is doing the right amount

When answering, respond ONLY with a single number that corresponds to the option you choose. Do not include any additional text, punctuation or explanation.

My answer is
",1
fake_5238,1,6,3,1,70,2,2,"Today is November 5, 2024. Racially, I am white. Ideologically, I am conservative. Politically, I am an independent who leans Democratic. I attend church. I am 70 years old. I am a woman. I am somewhat interested in politics.. Question: Do you think the federal government should be doing more about the opioid drug addiction issue, should be doing less, or is it currently doing the right amount?

Answer choices:
1. Should be doing more 2. Should be doing less 3. Is doing the right amount

When answering, respond ONLY with a single number that corresponds to the option you choose. Do not include any additional text, punctuation or explanation.

My answer is
",1
fake_5239,3,4,3,2,54,1,2,"Today is November 5, 2024. Racially, I am hispanic. Ideologically, I am moderate. Politically, I am an independent who leans Democratic. I do not attend church. I am 54 years old. I am a man. I am somewhat interested in politics.. Question: Do you think the federal government should be doing more about the opioid drug addiction issue, should be doing less, or is it currently doing the right amount?

Answer choices:
1. Should be doing more 2. Should be doing less 3. Is doing the right amount

When answering, respond ONLY with a single number that corresponds to the option you choose. Do not include any additional text, punctuation or explanation.

My answer is
",1
fake_5240,2,1,4,1,36,2,3,"Today is November 5, 2024. Racially, I am black. Ideologically, I am extremely liberal. Politically, I am an independent. I attend church. I am 36 years old. I am a woman. I am not very interested in politics.. Question: Do you think the federal government should be doing more about the opioid drug addiction issue, should be doing less, or is it currently doing the right amount?

Answer choices:
1. Should be doing more 2. Should be doing less 3. Is doing the right amount

When answering, respond ONLY with a single number that corresponds to the option you choose. Do not include any additional text, punctuation or explanation.

My answer is
",1
fake_5241,1,6,6,-1,39,1,2,"Today is November 5, 2024. Racially, I am white. Ideologically, I am conservative. Politically, I am a weak Republican. I am 39 years old. I am a man. I am somewhat interested in politics.. Question: Do you think the federal government should be doing more about the opioid drug addiction issue, should be doing less, or is it currently doing the right amount?

Answer choices:
1. Should be doing more 2. Should be doing less 3. Is doing the right amount

When answering, respond ONLY with a single number that corresponds to the option you choose. Do not include any additional text, punctuation or explanation.

My answer is
",1
fake_5242,4,99,7,2,35,2,4,"Today is November 5, 2024. Racially, I am asian. Politically, I am a strong Republican. I do not attend church. I am 35 years old. I am a woman. I am not at all interested in politics.. Question: Do you think the federal government should be doing more about the opioid drug addiction issue, should be doing less, or is it currently doing the right amount?

Answer choices:
1. Should be doing more 2. Should be doing less 3. Is doing the right amount

When answering, respond ONLY with a single number that corresponds to the option you choose. Do not include any additional text, punctuation or explanation.

My answer is
",1
fake_5243,2,5,7,2,70,1,2,"Today is November 5, 2024. Racially, I am black. Ideologically, I am slightly conservative. Politically, I am a strong Republican. I do not attend church. I am 70 years old. I am a man. I am somewhat interested in politics.. Question: Do you think the federal government should be doing more about the opioid drug addiction issue, should be doing less, or is it currently doing the right amount?

Answer choices:
1. Should be doing more 2. Should be doing less 3. Is doing the right amount

When answering, respond ONLY with a single number that corresponds to the option you choose. Do not include any additional text, punctuation or explanation.

My answer is
",1
fake_5244,3,99,7,1,39,2,-6,"Today is November 5, 2024. Racially, I am hispanic. Politically, I am a strong Republican. I attend church. I am 39 years old. I am a woman.. Question: Do you think the federal government should be doing more about the opioid drug addiction issue, should be doing less, or is it currently doing the right amount?

Answer choices:
1. Should be doing more 2. Should be doing less 3. Is doing the right amount

When answering, respond ONLY with a single number that corresponds to the option you choose. Do not include any additional text, punctuation or explanation.

My answer is
",1
fake_5245,1,4,5,2,49,2,4,"Today is November 5, 2024. Racially, I am white. Ideologically, I am moderate. Politically, I am an independent who leans Republican. I do not attend church. I am 49 years old. I am a woman. I am not at all interested in politics.. Question: Do you think the federal government should be doing more about the opioid drug addiction issue, should be doing less, or is it currently doing the right amount?

Answer choices:
1. Should be doing more 2. Should be doing less 3. Is doing the right amount

When answering, respond ONLY with a single number that corresponds to the option you choose. Do not include any additional text, punctuation or explanation.

My answer is
",1
fake_5246,1,4,3,-1,63,2,1,"Today is November 5, 2024. Racially, I am white. Ideologically, I am moderate. Politically, I am an independent who leans Democratic. I am 63 years old. I am a woman. I am very interested in politics.. Question: Do you think the federal government should be doing more about the opioid drug addiction issue, should be doing less, or is it currently doing the right amount?

Answer choices:
1. Should be doing more 2. Should be doing less 3. Is doing the right amount

When answering, respond ONLY with a single number that corresponds to the option you choose. Do not include any additional text, punctuation or explanation.

My answer is
",1
fake_5247,2,2,7,2,64,1,2,"Today is November 5, 2024. Racially, I am black. Ideologically, I am liberal. Politically, I am a strong Republican. I do not attend church. I am 64 years old. I am a man. I am somewhat interested in politics.. Question: Do you think the federal government should be doing more about the opioid drug addiction issue, should be doing less, or is it currently doing the right amount?

Answer choices:
1. Should be doing more 2. Should be doing less 3. Is doing the right amount

When answering, respond ONLY with a single number that corresponds to the option you choose. Do not include any additional text, punctuation or explanation.

My answer is
",1
fake_5248,1,7,4,1,80,1,2,"Today is November 5, 2024. Racially, I am white. Ideologically, I am extremely conservative. Politically, I am an independent. I attend church. I am 80 years old. I am a man. I am somewhat interested in politics.. Question: Do you think the federal government should be doing more about the opioid drug addiction issue, should be doing less, or is it currently doing the right amount?

Answer choices:
1. Should be doing more 2. Should be doing less 3. Is doing the right amount

When answering, respond ONLY with a single number that corresponds to the option you choose. Do not include any additional text, punctuation or explanation.

My answer is
",1
fake_5249,3,4,1,2,55,1,1,"Today is November 5, 2024. Racially, I am hispanic. Ideologically, I am moderate. Politically, I am a strong democrat. I do not attend church. I am 55 years old. I am a man. I am very interested in politics.. Question: Do you think the federal government should be doing more about the opioid drug addiction issue, should be doing less, or is it currently doing the right amount?

Answer choices:
1. Should be doing more 2. Should be doing less 3. Is doing the right amount

When answering, respond ONLY with a single number that corresponds to the option you choose. Do not include any additional text, punctuation or explanation.

My answer is
",1
fake_5250,1,99,1,2,78,2,4,"Today is November 5, 2024. Racially, I am white. Politically, I am a strong democrat. I do not attend church. I am 78 years old. I am a woman. I am not at all interested in politics.. Question: Do you think the federal government should be doing more about the opioid drug addiction issue, should be doing less, or is it currently doing the right amount?

Answer choices:
1. Should be doing more 2. Should be doing less 3. Is doing the right amount

When answering, respond ONLY with a single number that corresponds to the option you choose. Do not include any additional text, punctuation or explanation.

My answer is
",1
fake_5251,1,3,3,1,44,2,1,"Today is November 5, 2024. Racially, I am white. Ideologically, I am slightly liberal. Politically, I am an independent who leans Democratic. I attend church. I am 44 years old. I am a woman. I am very interested in politics.. Question: Do you think the federal government should be doing more about the opioid drug addiction issue, should be doing less, or is it currently doing the right amount?

Answer choices:
1. Should be doing more 2. Should be doing less 3. Is doing the right amount

When answering, respond ONLY with a single number that corresponds to the option you choose. Do not include any additional text, punctuation or explanation.

My answer is
",1
fake_5252,1,4,7,1,48,1,2,"Today is November 5, 2024. Racially, I am white. Ideologically, I am moderate. Politically, I am a strong Republican. I attend church. I am 48 years old. I am a man. I am somewhat interested in politics.. Question: Do you think the federal government should be doing more about the opioid drug addiction issue, should be doing less, or is it currently doing the right amount?

Answer choices:
1. Should be doing more 2. Should be doing less 3. Is doing the right amount

When answering, respond ONLY with a single number that corresponds to the option you choose. Do not include any additional text, punctuation or explanation.

My answer is
",1
fake_5253,1,-9,1,1,60,2,3,"Today is November 5, 2024. Racially, I am white. Politically, I am a strong democrat. I attend church. I am 60 years old. I am a woman. I am not very interested in politics.. Question: Do you think the federal government should be doing more about the opioid drug addiction issue, should be doing less, or is it currently doing the right amount?

Answer choices:
1. Should be doing more 2. Should be doing less 3. Is doing the right amount

When answering, respond ONLY with a single number that corresponds to the option you choose. Do not include any additional text, punctuation or explanation.

My answer is
",1
fake_5254,3,6,5,2,-2,2,2,"Today is November 5, 2024. Racially, I am hispanic. Ideologically, I am conservative. Politically, I am an independent who leans Republican. I do not attend church. I am a woman. I am somewhat interested in politics.. Question: Do you think the federal government should be doing more about the opioid drug addiction issue, should be doing less, or is it currently doing the right amount?

Answer choices:
1. Should be doing more 2. Should be doing less 3. Is doing the right amount

When answering, respond ONLY with a single number that corresponds to the option you choose. Do not include any additional text, punctuation or explanation.

My answer is
",1
fake_5255,3,4,3,1,33,2,2,"Today is November 5, 2024. Racially, I am hispanic. Ideologically, I am moderate. Politically, I am an independent who leans Democratic. I attend church. I am 33 years old. I am a woman. I am somewhat interested in politics.. Question: Do you think the federal government should be doing more about the opioid drug addiction issue, should be doing less, or is it currently doing the right amount?

Answer choices:
1. Should be doing more 2. Should be doing less 3. Is doing the right amount

When answering, respond ONLY with a single number that corresponds to the option you choose. Do not include any additional text, punctuation or explanation.

My answer is
",1
fake_5256,1,99,7,1,62,1,4,"Today is November 5, 2024. Racially, I am white. Politically, I am a strong Republican. I attend church. I am 62 years old. I am a man. I am not at all interested in politics.. Question: Do you think the federal government should be doing more about the opioid drug addiction issue, should be doing less, or is it currently doing the right amount?

Answer choices:
1. Should be doing more 2. Should be doing less 3. Is doing the right amount

When answering, respond ONLY with a single number that corresponds to the option you choose. Do not include any additional text, punctuation or explanation.

My answer is
",1
fake_5257,1,4,7,2,70,2,3,"Today is November 5, 2024. Racially, I am white. Ideologically, I am moderate. Politically, I am a strong Republican. I do not attend church. I am 70 years old. I am a woman. I am not very interested in politics.. Question: Do you think the federal government should be doing more about the opioid drug addiction issue, should be doing less, or is it currently doing the right amount?

Answer choices:
1. Should be doing more 2. Should be doing less 3. Is doing the right amount

When answering, respond ONLY with a single number that corresponds to the option you choose. Do not include any additional text, punctuation or explanation.

My answer is
",1
fake_5258,1,99,1,1,71,2,2,"Today is November 5, 2024. Racially, I am white. Politically, I am a strong democrat. I attend church. I am 71 years old. I am a woman. I am somewhat interested in politics.. Question: Do you think the federal government should be doing more about the opioid drug addiction issue, should be doing less, or is it currently doing the right amount?

Answer choices:
1. Should be doing more 2. Should be doing less 3. Is doing the right amount

When answering, respond ONLY with a single number that corresponds to the option you choose. Do not include any additional text, punctuation or explanation.

My answer is
",1
fake_5259,1,6,1,1,72,1,3,"Today is November 5, 2024. Racially, I am white. Ideologically, I am conservative. Politically, I am a strong democrat. I attend church. I am 72 years old. I am a man. I am not very interested in politics.. Question: Do you think the federal government should be doing more about the opioid drug addiction issue, should be doing less, or is it currently doing the right amount?

Answer choices:
1. Should be doing more 2. Should be doing less 3. Is doing the right amount

When answering, respond ONLY with a single number that corresponds to the option you choose. Do not include any additional text, punctuation or explanation.

My answer is
",1
fake_5260,3,5,3,2,24,2,1,"Today is November 5, 2024. Racially, I am hispanic. Ideologically, I am slightly conservative. Politically, I am an independent who leans Democratic. I do not attend church. I am 24 years old. I am a woman. I am very interested in politics.. Question: Do you think the federal government should be doing more about the opioid drug addiction issue, should be doing less, or is it currently doing the right amount?

Answer choices:
1. Should be doing more 2. Should be doing less 3. Is doing the right amount

When answering, respond ONLY with a single number that corresponds to the option you choose. Do not include any additional text, punctuation or explanation.

My answer is
",1
fake_5261,1,99,-9,1,-2,2,2,"Today is November 5, 2024. Racially, I am white. I attend church. I am a woman. I am somewhat interested in politics.. Question: Do you think the federal government should be doing more about the opioid drug addiction issue, should be doing less, or is it currently doing the right amount?

Answer choices:
1. Should be doing more 2. Should be doing less 3. Is doing the right amount

When answering, respond ONLY with a single number that corresponds to the option you choose. Do not include any additional text, punctuation or explanation.

My answer is
",1
fake_5262,1,2,5,2,52,2,1,"Today is November 5, 2024. Racially, I am white. Ideologically, I am liberal. Politically, I am an independent who leans Republican. I do not attend church. I am 52 years old. I am a woman. I am very interested in politics.. Question: Do you think the federal government should be doing more about the opioid drug addiction issue, should be doing less, or is it currently doing the right amount?

Answer choices:
1. Should be doing more 2. Should be doing less 3. Is doing the right amount

When answering, respond ONLY with a single number that corresponds to the option you choose. Do not include any additional text, punctuation or explanation.

My answer is
",1
fake_5263,2,3,7,1,72,2,2,"Today is November 5, 2024. Racially, I am black. Ideologically, I am slightly liberal. Politically, I am a strong Republican. I attend church. I am 72 years old. I am a woman. I am somewhat interested in politics.. Question: Do you think the federal government should be doing more about the opioid drug addiction issue, should be doing less, or is it currently doing the right amount?

Answer choices:
1. Should be doing more 2. Should be doing less 3. Is doing the right amount

When answering, respond ONLY with a single number that corresponds to the option you choose. Do not include any additional text, punctuation or explanation.

My answer is
",1
fake_5264,1,7,2,1,21,2,1,"Today is November 5, 2024. Racially, I am white. Ideologically, I am extremely conservative. Politically, I am a weak Democrat. I attend church. I am 21 years old. I am a woman. I am very interested in politics.. Question: Do you think the federal government should be doing more about the opioid drug addiction issue, should be doing less, or is it currently doing the right amount?

Answer choices:
1. Should be doing more 2. Should be doing less 3. Is doing the right amount

When answering, respond ONLY with a single number that corresponds to the option you choose. Do not include any additional text, punctuation or explanation.

My answer is
",1
fake_5265,1,2,1,1,48,2,1,"Today is November 5, 2024. Racially, I am white. Ideologically, I am liberal. Politically, I am a strong democrat. I attend church. I am 48 years old. I am a woman. I am very interested in politics.. Question: Do you think the federal government should be doing more about the opioid drug addiction issue, should be doing less, or is it currently doing the right amount?

Answer choices:
1. Should be doing more 2. Should be doing less 3. Is doing the right amount

When answering, respond ONLY with a single number that corresponds to the option you choose. Do not include any additional text, punctuation or explanation.

My answer is
",1
fake_5266,1,99,2,2,80,1,1,"Today is November 5, 2024. Racially, I am white. Politically, I am a weak Democrat. I do not attend church. I am 80 years old. I am a man. I am very interested in politics.. Question: Do you think the federal government should be doing more about the opioid drug addiction issue, should be doing less, or is it currently doing the right amount?

Answer choices:
1. Should be doing more 2. Should be doing less 3. Is doing the right amount

When answering, respond ONLY with a single number that corresponds to the option you choose. Do not include any additional text, punctuation or explanation.

My answer is
",1
fake_5267,1,99,1,2,58,1,3,"Today is November 5, 2024. Racially, I am white. Politically, I am a strong democrat. I do not attend church. I am 58 years old. I am a man. I am not very interested in politics.. Question: Do you think the federal government should be doing more about the opioid drug addiction issue, should be doing less, or is it currently doing the right amount?

Answer choices:
1. Should be doing more 2. Should be doing less 3. Is doing the right amount

When answering, respond ONLY with a single number that corresponds to the option you choose. Do not include any additional text, punctuation or explanation.

My answer is
",1
fake_5268,1,4,2,1,28,2,2,"Today is November 5, 2024. Racially, I am white. Ideologically, I am moderate. Politically, I am a weak Democrat. I attend church. I am 28 years old. I am a woman. I am somewhat interested in politics.. Question: Do you think the federal government should be doing more about the opioid drug addiction issue, should be doing less, or is it currently doing the right amount?

Answer choices:
1. Should be doing more 2. Should be doing less 3. Is doing the right amount

When answering, respond ONLY with a single number that corresponds to the option you choose. Do not include any additional text, punctuation or explanation.

My answer is
",1
fake_5269,1,7,2,2,54,1,2,"Today is November 5, 2024. Racially, I am white. Ideologically, I am extremely conservative. Politically, I am a weak Democrat. I do not attend church. I am 54 years old. I am a man. I am somewhat interested in politics.. Question: Do you think the federal government should be doing more about the opioid drug addiction issue, should be doing less, or is it currently doing the right amount?

Answer choices:
1. Should be doing more 2. Should be doing less 3. Is doing the right amount

When answering, respond ONLY with a single number that corresponds to the option you choose. Do not include any additional text, punctuation or explanation.

My answer is
",1
fake_5270,1,2,7,2,58,1,-6,"Today is November 5, 2024. Racially, I am white. Ideologically, I am liberal. Politically, I am a strong Republican. I do not attend church. I am 58 years old. I am a man.. Question: Do you think the federal government should be doing more about the opioid drug addiction issue, should be doing less, or is it currently doing the right amount?

Answer choices:
1. Should be doing more 2. Should be doing less 3. Is doing the right amount

When answering, respond ONLY with a single number that corresponds to the option you choose. Do not include any additional text, punctuation or explanation.

My answer is
",1
fake_5271,1,2,3,2,37,1,2,"Today is November 5, 2024. Racially, I am white. Ideologically, I am liberal. Politically, I am an independent who leans Democratic. I do not attend church. I am 37 years old. I am a man. I am somewhat interested in politics.. Question: Do you think the federal government should be doing more about the opioid drug addiction issue, should be doing less, or is it currently doing the right amount?

Answer choices:
1. Should be doing more 2. Should be doing less 3. Is doing the right amount

When answering, respond ONLY with a single number that corresponds to the option you choose. Do not include any additional text, punctuation or explanation.

My answer is
",1
fake_5272,1,4,7,2,80,1,3,"Today is November 5, 2024. Racially, I am white. Ideologically, I am moderate. Politically, I am a strong Republican. I do not attend church. I am 80 years old. I am a man. I am not very interested in politics.. Question: Do you think the federal government should be doing more about the opioid drug addiction issue, should be doing less, or is it currently doing the right amount?

Answer choices:
1. Should be doing more 2. Should be doing less 3. Is doing the right amount

When answering, respond ONLY with a single number that corresponds to the option you choose. Do not include any additional text, punctuation or explanation.

My answer is
",1
fake_5273,1,1,2,2,36,2,4,"Today is November 5, 2024. Racially, I am white. Ideologically, I am extremely liberal. Politically, I am a weak Democrat. I do not attend church. I am 36 years old. I am a woman. I am not at all interested in politics.. Question: Do you think the federal government should be doing more about the opioid drug addiction issue, should be doing less, or is it currently doing the right amount?

Answer choices:
1. Should be doing more 2. Should be doing less 3. Is doing the right amount

When answering, respond ONLY with a single number that corresponds to the option you choose. Do not include any additional text, punctuation or explanation.

My answer is
",1
fake_5274,1,1,4,2,26,2,1,"Today is November 5, 2024. Racially, I am white. Ideologically, I am extremely liberal. Politically, I am an independent. I do not attend church. I am 26 years old. I am a woman. I am very interested in politics.. Question: Do you think the federal government should be doing more about the opioid drug addiction issue, should be doing less, or is it currently doing the right amount?

Answer choices:
1. Should be doing more 2. Should be doing less 3. Is doing the right amount

When answering, respond ONLY with a single number that corresponds to the option you choose. Do not include any additional text, punctuation or explanation.

My answer is
",1
fake_5275,1,4,7,2,65,1,-6,"Today is November 5, 2024. Racially, I am white. Ideologically, I am moderate. Politically, I am a strong Republican. I do not attend church. I am 65 years old. I am a man.. Question: Do you think the federal government should be doing more about the opioid drug addiction issue, should be doing less, or is it currently doing the right amount?

Answer choices:
1. Should be doing more 2. Should be doing less 3. Is doing the right amount

When answering, respond ONLY with a single number that corresponds to the option you choose. Do not include any additional text, punctuation or explanation.

My answer is
",1
fake_5276,1,1,3,2,76,2,1,"Today is November 5, 2024. Racially, I am white. Ideologically, I am extremely liberal. Politically, I am an independent who leans Democratic. I do not attend church. I am 76 years old. I am a woman. I am very interested in politics.. Question: Do you think the federal government should be doing more about the opioid drug addiction issue, should be doing less, or is it currently doing the right amount?

Answer choices:
1. Should be doing more 2. Should be doing less 3. Is doing the right amount

When answering, respond ONLY with a single number that corresponds to the option you choose. Do not include any additional text, punctuation or explanation.

My answer is
",1
fake_5277,1,6,1,2,47,1,2,"Today is November 5, 2024. Racially, I am white. Ideologically, I am conservative. Politically, I am a strong democrat. I do not attend church. I am 47 years old. I am a man. I am somewhat interested in politics.. Question: Do you think the federal government should be doing more about the opioid drug addiction issue, should be doing less, or is it currently doing the right amount?

Answer choices:
1. Should be doing more 2. Should be doing less 3. Is doing the right amount

When answering, respond ONLY with a single number that corresponds to the option you choose. Do not include any additional text, punctuation or explanation.

My answer is
",1
fake_5278,1,3,5,1,69,2,2,"Today is November 5, 2024. Racially, I am white. Ideologically, I am slightly liberal. Politically, I am an independent who leans Republican. I attend church. I am 69 years old. I am a woman. I am somewhat interested in politics.. Question: Do you think the federal government should be doing more about the opioid drug addiction issue, should be doing less, or is it currently doing the right amount?

Answer choices:
1. Should be doing more 2. Should be doing less 3. Is doing the right amount

When answering, respond ONLY with a single number that corresponds to the option you choose. Do not include any additional text, punctuation or explanation.

My answer is
",1
fake_5279,1,5,7,1,52,2,-6,"Today is November 5, 2024. Racially, I am white. Ideologically, I am slightly conservative. Politically, I am a strong Republican. I attend church. I am 52 years old. I am a woman.. Question: Do you think the federal government should be doing more about the opioid drug addiction issue, should be doing less, or is it currently doing the right amount?

Answer choices:
1. Should be doing more 2. Should be doing less 3. Is doing the right amount

When answering, respond ONLY with a single number that corresponds to the option you choose. Do not include any additional text, punctuation or explanation.

My answer is
",1
fake_5280,1,2,6,2,68,2,2,"Today is November 5, 2024. Racially, I am white. Ideologically, I am liberal. Politically, I am a weak Republican. I do not attend church. I am 68 years old. I am a woman. I am somewhat interested in politics.. Question: Do you think the federal government should be doing more about the opioid drug addiction issue, should be doing less, or is it currently doing the right amount?

Answer choices:
1. Should be doing more 2. Should be doing less 3. Is doing the right amount

When answering, respond ONLY with a single number that corresponds to the option you choose. Do not include any additional text, punctuation or explanation.

My answer is
",1
fake_5281,1,4,7,2,40,1,3,"Today is November 5, 2024. Racially, I am white. Ideologically, I am moderate. Politically, I am a strong Republican. I do not attend church. I am 40 years old. I am a man. I am not very interested in politics.. Question: Do you think the federal government should be doing more about the opioid drug addiction issue, should be doing less, or is it currently doing the right amount?

Answer choices:
1. Should be doing more 2. Should be doing less 3. Is doing the right amount

When answering, respond ONLY with a single number that corresponds to the option you choose. Do not include any additional text, punctuation or explanation.

My answer is
",1
fake_5282,1,5,2,1,51,2,1,"Today is November 5, 2024. Racially, I am white. Ideologically, I am slightly conservative. Politically, I am a weak Democrat. I attend church. I am 51 years old. I am a woman. I am very interested in politics.. Question: Do you think the federal government should be doing more about the opioid drug addiction issue, should be doing less, or is it currently doing the right amount?

Answer choices:
1. Should be doing more 2. Should be doing less 3. Is doing the right amount

When answering, respond ONLY with a single number that corresponds to the option you choose. Do not include any additional text, punctuation or explanation.

My answer is
",1
fake_5283,2,6,6,1,28,2,4,"Today is November 5, 2024. Racially, I am black. Ideologically, I am conservative. Politically, I am a weak Republican. I attend church. I am 28 years old. I am a woman. I am not at all interested in politics.. Question: Do you think the federal government should be doing more about the opioid drug addiction issue, should be doing less, or is it currently doing the right amount?

Answer choices:
1. Should be doing more 2. Should be doing less 3. Is doing the right amount

When answering, respond ONLY with a single number that corresponds to the option you choose. Do not include any additional text, punctuation or explanation.

My answer is
",1
fake_5284,1,2,7,1,41,2,2,"Today is November 5, 2024. Racially, I am white. Ideologically, I am liberal. Politically, I am a strong Republican. I attend church. I am 41 years old. I am a woman. I am somewhat interested in politics.. Question: Do you think the federal government should be doing more about the opioid drug addiction issue, should be doing less, or is it currently doing the right amount?

Answer choices:
1. Should be doing more 2. Should be doing less 3. Is doing the right amount

When answering, respond ONLY with a single number that corresponds to the option you choose. Do not include any additional text, punctuation or explanation.

My answer is
",1
fake_5285,1,1,6,1,71,1,1,"Today is November 5, 2024. Racially, I am white. Ideologically, I am extremely liberal. Politically, I am a weak Republican. I attend church. I am 71 years old. I am a man. I am very interested in politics.. Question: Do you think the federal government should be doing more about the opioid drug addiction issue, should be doing less, or is it currently doing the right amount?

Answer choices:
1. Should be doing more 2. Should be doing less 3. Is doing the right amount

When answering, respond ONLY with a single number that corresponds to the option you choose. Do not include any additional text, punctuation or explanation.

My answer is
",1
fake_5286,1,99,7,1,26,2,3,"Today is November 5, 2024. Racially, I am white. Politically, I am a strong Republican. I attend church. I am 26 years old. I am a woman. I am not very interested in politics.. Question: Do you think the federal government should be doing more about the opioid drug addiction issue, should be doing less, or is it currently doing the right amount?

Answer choices:
1. Should be doing more 2. Should be doing less 3. Is doing the right amount

When answering, respond ONLY with a single number that corresponds to the option you choose. Do not include any additional text, punctuation or explanation.

My answer is
",1
fake_5287,1,5,6,2,67,1,1,"Today is November 5, 2024. Racially, I am white. Ideologically, I am slightly conservative. Politically, I am a weak Republican. I do not attend church. I am 67 years old. I am a man. I am very interested in politics.. Question: Do you think the federal government should be doing more about the opioid drug addiction issue, should be doing less, or is it currently doing the right amount?

Answer choices:
1. Should be doing more 2. Should be doing less 3. Is doing the right amount

When answering, respond ONLY with a single number that corresponds to the option you choose. Do not include any additional text, punctuation or explanation.

My answer is
",1
fake_5288,1,2,1,1,-2,2,3,"Today is November 5, 2024. Racially, I am white. Ideologically, I am liberal. Politically, I am a strong democrat. I attend church. I am a woman. I am not very interested in politics.. Question: Do you think the federal government should be doing more about the opioid drug addiction issue, should be doing less, or is it currently doing the right amount?

Answer choices:
1. Should be doing more 2. Should be doing less 3. Is doing the right amount

When answering, respond ONLY with a single number that corresponds to the option you choose. Do not include any additional text, punctuation or explanation.

My answer is
",1
fake_5289,1,4,6,2,30,2,2,"Today is November 5, 2024. Racially, I am white. Ideologically, I am moderate. Politically, I am a weak Republican. I do not attend church. I am 30 years old. I am a woman. I am somewhat interested in politics.. Question: Do you think the federal government should be doing more about the opioid drug addiction issue, should be doing less, or is it currently doing the right amount?

Answer choices:
1. Should be doing more 2. Should be doing less 3. Is doing the right amount

When answering, respond ONLY with a single number that corresponds to the option you choose. Do not include any additional text, punctuation or explanation.

My answer is
",1
fake_5290,4,6,2,2,35,1,2,"Today is November 5, 2024. Racially, I am asian. Ideologically, I am conservative. Politically, I am a weak Democrat. I do not attend church. I am 35 years old. I am a man. I am somewhat interested in politics.. Question: Do you think the federal government should be doing more about the opioid drug addiction issue, should be doing less, or is it currently doing the right amount?

Answer choices:
1. Should be doing more 2. Should be doing less 3. Is doing the right amount

When answering, respond ONLY with a single number that corresponds to the option you choose. Do not include any additional text, punctuation or explanation.

My answer is
",1
fake_5291,1,99,7,2,70,2,1,"Today is November 5, 2024. Racially, I am white. Politically, I am a strong Republican. I do not attend church. I am 70 years old. I am a woman. I am very interested in politics.. Question: Do you think the federal government should be doing more about the opioid drug addiction issue, should be doing less, or is it currently doing the right amount?

Answer choices:
1. Should be doing more 2. Should be doing less 3. Is doing the right amount

When answering, respond ONLY with a single number that corresponds to the option you choose. Do not include any additional text, punctuation or explanation.

My answer is
",1
fake_5292,1,99,6,2,50,1,2,"Today is November 5, 2024. Racially, I am white. Politically, I am a weak Republican. I do not attend church. I am 50 years old. I am a man. I am somewhat interested in politics.. Question: Do you think the federal government should be doing more about the opioid drug addiction issue, should be doing less, or is it currently doing the right amount?

Answer choices:
1. Should be doing more 2. Should be doing less 3. Is doing the right amount

When answering, respond ONLY with a single number that corresponds to the option you choose. Do not include any additional text, punctuation or explanation.

My answer is
",1
fake_5293,1,2,7,1,38,2,2,"Today is November 5, 2024. Racially, I am white. Ideologically, I am liberal. Politically, I am a strong Republican. I attend church. I am 38 years old. I am a woman. I am somewhat interested in politics.. Question: Do you think the federal government should be doing more about the opioid drug addiction issue, should be doing less, or is it currently doing the right amount?

Answer choices:
1. Should be doing more 2. Should be doing less 3. Is doing the right amount

When answering, respond ONLY with a single number that corresponds to the option you choose. Do not include any additional text, punctuation or explanation.

My answer is
",1
fake_5294,6,99,5,1,73,1,2,"Today is November 5, 2024. Politically, I am an independent who leans Republican. I attend church. I am 73 years old. I am a man. I am somewhat interested in politics.. Question: Do you think the federal government should be doing more about the opioid drug addiction issue, should be doing less, or is it currently doing the right amount?

Answer choices:
1. Should be doing more 2. Should be doing less 3. Is doing the right amount

When answering, respond ONLY with a single number that corresponds to the option you choose. Do not include any additional text, punctuation or explanation.

My answer is
",1
fake_5295,1,6,7,1,62,1,2,"Today is November 5, 2024. Racially, I am white. Ideologically, I am conservative. Politically, I am a strong Republican. I attend church. I am 62 years old. I am a man. I am somewhat interested in politics.. Question: Do you think the federal government should be doing more about the opioid drug addiction issue, should be doing less, or is it currently doing the right amount?

Answer choices:
1. Should be doing more 2. Should be doing less 3. Is doing the right amount

When answering, respond ONLY with a single number that corresponds to the option you choose. Do not include any additional text, punctuation or explanation.

My answer is
",1
fake_5296,1,3,5,1,29,2,3,"Today is November 5, 2024. Racially, I am white. Ideologically, I am slightly liberal. Politically, I am an independent who leans Republican. I attend church. I am 29 years old. I am a woman. I am not very interested in politics.. Question: Do you think the federal government should be doing more about the opioid drug addiction issue, should be doing less, or is it currently doing the right amount?

Answer choices:
1. Should be doing more 2. Should be doing less 3. Is doing the right amount

When answering, respond ONLY with a single number that corresponds to the option you choose. Do not include any additional text, punctuation or explanation.

My answer is
",1
fake_5297,1,4,1,2,61,2,2,"Today is November 5, 2024. Racially, I am white. Ideologically, I am moderate. Politically, I am a strong democrat. I do not attend church. I am 61 years old. I am a woman. I am somewhat interested in politics.. Question: Do you think the federal government should be doing more about the opioid drug addiction issue, should be doing less, or is it currently doing the right amount?

Answer choices:
1. Should be doing more 2. Should be doing less 3. Is doing the right amount

When answering, respond ONLY with a single number that corresponds to the option you choose. Do not include any additional text, punctuation or explanation.

My answer is
",1
fake_5298,1,5,7,2,51,1,2,"Today is November 5, 2024. Racially, I am white. Ideologically, I am slightly conservative. Politically, I am a strong Republican. I do not attend church. I am 51 years old. I am a man. I am somewhat interested in politics.. Question: Do you think the federal government should be doing more about the opioid drug addiction issue, should be doing less, or is it currently doing the right amount?

Answer choices:
1. Should be doing more 2. Should be doing less 3. Is doing the right amount

When answering, respond ONLY with a single number that corresponds to the option you choose. Do not include any additional text, punctuation or explanation.

My answer is
",1
fake_5299,3,99,5,1,35,2,-6,"Today is November 5, 2024. Racially, I am hispanic. Politically, I am an independent who leans Republican. I attend church. I am 35 years old. I am a woman.. Question: Do you think the federal government should be doing more about the opioid drug addiction issue, should be doing less, or is it currently doing the right amount?

Answer choices:
1. Should be doing more 2. Should be doing less 3. Is doing the right amount

When answering, respond ONLY with a single number that corresponds to the option you choose. Do not include any additional text, punctuation or explanation.

My answer is
",1
fake_5300,1,5,1,-1,39,1,1,"Today is November 5, 2024. Racially, I am white. Ideologically, I am slightly conservative. Politically, I am a strong democrat. I am 39 years old. I am a man. I am very interested in politics.. Question: Do you think the federal government should be doing more about the opioid drug addiction issue, should be doing less, or is it currently doing the right amount?

Answer choices:
1. Should be doing more 2. Should be doing less 3. Is doing the right amount

When answering, respond ONLY with a single number that corresponds to the option you choose. Do not include any additional text, punctuation or explanation.

My answer is
",1
fake_5301,1,2,1,1,46,2,3,"Today is November 5, 2024. Racially, I am white. Ideologically, I am liberal. Politically, I am a strong democrat. I attend church. I am 46 years old. I am a woman. I am not very interested in politics.. Question: Do you think the federal government should be doing more about the opioid drug addiction issue, should be doing less, or is it currently doing the right amount?

Answer choices:
1. Should be doing more 2. Should be doing less 3. Is doing the right amount

When answering, respond ONLY with a single number that corresponds to the option you choose. Do not include any additional text, punctuation or explanation.

My answer is
",1
fake_5302,1,4,2,1,45,2,1,"Today is November 5, 2024. Racially, I am white. Ideologically, I am moderate. Politically, I am a weak Democrat. I attend church. I am 45 years old. I am a woman. I am very interested in politics.. Question: Do you think the federal government should be doing more about the opioid drug addiction issue, should be doing less, or is it currently doing the right amount?

Answer choices:
1. Should be doing more 2. Should be doing less 3. Is doing the right amount

When answering, respond ONLY with a single number that corresponds to the option you choose. Do not include any additional text, punctuation or explanation.

My answer is
",1
fake_5303,1,1,1,1,75,1,2,"Today is November 5, 2024. Racially, I am white. Ideologically, I am extremely liberal. Politically, I am a strong democrat. I attend church. I am 75 years old. I am a man. I am somewhat interested in politics.. Question: Do you think the federal government should be doing more about the opioid drug addiction issue, should be doing less, or is it currently doing the right amount?

Answer choices:
1. Should be doing more 2. Should be doing less 3. Is doing the right amount

When answering, respond ONLY with a single number that corresponds to the option you choose. Do not include any additional text, punctuation or explanation.

My answer is
",1
fake_5304,1,3,7,2,38,2,1,"Today is November 5, 2024. Racially, I am white. Ideologically, I am slightly liberal. Politically, I am a strong Republican. I do not attend church. I am 38 years old. I am a woman. I am very interested in politics.. Question: Do you think the federal government should be doing more about the opioid drug addiction issue, should be doing less, or is it currently doing the right amount?

Answer choices:
1. Should be doing more 2. Should be doing less 3. Is doing the right amount

When answering, respond ONLY with a single number that corresponds to the option you choose. Do not include any additional text, punctuation or explanation.

My answer is
",1
fake_5305,1,99,1,-1,43,1,2,"Today is November 5, 2024. Racially, I am white. Politically, I am a strong democrat. I am 43 years old. I am a man. I am somewhat interested in politics.. Question: Do you think the federal government should be doing more about the opioid drug addiction issue, should be doing less, or is it currently doing the right amount?

Answer choices:
1. Should be doing more 2. Should be doing less 3. Is doing the right amount

When answering, respond ONLY with a single number that corresponds to the option you choose. Do not include any additional text, punctuation or explanation.

My answer is
",1
fake_5306,1,99,1,2,77,2,3,"Today is November 5, 2024. Racially, I am white. Politically, I am a strong democrat. I do not attend church. I am 77 years old. I am a woman. I am not very interested in politics.. Question: Do you think the federal government should be doing more about the opioid drug addiction issue, should be doing less, or is it currently doing the right amount?

Answer choices:
1. Should be doing more 2. Should be doing less 3. Is doing the right amount

When answering, respond ONLY with a single number that corresponds to the option you choose. Do not include any additional text, punctuation or explanation.

My answer is
",1
fake_5307,1,7,7,2,42,1,2,"Today is November 5, 2024. Racially, I am white. Ideologically, I am extremely conservative. Politically, I am a strong Republican. I do not attend church. I am 42 years old. I am a man. I am somewhat interested in politics.. Question: Do you think the federal government should be doing more about the opioid drug addiction issue, should be doing less, or is it currently doing the right amount?

Answer choices:
1. Should be doing more 2. Should be doing less 3. Is doing the right amount

When answering, respond ONLY with a single number that corresponds to the option you choose. Do not include any additional text, punctuation or explanation.

My answer is
",2
fake_5308,1,99,3,-1,76,2,1,"Today is November 5, 2024. Racially, I am white. Politically, I am an independent who leans Democratic. I am 76 years old. I am a woman. I am very interested in politics.. Question: Do you think the federal government should be doing more about the opioid drug addiction issue, should be doing less, or is it currently doing the right amount?

Answer choices:
1. Should be doing more 2. Should be doing less 3. Is doing the right amount

When answering, respond ONLY with a single number that corresponds to the option you choose. Do not include any additional text, punctuation or explanation.

My answer is
",1
fake_5309,3,4,2,-1,61,2,-6,"Today is November 5, 2024. Racially, I am hispanic. Ideologically, I am moderate. Politically, I am a weak Democrat. I am 61 years old. I am a woman.. Question: Do you think the federal government should be doing more about the opioid drug addiction issue, should be doing less, or is it currently doing the right amount?

Answer choices:
1. Should be doing more 2. Should be doing less 3. Is doing the right amount

When answering, respond ONLY with a single number that corresponds to the option you choose. Do not include any additional text, punctuation or explanation.

My answer is
",1
fake_5310,1,5,1,2,38,1,3,"Today is November 5, 2024. Racially, I am white. Ideologically, I am slightly conservative. Politically, I am a strong democrat. I do not attend church. I am 38 years old. I am a man. I am not very interested in politics.. Question: Do you think the federal government should be doing more about the opioid drug addiction issue, should be doing less, or is it currently doing the right amount?

Answer choices:
1. Should be doing more 2. Should be doing less 3. Is doing the right amount

When answering, respond ONLY with a single number that corresponds to the option you choose. Do not include any additional text, punctuation or explanation.

My answer is
",1
fake_5311,1,99,7,1,22,2,4,"Today is November 5, 2024. Racially, I am white. Politically, I am a strong Republican. I attend church. I am 22 years old. I am a woman. I am not at all interested in politics.. Question: Do you think the federal government should be doing more about the opioid drug addiction issue, should be doing less, or is it currently doing the right amount?

Answer choices:
1. Should be doing more 2. Should be doing less 3. Is doing the right amount

When answering, respond ONLY with a single number that corresponds to the option you choose. Do not include any additional text, punctuation or explanation.

My answer is
",1
fake_5312,1,99,7,-9,23,1,-6,"Today is November 5, 2024. Racially, I am white. Politically, I am a strong Republican. I am 23 years old. I am a man.. Question: Do you think the federal government should be doing more about the opioid drug addiction issue, should be doing less, or is it currently doing the right amount?

Answer choices:
1. Should be doing more 2. Should be doing less 3. Is doing the right amount

When answering, respond ONLY with a single number that corresponds to the option you choose. Do not include any additional text, punctuation or explanation.

My answer is
",1
fake_5313,1,6,1,2,22,2,-6,"Today is November 5, 2024. Racially, I am white. Ideologically, I am conservative. Politically, I am a strong democrat. I do not attend church. I am 22 years old. I am a woman.. Question: Do you think the federal government should be doing more about the opioid drug addiction issue, should be doing less, or is it currently doing the right amount?

Answer choices:
1. Should be doing more 2. Should be doing less 3. Is doing the right amount

When answering, respond ONLY with a single number that corresponds to the option you choose. Do not include any additional text, punctuation or explanation.

My answer is
",1
fake_5314,2,2,1,1,27,2,2,"Today is November 5, 2024. Racially, I am black. Ideologically, I am liberal. Politically, I am a strong democrat. I attend church. I am 27 years old. I am a woman. I am somewhat interested in politics.. Question: Do you think the federal government should be doing more about the opioid drug addiction issue, should be doing less, or is it currently doing the right amount?

Answer choices:
1. Should be doing more 2. Should be doing less 3. Is doing the right amount

When answering, respond ONLY with a single number that corresponds to the option you choose. Do not include any additional text, punctuation or explanation.

My answer is
",1
fake_5315,1,3,7,1,80,2,3,"Today is November 5, 2024. Racially, I am white. Ideologically, I am slightly liberal. Politically, I am a strong Republican. I attend church. I am 80 years old. I am a woman. I am not very interested in politics.. Question: Do you think the federal government should be doing more about the opioid drug addiction issue, should be doing less, or is it currently doing the right amount?

Answer choices:
1. Should be doing more 2. Should be doing less 3. Is doing the right amount

When answering, respond ONLY with a single number that corresponds to the option you choose. Do not include any additional text, punctuation or explanation.

My answer is
",1
fake_5316,1,99,7,1,43,2,2,"Today is November 5, 2024. Racially, I am white. Politically, I am a strong Republican. I attend church. I am 43 years old. I am a woman. I am somewhat interested in politics.. Question: Do you think the federal government should be doing more about the opioid drug addiction issue, should be doing less, or is it currently doing the right amount?

Answer choices:
1. Should be doing more 2. Should be doing less 3. Is doing the right amount

When answering, respond ONLY with a single number that corresponds to the option you choose. Do not include any additional text, punctuation or explanation.

My answer is
",1
fake_5317,3,99,3,2,32,1,2,"Today is November 5, 2024. Racially, I am hispanic. Politically, I am an independent who leans Democratic. I do not attend church. I am 32 years old. I am a man. I am somewhat interested in politics.. Question: Do you think the federal government should be doing more about the opioid drug addiction issue, should be doing less, or is it currently doing the right amount?

Answer choices:
1. Should be doing more 2. Should be doing less 3. Is doing the right amount

When answering, respond ONLY with a single number that corresponds to the option you choose. Do not include any additional text, punctuation or explanation.

My answer is
",1
fake_5318,1,3,7,2,44,2,1,"Today is November 5, 2024. Racially, I am white. Ideologically, I am slightly liberal. Politically, I am a strong Republican. I do not attend church. I am 44 years old. I am a woman. I am very interested in politics.. Question: Do you think the federal government should be doing more about the opioid drug addiction issue, should be doing less, or is it currently doing the right amount?

Answer choices:
1. Should be doing more 2. Should be doing less 3. Is doing the right amount

When answering, respond ONLY with a single number that corresponds to the option you choose. Do not include any additional text, punctuation or explanation.

My answer is
",1
fake_5319,2,2,7,1,-2,2,3,"Today is November 5, 2024. Racially, I am black. Ideologically, I am liberal. Politically, I am a strong Republican. I attend church. I am a woman. I am not very interested in politics.. Question: Do you think the federal government should be doing more about the opioid drug addiction issue, should be doing less, or is it currently doing the right amount?

Answer choices:
1. Should be doing more 2. Should be doing less 3. Is doing the right amount

When answering, respond ONLY with a single number that corresponds to the option you choose. Do not include any additional text, punctuation or explanation.

My answer is
",1
fake_5320,1,4,1,2,47,2,3,"Today is November 5, 2024. Racially, I am white. Ideologically, I am moderate. Politically, I am a strong democrat. I do not attend church. I am 47 years old. I am a woman. I am not very interested in politics.. Question: Do you think the federal government should be doing more about the opioid drug addiction issue, should be doing less, or is it currently doing the right amount?

Answer choices:
1. Should be doing more 2. Should be doing less 3. Is doing the right amount

When answering, respond ONLY with a single number that corresponds to the option you choose. Do not include any additional text, punctuation or explanation.

My answer is
",1
fake_5321,4,4,7,1,26,2,2,"Today is November 5, 2024. Racially, I am asian. Ideologically, I am moderate. Politically, I am a strong Republican. I attend church. I am 26 years old. I am a woman. I am somewhat interested in politics.. Question: Do you think the federal government should be doing more about the opioid drug addiction issue, should be doing less, or is it currently doing the right amount?

Answer choices:
1. Should be doing more 2. Should be doing less 3. Is doing the right amount

When answering, respond ONLY with a single number that corresponds to the option you choose. Do not include any additional text, punctuation or explanation.

My answer is
",1
fake_5322,2,2,1,2,41,1,2,"Today is November 5, 2024. Racially, I am black. Ideologically, I am liberal. Politically, I am a strong democrat. I do not attend church. I am 41 years old. I am a man. I am somewhat interested in politics.. Question: Do you think the federal government should be doing more about the opioid drug addiction issue, should be doing less, or is it currently doing the right amount?

Answer choices:
1. Should be doing more 2. Should be doing less 3. Is doing the right amount

When answering, respond ONLY with a single number that corresponds to the option you choose. Do not include any additional text, punctuation or explanation.

My answer is
",1
fake_5323,1,6,2,2,66,2,3,"Today is November 5, 2024. Racially, I am white. Ideologically, I am conservative. Politically, I am a weak Democrat. I do not attend church. I am 66 years old. I am a woman. I am not very interested in politics.. Question: Do you think the federal government should be doing more about the opioid drug addiction issue, should be doing less, or is it currently doing the right amount?

Answer choices:
1. Should be doing more 2. Should be doing less 3. Is doing the right amount

When answering, respond ONLY with a single number that corresponds to the option you choose. Do not include any additional text, punctuation or explanation.

My answer is
",1
fake_5324,3,1,6,1,70,2,1,"Today is November 5, 2024. Racially, I am hispanic. Ideologically, I am extremely liberal. Politically, I am a weak Republican. I attend church. I am 70 years old. I am a woman. I am very interested in politics.. Question: Do you think the federal government should be doing more about the opioid drug addiction issue, should be doing less, or is it currently doing the right amount?

Answer choices:
1. Should be doing more 2. Should be doing less 3. Is doing the right amount

When answering, respond ONLY with a single number that corresponds to the option you choose. Do not include any additional text, punctuation or explanation.

My answer is
",1
fake_5325,2,99,6,1,68,2,-6,"Today is November 5, 2024. Racially, I am black. Politically, I am a weak Republican. I attend church. I am 68 years old. I am a woman.. Question: Do you think the federal government should be doing more about the opioid drug addiction issue, should be doing less, or is it currently doing the right amount?

Answer choices:
1. Should be doing more 2. Should be doing less 3. Is doing the right amount

When answering, respond ONLY with a single number that corresponds to the option you choose. Do not include any additional text, punctuation or explanation.

My answer is
",1
fake_5326,1,2,1,1,52,1,4,"Today is November 5, 2024. Racially, I am white. Ideologically, I am liberal. Politically, I am a strong democrat. I attend church. I am 52 years old. I am a man. I am not at all interested in politics.. Question: Do you think the federal government should be doing more about the opioid drug addiction issue, should be doing less, or is it currently doing the right amount?

Answer choices:
1. Should be doing more 2. Should be doing less 3. Is doing the right amount

When answering, respond ONLY with a single number that corresponds to the option you choose. Do not include any additional text, punctuation or explanation.

My answer is
",1
fake_5327,6,6,5,2,54,1,3,"Today is November 5, 2024. Ideologically, I am conservative. Politically, I am an independent who leans Republican. I do not attend church. I am 54 years old. I am a man. I am not very interested in politics.. Question: Do you think the federal government should be doing more about the opioid drug addiction issue, should be doing less, or is it currently doing the right amount?

Answer choices:
1. Should be doing more 2. Should be doing less 3. Is doing the right amount

When answering, respond ONLY with a single number that corresponds to the option you choose. Do not include any additional text, punctuation or explanation.

My answer is
",1
fake_5328,1,6,1,2,80,2,2,"Today is November 5, 2024. Racially, I am white. Ideologically, I am conservative. Politically, I am a strong democrat. I do not attend church. I am 80 years old. I am a woman. I am somewhat interested in politics.. Question: Do you think the federal government should be doing more about the opioid drug addiction issue, should be doing less, or is it currently doing the right amount?

Answer choices:
1. Should be doing more 2. Should be doing less 3. Is doing the right amount

When answering, respond ONLY with a single number that corresponds to the option you choose. Do not include any additional text, punctuation or explanation.

My answer is
",1
fake_5329,1,7,1,1,80,1,2,"Today is November 5, 2024. Racially, I am white. Ideologically, I am extremely conservative. Politically, I am a strong democrat. I attend church. I am 80 years old. I am a man. I am somewhat interested in politics.. Question: Do you think the federal government should be doing more about the opioid drug addiction issue, should be doing less, or is it currently doing the right amount?

Answer choices:
1. Should be doing more 2. Should be doing less 3. Is doing the right amount

When answering, respond ONLY with a single number that corresponds to the option you choose. Do not include any additional text, punctuation or explanation.

My answer is
",1
fake_5330,3,1,7,1,48,2,1,"Today is November 5, 2024. Racially, I am hispanic. Ideologically, I am extremely liberal. Politically, I am a strong Republican. I attend church. I am 48 years old. I am a woman. I am very interested in politics.. Question: Do you think the federal government should be doing more about the opioid drug addiction issue, should be doing less, or is it currently doing the right amount?

Answer choices:
1. Should be doing more 2. Should be doing less 3. Is doing the right amount

When answering, respond ONLY with a single number that corresponds to the option you choose. Do not include any additional text, punctuation or explanation.

My answer is
",1
fake_5331,6,2,2,1,34,1,2,"Today is November 5, 2024. Ideologically, I am liberal. Politically, I am a weak Democrat. I attend church. I am 34 years old. I am a man. I am somewhat interested in politics.. Question: Do you think the federal government should be doing more about the opioid drug addiction issue, should be doing less, or is it currently doing the right amount?

Answer choices:
1. Should be doing more 2. Should be doing less 3. Is doing the right amount

When answering, respond ONLY with a single number that corresponds to the option you choose. Do not include any additional text, punctuation or explanation.

My answer is
",1
fake_5332,1,7,7,1,66,1,4,"Today is November 5, 2024. Racially, I am white. Ideologically, I am extremely conservative. Politically, I am a strong Republican. I attend church. I am 66 years old. I am a man. I am not at all interested in politics.. Question: Do you think the federal government should be doing more about the opioid drug addiction issue, should be doing less, or is it currently doing the right amount?

Answer choices:
1. Should be doing more 2. Should be doing less 3. Is doing the right amount

When answering, respond ONLY with a single number that corresponds to the option you choose. Do not include any additional text, punctuation or explanation.

My answer is
",1
fake_5333,3,99,5,2,26,1,1,"Today is November 5, 2024. Racially, I am hispanic. Politically, I am an independent who leans Republican. I do not attend church. I am 26 years old. I am a man. I am very interested in politics.. Question: Do you think the federal government should be doing more about the opioid drug addiction issue, should be doing less, or is it currently doing the right amount?

Answer choices:
1. Should be doing more 2. Should be doing less 3. Is doing the right amount

When answering, respond ONLY with a single number that corresponds to the option you choose. Do not include any additional text, punctuation or explanation.

My answer is
",1
fake_5334,1,1,1,1,31,1,2,"Today is November 5, 2024. Racially, I am white. Ideologically, I am extremely liberal. Politically, I am a strong democrat. I attend church. I am 31 years old. I am a man. I am somewhat interested in politics.. Question: Do you think the federal government should be doing more about the opioid drug addiction issue, should be doing less, or is it currently doing the right amount?

Answer choices:
1. Should be doing more 2. Should be doing less 3. Is doing the right amount

When answering, respond ONLY with a single number that corresponds to the option you choose. Do not include any additional text, punctuation or explanation.

My answer is
",1
fake_5335,1,5,1,2,53,1,2,"Today is November 5, 2024. Racially, I am white. Ideologically, I am slightly conservative. Politically, I am a strong democrat. I do not attend church. I am 53 years old. I am a man. I am somewhat interested in politics.. Question: Do you think the federal government should be doing more about the opioid drug addiction issue, should be doing less, or is it currently doing the right amount?

Answer choices:
1. Should be doing more 2. Should be doing less 3. Is doing the right amount

When answering, respond ONLY with a single number that corresponds to the option you choose. Do not include any additional text, punctuation or explanation.

My answer is
",1
fake_5336,1,6,7,1,77,2,4,"Today is November 5, 2024. Racially, I am white. Ideologically, I am conservative. Politically, I am a strong Republican. I attend church. I am 77 years old. I am a woman. I am not at all interested in politics.. Question: Do you think the federal government should be doing more about the opioid drug addiction issue, should be doing less, or is it currently doing the right amount?

Answer choices:
1. Should be doing more 2. Should be doing less 3. Is doing the right amount

When answering, respond ONLY with a single number that corresponds to the option you choose. Do not include any additional text, punctuation or explanation.

My answer is
",1
fake_5337,1,99,6,2,53,2,2,"Today is November 5, 2024. Racially, I am white. Politically, I am a weak Republican. I do not attend church. I am 53 years old. I am a woman. I am somewhat interested in politics.. Question: Do you think the federal government should be doing more about the opioid drug addiction issue, should be doing less, or is it currently doing the right amount?

Answer choices:
1. Should be doing more 2. Should be doing less 3. Is doing the right amount

When answering, respond ONLY with a single number that corresponds to the option you choose. Do not include any additional text, punctuation or explanation.

My answer is
",1
fake_5338,1,5,3,1,63,2,2,"Today is November 5, 2024. Racially, I am white. Ideologically, I am slightly conservative. Politically, I am an independent who leans Democratic. I attend church. I am 63 years old. I am a woman. I am somewhat interested in politics.. Question: Do you think the federal government should be doing more about the opioid drug addiction issue, should be doing less, or is it currently doing the right amount?

Answer choices:
1. Should be doing more 2. Should be doing less 3. Is doing the right amount

When answering, respond ONLY with a single number that corresponds to the option you choose. Do not include any additional text, punctuation or explanation.

My answer is
",1
fake_5339,1,2,3,2,44,1,2,"Today is November 5, 2024. Racially, I am white. Ideologically, I am liberal. Politically, I am an independent who leans Democratic. I do not attend church. I am 44 years old. I am a man. I am somewhat interested in politics.. Question: Do you think the federal government should be doing more about the opioid drug addiction issue, should be doing less, or is it currently doing the right amount?

Answer choices:
1. Should be doing more 2. Should be doing less 3. Is doing the right amount

When answering, respond ONLY with a single number that corresponds to the option you choose. Do not include any additional text, punctuation or explanation.

My answer is
",1
fake_5340,6,4,7,1,27,2,3,"Today is November 5, 2024. Ideologically, I am moderate. Politically, I am a strong Republican. I attend church. I am 27 years old. I am a woman. I am not very interested in politics.. Question: Do you think the federal government should be doing more about the opioid drug addiction issue, should be doing less, or is it currently doing the right amount?

Answer choices:
1. Should be doing more 2. Should be doing less 3. Is doing the right amount

When answering, respond ONLY with a single number that corresponds to the option you choose. Do not include any additional text, punctuation or explanation.

My answer is
",1
fake_5341,1,2,5,1,53,1,2,"Today is November 5, 2024. Racially, I am white. Ideologically, I am liberal. Politically, I am an independent who leans Republican. I attend church. I am 53 years old. I am a man. I am somewhat interested in politics.. Question: Do you think the federal government should be doing more about the opioid drug addiction issue, should be doing less, or is it currently doing the right amount?

Answer choices:
1. Should be doing more 2. Should be doing less 3. Is doing the right amount

When answering, respond ONLY with a single number that corresponds to the option you choose. Do not include any additional text, punctuation or explanation.

My answer is
",1
fake_5342,1,2,1,2,70,2,2,"Today is November 5, 2024. Racially, I am white. Ideologically, I am liberal. Politically, I am a strong democrat. I do not attend church. I am 70 years old. I am a woman. I am somewhat interested in politics.. Question: Do you think the federal government should be doing more about the opioid drug addiction issue, should be doing less, or is it currently doing the right amount?

Answer choices:
1. Should be doing more 2. Should be doing less 3. Is doing the right amount

When answering, respond ONLY with a single number that corresponds to the option you choose. Do not include any additional text, punctuation or explanation.

My answer is
",1
fake_5343,1,4,7,2,61,2,-6,"Today is November 5, 2024. Racially, I am white. Ideologically, I am moderate. Politically, I am a strong Republican. I do not attend church. I am 61 years old. I am a woman.. Question: Do you think the federal government should be doing more about the opioid drug addiction issue, should be doing less, or is it currently doing the right amount?

Answer choices:
1. Should be doing more 2. Should be doing less 3. Is doing the right amount

When answering, respond ONLY with a single number that corresponds to the option you choose. Do not include any additional text, punctuation or explanation.

My answer is
",1
fake_5344,1,6,3,1,22,2,2,"Today is November 5, 2024. Racially, I am white. Ideologically, I am conservative. Politically, I am an independent who leans Democratic. I attend church. I am 22 years old. I am a woman. I am somewhat interested in politics.. Question: Do you think the federal government should be doing more about the opioid drug addiction issue, should be doing less, or is it currently doing the right amount?

Answer choices:
1. Should be doing more 2. Should be doing less 3. Is doing the right amount

When answering, respond ONLY with a single number that corresponds to the option you choose. Do not include any additional text, punctuation or explanation.

My answer is
",1
fake_5345,1,4,2,1,31,2,2,"Today is November 5, 2024. Racially, I am white. Ideologically, I am moderate. Politically, I am a weak Democrat. I attend church. I am 31 years old. I am a woman. I am somewhat interested in politics.. Question: Do you think the federal government should be doing more about the opioid drug addiction issue, should be doing less, or is it currently doing the right amount?

Answer choices:
1. Should be doing more 2. Should be doing less 3. Is doing the right amount

When answering, respond ONLY with a single number that corresponds to the option you choose. Do not include any additional text, punctuation or explanation.

My answer is
",1
fake_5346,1,4,7,2,69,2,2,"Today is November 5, 2024. Racially, I am white. Ideologically, I am moderate. Politically, I am a strong Republican. I do not attend church. I am 69 years old. I am a woman. I am somewhat interested in politics.. Question: Do you think the federal government should be doing more about the opioid drug addiction issue, should be doing less, or is it currently doing the right amount?

Answer choices:
1. Should be doing more 2. Should be doing less 3. Is doing the right amount

When answering, respond ONLY with a single number that corresponds to the option you choose. Do not include any additional text, punctuation or explanation.

My answer is
",1
fake_5347,2,4,5,2,62,2,1,"Today is November 5, 2024. Racially, I am black. Ideologically, I am moderate. Politically, I am an independent who leans Republican. I do not attend church. I am 62 years old. I am a woman. I am very interested in politics.. Question: Do you think the federal government should be doing more about the opioid drug addiction issue, should be doing less, or is it currently doing the right amount?

Answer choices:
1. Should be doing more 2. Should be doing less 3. Is doing the right amount

When answering, respond ONLY with a single number that corresponds to the option you choose. Do not include any additional text, punctuation or explanation.

My answer is
",1
fake_5348,-9,2,6,2,24,1,3,"Today is November 5, 2024. Ideologically, I am liberal. Politically, I am a weak Republican. I do not attend church. I am 24 years old. I am a man. I am not very interested in politics.. Question: Do you think the federal government should be doing more about the opioid drug addiction issue, should be doing less, or is it currently doing the right amount?

Answer choices:
1. Should be doing more 2. Should be doing less 3. Is doing the right amount

When answering, respond ONLY with a single number that corresponds to the option you choose. Do not include any additional text, punctuation or explanation.

My answer is
",1
fake_5349,1,4,5,1,66,2,4,"Today is November 5, 2024. Racially, I am white. Ideologically, I am moderate. Politically, I am an independent who leans Republican. I attend church. I am 66 years old. I am a woman. I am not at all interested in politics.. Question: Do you think the federal government should be doing more about the opioid drug addiction issue, should be doing less, or is it currently doing the right amount?

Answer choices:
1. Should be doing more 2. Should be doing less 3. Is doing the right amount

When answering, respond ONLY with a single number that corresponds to the option you choose. Do not include any additional text, punctuation or explanation.

My answer is
",1
fake_5350,3,3,7,-1,57,1,2,"Today is November 5, 2024. Racially, I am hispanic. Ideologically, I am slightly liberal. Politically, I am a strong Republican. I am 57 years old. I am a man. I am somewhat interested in politics.. Question: Do you think the federal government should be doing more about the opioid drug addiction issue, should be doing less, or is it currently doing the right amount?

Answer choices:
1. Should be doing more 2. Should be doing less 3. Is doing the right amount

When answering, respond ONLY with a single number that corresponds to the option you choose. Do not include any additional text, punctuation or explanation.

My answer is
",1
fake_5351,1,5,2,1,28,2,4,"Today is November 5, 2024. Racially, I am white. Ideologically, I am slightly conservative. Politically, I am a weak Democrat. I attend church. I am 28 years old. I am a woman. I am not at all interested in politics.. Question: Do you think the federal government should be doing more about the opioid drug addiction issue, should be doing less, or is it currently doing the right amount?

Answer choices:
1. Should be doing more 2. Should be doing less 3. Is doing the right amount

When answering, respond ONLY with a single number that corresponds to the option you choose. Do not include any additional text, punctuation or explanation.

My answer is
",1
fake_5352,-9,2,5,2,25,1,3,"Today is November 5, 2024. Ideologically, I am liberal. Politically, I am an independent who leans Republican. I do not attend church. I am 25 years old. I am a man. I am not very interested in politics.. Question: Do you think the federal government should be doing more about the opioid drug addiction issue, should be doing less, or is it currently doing the right amount?

Answer choices:
1. Should be doing more 2. Should be doing less 3. Is doing the right amount

When answering, respond ONLY with a single number that corresponds to the option you choose. Do not include any additional text, punctuation or explanation.

My answer is
",1
fake_5353,1,6,7,1,65,1,2,"Today is November 5, 2024. Racially, I am white. Ideologically, I am conservative. Politically, I am a strong Republican. I attend church. I am 65 years old. I am a man. I am somewhat interested in politics.. Question: Do you think the federal government should be doing more about the opioid drug addiction issue, should be doing less, or is it currently doing the right amount?

Answer choices:
1. Should be doing more 2. Should be doing less 3. Is doing the right amount

When answering, respond ONLY with a single number that corresponds to the option you choose. Do not include any additional text, punctuation or explanation.

My answer is
",1
fake_5354,1,3,1,1,75,2,2,"Today is November 5, 2024. Racially, I am white. Ideologically, I am slightly liberal. Politically, I am a strong democrat. I attend church. I am 75 years old. I am a woman. I am somewhat interested in politics.. Question: Do you think the federal government should be doing more about the opioid drug addiction issue, should be doing less, or is it currently doing the right amount?

Answer choices:
1. Should be doing more 2. Should be doing less 3. Is doing the right amount

When answering, respond ONLY with a single number that corresponds to the option you choose. Do not include any additional text, punctuation or explanation.

My answer is
",1
fake_5355,1,4,1,2,25,1,4,"Today is November 5, 2024. Racially, I am white. Ideologically, I am moderate. Politically, I am a strong democrat. I do not attend church. I am 25 years old. I am a man. I am not at all interested in politics.. Question: Do you think the federal government should be doing more about the opioid drug addiction issue, should be doing less, or is it currently doing the right amount?

Answer choices:
1. Should be doing more 2. Should be doing less 3. Is doing the right amount

When answering, respond ONLY with a single number that corresponds to the option you choose. Do not include any additional text, punctuation or explanation.

My answer is
",1
fake_5356,1,2,3,1,40,1,2,"Today is November 5, 2024. Racially, I am white. Ideologically, I am liberal. Politically, I am an independent who leans Democratic. I attend church. I am 40 years old. I am a man. I am somewhat interested in politics.. Question: Do you think the federal government should be doing more about the opioid drug addiction issue, should be doing less, or is it currently doing the right amount?

Answer choices:
1. Should be doing more 2. Should be doing less 3. Is doing the right amount

When answering, respond ONLY with a single number that corresponds to the option you choose. Do not include any additional text, punctuation or explanation.

My answer is
",1
fake_5357,4,3,4,-1,80,1,-6,"Today is November 5, 2024. Racially, I am asian. Ideologically, I am slightly liberal. Politically, I am an independent. I am 80 years old. I am a man.. Question: Do you think the federal government should be doing more about the opioid drug addiction issue, should be doing less, or is it currently doing the right amount?

Answer choices:
1. Should be doing more 2. Should be doing less 3. Is doing the right amount

When answering, respond ONLY with a single number that corresponds to the option you choose. Do not include any additional text, punctuation or explanation.

My answer is
",1
fake_5358,2,4,1,1,72,2,2,"Today is November 5, 2024. Racially, I am black. Ideologically, I am moderate. Politically, I am a strong democrat. I attend church. I am 72 years old. I am a woman. I am somewhat interested in politics.. Question: Do you think the federal government should be doing more about the opioid drug addiction issue, should be doing less, or is it currently doing the right amount?

Answer choices:
1. Should be doing more 2. Should be doing less 3. Is doing the right amount

When answering, respond ONLY with a single number that corresponds to the option you choose. Do not include any additional text, punctuation or explanation.

My answer is
",1
fake_5359,1,99,6,2,75,2,3,"Today is November 5, 2024. Racially, I am white. Politically, I am a weak Republican. I do not attend church. I am 75 years old. I am a woman. I am not very interested in politics.. Question: Do you think the federal government should be doing more about the opioid drug addiction issue, should be doing less, or is it currently doing the right amount?

Answer choices:
1. Should be doing more 2. Should be doing less 3. Is doing the right amount

When answering, respond ONLY with a single number that corresponds to the option you choose. Do not include any additional text, punctuation or explanation.

My answer is
",1
fake_5360,1,4,5,2,78,2,1,"Today is November 5, 2024. Racially, I am white. Ideologically, I am moderate. Politically, I am an independent who leans Republican. I do not attend church. I am 78 years old. I am a woman. I am very interested in politics.. Question: Do you think the federal government should be doing more about the opioid drug addiction issue, should be doing less, or is it currently doing the right amount?

Answer choices:
1. Should be doing more 2. Should be doing less 3. Is doing the right amount

When answering, respond ONLY with a single number that corresponds to the option you choose. Do not include any additional text, punctuation or explanation.

My answer is
",1
fake_5361,1,2,7,1,77,1,1,"Today is November 5, 2024. Racially, I am white. Ideologically, I am liberal. Politically, I am a strong Republican. I attend church. I am 77 years old. I am a man. I am very interested in politics.. Question: Do you think the federal government should be doing more about the opioid drug addiction issue, should be doing less, or is it currently doing the right amount?

Answer choices:
1. Should be doing more 2. Should be doing less 3. Is doing the right amount

When answering, respond ONLY with a single number that corresponds to the option you choose. Do not include any additional text, punctuation or explanation.

My answer is
",1
fake_5362,3,6,7,2,45,1,1,"Today is November 5, 2024. Racially, I am hispanic. Ideologically, I am conservative. Politically, I am a strong Republican. I do not attend church. I am 45 years old. I am a man. I am very interested in politics.. Question: Do you think the federal government should be doing more about the opioid drug addiction issue, should be doing less, or is it currently doing the right amount?

Answer choices:
1. Should be doing more 2. Should be doing less 3. Is doing the right amount

When answering, respond ONLY with a single number that corresponds to the option you choose. Do not include any additional text, punctuation or explanation.

My answer is
",1
fake_5363,1,4,6,1,-2,1,-6,"Today is November 5, 2024. Racially, I am white. Ideologically, I am moderate. Politically, I am a weak Republican. I attend church. I am a man.. Question: Do you think the federal government should be doing more about the opioid drug addiction issue, should be doing less, or is it currently doing the right amount?

Answer choices:
1. Should be doing more 2. Should be doing less 3. Is doing the right amount

When answering, respond ONLY with a single number that corresponds to the option you choose. Do not include any additional text, punctuation or explanation.

My answer is
",1
fake_5364,1,5,6,1,35,1,3,"Today is November 5, 2024. Racially, I am white. Ideologically, I am slightly conservative. Politically, I am a weak Republican. I attend church. I am 35 years old. I am a man. I am not very interested in politics.. Question: Do you think the federal government should be doing more about the opioid drug addiction issue, should be doing less, or is it currently doing the right amount?

Answer choices:
1. Should be doing more 2. Should be doing less 3. Is doing the right amount

When answering, respond ONLY with a single number that corresponds to the option you choose. Do not include any additional text, punctuation or explanation.

My answer is
",1
fake_5365,2,99,7,2,57,2,1,"Today is November 5, 2024. Racially, I am black. Politically, I am a strong Republican. I do not attend church. I am 57 years old. I am a woman. I am very interested in politics.. Question: Do you think the federal government should be doing more about the opioid drug addiction issue, should be doing less, or is it currently doing the right amount?

Answer choices:
1. Should be doing more 2. Should be doing less 3. Is doing the right amount

When answering, respond ONLY with a single number that corresponds to the option you choose. Do not include any additional text, punctuation or explanation.

My answer is
",1
fake_5366,-9,6,5,2,54,1,2,"Today is November 5, 2024. Ideologically, I am conservative. Politically, I am an independent who leans Republican. I do not attend church. I am 54 years old. I am a man. I am somewhat interested in politics.. Question: Do you think the federal government should be doing more about the opioid drug addiction issue, should be doing less, or is it currently doing the right amount?

Answer choices:
1. Should be doing more 2. Should be doing less 3. Is doing the right amount

When answering, respond ONLY with a single number that corresponds to the option you choose. Do not include any additional text, punctuation or explanation.

My answer is
",1
fake_5367,1,2,7,2,37,1,3,"Today is November 5, 2024. Racially, I am white. Ideologically, I am liberal. Politically, I am a strong Republican. I do not attend church. I am 37 years old. I am a man. I am not very interested in politics.. Question: Do you think the federal government should be doing more about the opioid drug addiction issue, should be doing less, or is it currently doing the right amount?

Answer choices:
1. Should be doing more 2. Should be doing less 3. Is doing the right amount

When answering, respond ONLY with a single number that corresponds to the option you choose. Do not include any additional text, punctuation or explanation.

My answer is
",1
fake_5368,1,4,3,1,58,-9,1,"Today is November 5, 2024. Racially, I am white. Ideologically, I am moderate. Politically, I am an independent who leans Democratic. I attend church. I am 58 years old. I am very interested in politics.. Question: Do you think the federal government should be doing more about the opioid drug addiction issue, should be doing less, or is it currently doing the right amount?

Answer choices:
1. Should be doing more 2. Should be doing less 3. Is doing the right amount

When answering, respond ONLY with a single number that corresponds to the option you choose. Do not include any additional text, punctuation or explanation.

My answer is
",1
fake_5369,1,4,3,2,49,2,2,"Today is November 5, 2024. Racially, I am white. Ideologically, I am moderate. Politically, I am an independent who leans Democratic. I do not attend church. I am 49 years old. I am a woman. I am somewhat interested in politics.. Question: Do you think the federal government should be doing more about the opioid drug addiction issue, should be doing less, or is it currently doing the right amount?

Answer choices:
1. Should be doing more 2. Should be doing less 3. Is doing the right amount

When answering, respond ONLY with a single number that corresponds to the option you choose. Do not include any additional text, punctuation or explanation.

My answer is
",1
fake_5370,1,6,6,2,55,1,2,"Today is November 5, 2024. Racially, I am white. Ideologically, I am conservative. Politically, I am a weak Republican. I do not attend church. I am 55 years old. I am a man. I am somewhat interested in politics.. Question: Do you think the federal government should be doing more about the opioid drug addiction issue, should be doing less, or is it currently doing the right amount?

Answer choices:
1. Should be doing more 2. Should be doing less 3. Is doing the right amount

When answering, respond ONLY with a single number that corresponds to the option you choose. Do not include any additional text, punctuation or explanation.

My answer is
",1
fake_5371,4,4,6,2,55,1,2,"Today is November 5, 2024. Racially, I am asian. Ideologically, I am moderate. Politically, I am a weak Republican. I do not attend church. I am 55 years old. I am a man. I am somewhat interested in politics.. Question: Do you think the federal government should be doing more about the opioid drug addiction issue, should be doing less, or is it currently doing the right amount?

Answer choices:
1. Should be doing more 2. Should be doing less 3. Is doing the right amount

When answering, respond ONLY with a single number that corresponds to the option you choose. Do not include any additional text, punctuation or explanation.

My answer is
",1
fake_5372,1,5,3,1,-2,2,2,"Today is November 5, 2024. Racially, I am white. Ideologically, I am slightly conservative. Politically, I am an independent who leans Democratic. I attend church. I am a woman. I am somewhat interested in politics.. Question: Do you think the federal government should be doing more about the opioid drug addiction issue, should be doing less, or is it currently doing the right amount?

Answer choices:
1. Should be doing more 2. Should be doing less 3. Is doing the right amount

When answering, respond ONLY with a single number that corresponds to the option you choose. Do not include any additional text, punctuation or explanation.

My answer is
",1
fake_5373,1,5,7,1,77,2,4,"Today is November 5, 2024. Racially, I am white. Ideologically, I am slightly conservative. Politically, I am a strong Republican. I attend church. I am 77 years old. I am a woman. I am not at all interested in politics.. Question: Do you think the federal government should be doing more about the opioid drug addiction issue, should be doing less, or is it currently doing the right amount?

Answer choices:
1. Should be doing more 2. Should be doing less 3. Is doing the right amount

When answering, respond ONLY with a single number that corresponds to the option you choose. Do not include any additional text, punctuation or explanation.

My answer is
",1
fake_5374,1,2,5,1,80,1,2,"Today is November 5, 2024. Racially, I am white. Ideologically, I am liberal. Politically, I am an independent who leans Republican. I attend church. I am 80 years old. I am a man. I am somewhat interested in politics.. Question: Do you think the federal government should be doing more about the opioid drug addiction issue, should be doing less, or is it currently doing the right amount?

Answer choices:
1. Should be doing more 2. Should be doing less 3. Is doing the right amount

When answering, respond ONLY with a single number that corresponds to the option you choose. Do not include any additional text, punctuation or explanation.

My answer is
",1
fake_5375,3,99,2,2,68,2,3,"Today is November 5, 2024. Racially, I am hispanic. Politically, I am a weak Democrat. I do not attend church. I am 68 years old. I am a woman. I am not very interested in politics.. Question: Do you think the federal government should be doing more about the opioid drug addiction issue, should be doing less, or is it currently doing the right amount?

Answer choices:
1. Should be doing more 2. Should be doing less 3. Is doing the right amount

When answering, respond ONLY with a single number that corresponds to the option you choose. Do not include any additional text, punctuation or explanation.

My answer is
",1
fake_5376,1,4,6,1,23,1,1,"Today is November 5, 2024. Racially, I am white. Ideologically, I am moderate. Politically, I am a weak Republican. I attend church. I am 23 years old. I am a man. I am very interested in politics.. Question: Do you think the federal government should be doing more about the opioid drug addiction issue, should be doing less, or is it currently doing the right amount?

Answer choices:
1. Should be doing more 2. Should be doing less 3. Is doing the right amount

When answering, respond ONLY with a single number that corresponds to the option you choose. Do not include any additional text, punctuation or explanation.

My answer is
",1
fake_5377,1,4,1,2,44,1,2,"Today is November 5, 2024. Racially, I am white. Ideologically, I am moderate. Politically, I am a strong democrat. I do not attend church. I am 44 years old. I am a man. I am somewhat interested in politics.. Question: Do you think the federal government should be doing more about the opioid drug addiction issue, should be doing less, or is it currently doing the right amount?

Answer choices:
1. Should be doing more 2. Should be doing less 3. Is doing the right amount

When answering, respond ONLY with a single number that corresponds to the option you choose. Do not include any additional text, punctuation or explanation.

My answer is
",1
fake_5378,1,99,7,1,73,1,2,"Today is November 5, 2024. Racially, I am white. Politically, I am a strong Republican. I attend church. I am 73 years old. I am a man. I am somewhat interested in politics.. Question: Do you think the federal government should be doing more about the opioid drug addiction issue, should be doing less, or is it currently doing the right amount?

Answer choices:
1. Should be doing more 2. Should be doing less 3. Is doing the right amount

When answering, respond ONLY with a single number that corresponds to the option you choose. Do not include any additional text, punctuation or explanation.

My answer is
",1
fake_5379,-9,3,5,1,37,1,1,"Today is November 5, 2024. Ideologically, I am slightly liberal. Politically, I am an independent who leans Republican. I attend church. I am 37 years old. I am a man. I am very interested in politics.. Question: Do you think the federal government should be doing more about the opioid drug addiction issue, should be doing less, or is it currently doing the right amount?

Answer choices:
1. Should be doing more 2. Should be doing less 3. Is doing the right amount

When answering, respond ONLY with a single number that corresponds to the option you choose. Do not include any additional text, punctuation or explanation.

My answer is
",1
fake_5380,1,99,1,2,60,2,3,"Today is November 5, 2024. Racially, I am white. Politically, I am a strong democrat. I do not attend church. I am 60 years old. I am a woman. I am not very interested in politics.. Question: Do you think the federal government should be doing more about the opioid drug addiction issue, should be doing less, or is it currently doing the right amount?

Answer choices:
1. Should be doing more 2. Should be doing less 3. Is doing the right amount

When answering, respond ONLY with a single number that corresponds to the option you choose. Do not include any additional text, punctuation or explanation.

My answer is
",1
fake_5381,1,2,3,2,26,2,1,"Today is November 5, 2024. Racially, I am white. Ideologically, I am liberal. Politically, I am an independent who leans Democratic. I do not attend church. I am 26 years old. I am a woman. I am very interested in politics.. Question: Do you think the federal government should be doing more about the opioid drug addiction issue, should be doing less, or is it currently doing the right amount?

Answer choices:
1. Should be doing more 2. Should be doing less 3. Is doing the right amount

When answering, respond ONLY with a single number that corresponds to the option you choose. Do not include any additional text, punctuation or explanation.

My answer is
",1
fake_5382,1,6,3,1,47,2,1,"Today is November 5, 2024. Racially, I am white. Ideologically, I am conservative. Politically, I am an independent who leans Democratic. I attend church. I am 47 years old. I am a woman. I am very interested in politics.. Question: Do you think the federal government should be doing more about the opioid drug addiction issue, should be doing less, or is it currently doing the right amount?

Answer choices:
1. Should be doing more 2. Should be doing less 3. Is doing the right amount

When answering, respond ONLY with a single number that corresponds to the option you choose. Do not include any additional text, punctuation or explanation.

My answer is
",1
fake_5383,2,6,6,1,73,2,3,"Today is November 5, 2024. Racially, I am black. Ideologically, I am conservative. Politically, I am a weak Republican. I attend church. I am 73 years old. I am a woman. I am not very interested in politics.. Question: Do you think the federal government should be doing more about the opioid drug addiction issue, should be doing less, or is it currently doing the right amount?

Answer choices:
1. Should be doing more 2. Should be doing less 3. Is doing the right amount

When answering, respond ONLY with a single number that corresponds to the option you choose. Do not include any additional text, punctuation or explanation.

My answer is
",1
fake_5384,3,2,1,2,63,2,3,"Today is November 5, 2024. Racially, I am hispanic. Ideologically, I am liberal. Politically, I am a strong democrat. I do not attend church. I am 63 years old. I am a woman. I am not very interested in politics.. Question: Do you think the federal government should be doing more about the opioid drug addiction issue, should be doing less, or is it currently doing the right amount?

Answer choices:
1. Should be doing more 2. Should be doing less 3. Is doing the right amount

When answering, respond ONLY with a single number that corresponds to the option you choose. Do not include any additional text, punctuation or explanation.

My answer is
",1
fake_5385,2,5,2,1,77,2,4,"Today is November 5, 2024. Racially, I am black. Ideologically, I am slightly conservative. Politically, I am a weak Democrat. I attend church. I am 77 years old. I am a woman. I am not at all interested in politics.. Question: Do you think the federal government should be doing more about the opioid drug addiction issue, should be doing less, or is it currently doing the right amount?

Answer choices:
1. Should be doing more 2. Should be doing less 3. Is doing the right amount

When answering, respond ONLY with a single number that corresponds to the option you choose. Do not include any additional text, punctuation or explanation.

My answer is
",1
fake_5386,1,1,5,2,-2,1,1,"Today is November 5, 2024. Racially, I am white. Ideologically, I am extremely liberal. Politically, I am an independent who leans Republican. I do not attend church. I am a man. I am very interested in politics.. Question: Do you think the federal government should be doing more about the opioid drug addiction issue, should be doing less, or is it currently doing the right amount?

Answer choices:
1. Should be doing more 2. Should be doing less 3. Is doing the right amount

When answering, respond ONLY with a single number that corresponds to the option you choose. Do not include any additional text, punctuation or explanation.

My answer is
",1
fake_5387,2,99,1,1,72,2,2,"Today is November 5, 2024. Racially, I am black. Politically, I am a strong democrat. I attend church. I am 72 years old. I am a woman. I am somewhat interested in politics.. Question: Do you think the federal government should be doing more about the opioid drug addiction issue, should be doing less, or is it currently doing the right amount?

Answer choices:
1. Should be doing more 2. Should be doing less 3. Is doing the right amount

When answering, respond ONLY with a single number that corresponds to the option you choose. Do not include any additional text, punctuation or explanation.

My answer is
",1
fake_5388,1,2,1,2,78,2,2,"Today is November 5, 2024. Racially, I am white. Ideologically, I am liberal. Politically, I am a strong democrat. I do not attend church. I am 78 years old. I am a woman. I am somewhat interested in politics.. Question: Do you think the federal government should be doing more about the opioid drug addiction issue, should be doing less, or is it currently doing the right amount?

Answer choices:
1. Should be doing more 2. Should be doing less 3. Is doing the right amount

When answering, respond ONLY with a single number that corresponds to the option you choose. Do not include any additional text, punctuation or explanation.

My answer is
",1
fake_5389,1,6,3,1,51,2,1,"Today is November 5, 2024. Racially, I am white. Ideologically, I am conservative. Politically, I am an independent who leans Democratic. I attend church. I am 51 years old. I am a woman. I am very interested in politics.. Question: Do you think the federal government should be doing more about the opioid drug addiction issue, should be doing less, or is it currently doing the right amount?

Answer choices:
1. Should be doing more 2. Should be doing less 3. Is doing the right amount

When answering, respond ONLY with a single number that corresponds to the option you choose. Do not include any additional text, punctuation or explanation.

My answer is
",1
fake_5390,1,7,1,2,50,1,2,"Today is November 5, 2024. Racially, I am white. Ideologically, I am extremely conservative. Politically, I am a strong democrat. I do not attend church. I am 50 years old. I am a man. I am somewhat interested in politics.. Question: Do you think the federal government should be doing more about the opioid drug addiction issue, should be doing less, or is it currently doing the right amount?

Answer choices:
1. Should be doing more 2. Should be doing less 3. Is doing the right amount

When answering, respond ONLY with a single number that corresponds to the option you choose. Do not include any additional text, punctuation or explanation.

My answer is
",1
fake_5391,1,4,7,2,77,2,2,"Today is November 5, 2024. Racially, I am white. Ideologically, I am moderate. Politically, I am a strong Republican. I do not attend church. I am 77 years old. I am a woman. I am somewhat interested in politics.. Question: Do you think the federal government should be doing more about the opioid drug addiction issue, should be doing less, or is it currently doing the right amount?

Answer choices:
1. Should be doing more 2. Should be doing less 3. Is doing the right amount

When answering, respond ONLY with a single number that corresponds to the option you choose. Do not include any additional text, punctuation or explanation.

My answer is
",1
fake_5392,1,4,5,1,41,2,1,"Today is November 5, 2024. Racially, I am white. Ideologically, I am moderate. Politically, I am an independent who leans Republican. I attend church. I am 41 years old. I am a woman. I am very interested in politics.. Question: Do you think the federal government should be doing more about the opioid drug addiction issue, should be doing less, or is it currently doing the right amount?

Answer choices:
1. Should be doing more 2. Should be doing less 3. Is doing the right amount

When answering, respond ONLY with a single number that corresponds to the option you choose. Do not include any additional text, punctuation or explanation.

My answer is
",1
fake_5393,1,3,1,1,29,2,2,"Today is November 5, 2024. Racially, I am white. Ideologically, I am slightly liberal. Politically, I am a strong democrat. I attend church. I am 29 years old. I am a woman. I am somewhat interested in politics.. Question: Do you think the federal government should be doing more about the opioid drug addiction issue, should be doing less, or is it currently doing the right amount?

Answer choices:
1. Should be doing more 2. Should be doing less 3. Is doing the right amount

When answering, respond ONLY with a single number that corresponds to the option you choose. Do not include any additional text, punctuation or explanation.

My answer is
",1
fake_5394,2,6,1,2,65,1,2,"Today is November 5, 2024. Racially, I am black. Ideologically, I am conservative. Politically, I am a strong democrat. I do not attend church. I am 65 years old. I am a man. I am somewhat interested in politics.. Question: Do you think the federal government should be doing more about the opioid drug addiction issue, should be doing less, or is it currently doing the right amount?

Answer choices:
1. Should be doing more 2. Should be doing less 3. Is doing the right amount

When answering, respond ONLY with a single number that corresponds to the option you choose. Do not include any additional text, punctuation or explanation.

My answer is
",1
fake_5395,1,4,3,1,74,2,4,"Today is November 5, 2024. Racially, I am white. Ideologically, I am moderate. Politically, I am an independent who leans Democratic. I attend church. I am 74 years old. I am a woman. I am not at all interested in politics.. Question: Do you think the federal government should be doing more about the opioid drug addiction issue, should be doing less, or is it currently doing the right amount?

Answer choices:
1. Should be doing more 2. Should be doing less 3. Is doing the right amount

When answering, respond ONLY with a single number that corresponds to the option you choose. Do not include any additional text, punctuation or explanation.

My answer is
",1
fake_5396,1,4,7,1,80,1,-6,"Today is November 5, 2024. Racially, I am white. Ideologically, I am moderate. Politically, I am a strong Republican. I attend church. I am 80 years old. I am a man.. Question: Do you think the federal government should be doing more about the opioid drug addiction issue, should be doing less, or is it currently doing the right amount?

Answer choices:
1. Should be doing more 2. Should be doing less 3. Is doing the right amount

When answering, respond ONLY with a single number that corresponds to the option you choose. Do not include any additional text, punctuation or explanation.

My answer is
",1
fake_5397,3,99,1,-1,41,2,-6,"Today is November 5, 2024. Racially, I am hispanic. Politically, I am a strong democrat. I am 41 years old. I am a woman.. Question: Do you think the federal government should be doing more about the opioid drug addiction issue, should be doing less, or is it currently doing the right amount?

Answer choices:
1. Should be doing more 2. Should be doing less 3. Is doing the right amount

When answering, respond ONLY with a single number that corresponds to the option you choose. Do not include any additional text, punctuation or explanation.

My answer is
",1
fake_5398,1,4,1,2,66,2,2,"Today is November 5, 2024. Racially, I am white. Ideologically, I am moderate. Politically, I am a strong democrat. I do not attend church. I am 66 years old. I am a woman. I am somewhat interested in politics.. Question: Do you think the federal government should be doing more about the opioid drug addiction issue, should be doing less, or is it currently doing the right amount?

Answer choices:
1. Should be doing more 2. Should be doing less 3. Is doing the right amount

When answering, respond ONLY with a single number that corresponds to the option you choose. Do not include any additional text, punctuation or explanation.

My answer is
",1
fake_5399,1,5,4,1,71,1,2,"Today is November 5, 2024. Racially, I am white. Ideologically, I am slightly conservative. Politically, I am an independent. I attend church. I am 71 years old. I am a man. I am somewhat interested in politics.. Question: Do you think the federal government should be doing more about the opioid drug addiction issue, should be doing less, or is it currently doing the right amount?

Answer choices:
1. Should be doing more 2. Should be doing less 3. Is doing the right amount

When answering, respond ONLY with a single number that corresponds to the option you choose. Do not include any additional text, punctuation or explanation.

My answer is
",1
fake_5400,1,3,7,1,73,1,-6,"Today is November 5, 2024. Racially, I am white. Ideologically, I am slightly liberal. Politically, I am a strong Republican. I attend church. I am 73 years old. I am a man.. Question: Do you think the federal government should be doing more about the opioid drug addiction issue, should be doing less, or is it currently doing the right amount?

Answer choices:
1. Should be doing more 2. Should be doing less 3. Is doing the right amount

When answering, respond ONLY with a single number that corresponds to the option you choose. Do not include any additional text, punctuation or explanation.

My answer is
",1
fake_5401,2,5,7,1,80,2,2,"Today is November 5, 2024. Racially, I am black. Ideologically, I am slightly conservative. Politically, I am a strong Republican. I attend church. I am 80 years old. I am a woman. I am somewhat interested in politics.. Question: Do you think the federal government should be doing more about the opioid drug addiction issue, should be doing less, or is it currently doing the right amount?

Answer choices:
1. Should be doing more 2. Should be doing less 3. Is doing the right amount

When answering, respond ONLY with a single number that corresponds to the option you choose. Do not include any additional text, punctuation or explanation.

My answer is
",1
fake_5402,2,6,1,2,72,2,2,"Today is November 5, 2024. Racially, I am black. Ideologically, I am conservative. Politically, I am a strong democrat. I do not attend church. I am 72 years old. I am a woman. I am somewhat interested in politics.. Question: Do you think the federal government should be doing more about the opioid drug addiction issue, should be doing less, or is it currently doing the right amount?

Answer choices:
1. Should be doing more 2. Should be doing less 3. Is doing the right amount

When answering, respond ONLY with a single number that corresponds to the option you choose. Do not include any additional text, punctuation or explanation.

My answer is
",1
fake_5403,1,6,2,2,22,1,2,"Today is November 5, 2024. Racially, I am white. Ideologically, I am conservative. Politically, I am a weak Democrat. I do not attend church. I am 22 years old. I am a man. I am somewhat interested in politics.. Question: Do you think the federal government should be doing more about the opioid drug addiction issue, should be doing less, or is it currently doing the right amount?

Answer choices:
1. Should be doing more 2. Should be doing less 3. Is doing the right amount

When answering, respond ONLY with a single number that corresponds to the option you choose. Do not include any additional text, punctuation or explanation.

My answer is
",1
fake_5404,1,6,3,2,51,2,1,"Today is November 5, 2024. Racially, I am white. Ideologically, I am conservative. Politically, I am an independent who leans Democratic. I do not attend church. I am 51 years old. I am a woman. I am very interested in politics.. Question: Do you think the federal government should be doing more about the opioid drug addiction issue, should be doing less, or is it currently doing the right amount?

Answer choices:
1. Should be doing more 2. Should be doing less 3. Is doing the right amount

When answering, respond ONLY with a single number that corresponds to the option you choose. Do not include any additional text, punctuation or explanation.

My answer is
",1
fake_5405,1,7,1,2,-2,2,3,"Today is November 5, 2024. Racially, I am white. Ideologically, I am extremely conservative. Politically, I am a strong democrat. I do not attend church. I am a woman. I am not very interested in politics.. Question: Do you think the federal government should be doing more about the opioid drug addiction issue, should be doing less, or is it currently doing the right amount?

Answer choices:
1. Should be doing more 2. Should be doing less 3. Is doing the right amount

When answering, respond ONLY with a single number that corresponds to the option you choose. Do not include any additional text, punctuation or explanation.

My answer is
",1
fake_5406,1,2,7,2,79,1,2,"Today is November 5, 2024. Racially, I am white. Ideologically, I am liberal. Politically, I am a strong Republican. I do not attend church. I am 79 years old. I am a man. I am somewhat interested in politics.. Question: Do you think the federal government should be doing more about the opioid drug addiction issue, should be doing less, or is it currently doing the right amount?

Answer choices:
1. Should be doing more 2. Should be doing less 3. Is doing the right amount

When answering, respond ONLY with a single number that corresponds to the option you choose. Do not include any additional text, punctuation or explanation.

My answer is
",1
fake_5407,1,6,1,1,74,1,-6,"Today is November 5, 2024. Racially, I am white. Ideologically, I am conservative. Politically, I am a strong democrat. I attend church. I am 74 years old. I am a man.. Question: Do you think the federal government should be doing more about the opioid drug addiction issue, should be doing less, or is it currently doing the right amount?

Answer choices:
1. Should be doing more 2. Should be doing less 3. Is doing the right amount

When answering, respond ONLY with a single number that corresponds to the option you choose. Do not include any additional text, punctuation or explanation.

My answer is
",1
fake_5408,-9,5,6,2,58,1,2,"Today is November 5, 2024. Ideologically, I am slightly conservative. Politically, I am a weak Republican. I do not attend church. I am 58 years old. I am a man. I am somewhat interested in politics.. Question: Do you think the federal government should be doing more about the opioid drug addiction issue, should be doing less, or is it currently doing the right amount?

Answer choices:
1. Should be doing more 2. Should be doing less 3. Is doing the right amount

When answering, respond ONLY with a single number that corresponds to the option you choose. Do not include any additional text, punctuation or explanation.

My answer is
",1
fake_5409,1,2,1,1,34,1,1,"Today is November 5, 2024. Racially, I am white. Ideologically, I am liberal. Politically, I am a strong democrat. I attend church. I am 34 years old. I am a man. I am very interested in politics.. Question: Do you think the federal government should be doing more about the opioid drug addiction issue, should be doing less, or is it currently doing the right amount?

Answer choices:
1. Should be doing more 2. Should be doing less 3. Is doing the right amount

When answering, respond ONLY with a single number that corresponds to the option you choose. Do not include any additional text, punctuation or explanation.

My answer is
",1
fake_5410,3,4,2,2,80,1,1,"Today is November 5, 2024. Racially, I am hispanic. Ideologically, I am moderate. Politically, I am a weak Democrat. I do not attend church. I am 80 years old. I am a man. I am very interested in politics.. Question: Do you think the federal government should be doing more about the opioid drug addiction issue, should be doing less, or is it currently doing the right amount?

Answer choices:
1. Should be doing more 2. Should be doing less 3. Is doing the right amount

When answering, respond ONLY with a single number that corresponds to the option you choose. Do not include any additional text, punctuation or explanation.

My answer is
",1
fake_5411,1,6,7,2,36,2,1,"Today is November 5, 2024. Racially, I am white. Ideologically, I am conservative. Politically, I am a strong Republican. I do not attend church. I am 36 years old. I am a woman. I am very interested in politics.. Question: Do you think the federal government should be doing more about the opioid drug addiction issue, should be doing less, or is it currently doing the right amount?

Answer choices:
1. Should be doing more 2. Should be doing less 3. Is doing the right amount

When answering, respond ONLY with a single number that corresponds to the option you choose. Do not include any additional text, punctuation or explanation.

My answer is
",1
fake_5412,1,4,2,-1,63,2,1,"Today is November 5, 2024. Racially, I am white. Ideologically, I am moderate. Politically, I am a weak Democrat. I am 63 years old. I am a woman. I am very interested in politics.. Question: Do you think the federal government should be doing more about the opioid drug addiction issue, should be doing less, or is it currently doing the right amount?

Answer choices:
1. Should be doing more 2. Should be doing less 3. Is doing the right amount

When answering, respond ONLY with a single number that corresponds to the option you choose. Do not include any additional text, punctuation or explanation.

My answer is
",1
fake_5413,1,1,3,1,67,1,2,"Today is November 5, 2024. Racially, I am white. Ideologically, I am extremely liberal. Politically, I am an independent who leans Democratic. I attend church. I am 67 years old. I am a man. I am somewhat interested in politics.. Question: Do you think the federal government should be doing more about the opioid drug addiction issue, should be doing less, or is it currently doing the right amount?

Answer choices:
1. Should be doing more 2. Should be doing less 3. Is doing the right amount

When answering, respond ONLY with a single number that corresponds to the option you choose. Do not include any additional text, punctuation or explanation.

My answer is
",1
fake_5414,2,4,1,2,80,1,2,"Today is November 5, 2024. Racially, I am black. Ideologically, I am moderate. Politically, I am a strong democrat. I do not attend church. I am 80 years old. I am a man. I am somewhat interested in politics.. Question: Do you think the federal government should be doing more about the opioid drug addiction issue, should be doing less, or is it currently doing the right amount?

Answer choices:
1. Should be doing more 2. Should be doing less 3. Is doing the right amount

When answering, respond ONLY with a single number that corresponds to the option you choose. Do not include any additional text, punctuation or explanation.

My answer is
",1
fake_5415,1,5,7,-1,39,2,1,"Today is November 5, 2024. Racially, I am white. Ideologically, I am slightly conservative. Politically, I am a strong Republican. I am 39 years old. I am a woman. I am very interested in politics.. Question: Do you think the federal government should be doing more about the opioid drug addiction issue, should be doing less, or is it currently doing the right amount?

Answer choices:
1. Should be doing more 2. Should be doing less 3. Is doing the right amount

When answering, respond ONLY with a single number that corresponds to the option you choose. Do not include any additional text, punctuation or explanation.

My answer is
",1
fake_5416,1,6,5,1,47,1,-6,"Today is November 5, 2024. Racially, I am white. Ideologically, I am conservative. Politically, I am an independent who leans Republican. I attend church. I am 47 years old. I am a man.. Question: Do you think the federal government should be doing more about the opioid drug addiction issue, should be doing less, or is it currently doing the right amount?

Answer choices:
1. Should be doing more 2. Should be doing less 3. Is doing the right amount

When answering, respond ONLY with a single number that corresponds to the option you choose. Do not include any additional text, punctuation or explanation.

My answer is
",1
fake_5417,1,7,3,1,75,1,3,"Today is November 5, 2024. Racially, I am white. Ideologically, I am extremely conservative. Politically, I am an independent who leans Democratic. I attend church. I am 75 years old. I am a man. I am not very interested in politics.. Question: Do you think the federal government should be doing more about the opioid drug addiction issue, should be doing less, or is it currently doing the right amount?

Answer choices:
1. Should be doing more 2. Should be doing less 3. Is doing the right amount

When answering, respond ONLY with a single number that corresponds to the option you choose. Do not include any additional text, punctuation or explanation.

My answer is
",1
fake_5418,1,99,3,2,25,2,4,"Today is November 5, 2024. Racially, I am white. Politically, I am an independent who leans Democratic. I do not attend church. I am 25 years old. I am a woman. I am not at all interested in politics.. Question: Do you think the federal government should be doing more about the opioid drug addiction issue, should be doing less, or is it currently doing the right amount?

Answer choices:
1. Should be doing more 2. Should be doing less 3. Is doing the right amount

When answering, respond ONLY with a single number that corresponds to the option you choose. Do not include any additional text, punctuation or explanation.

My answer is
",1
fake_5419,1,6,5,2,64,1,2,"Today is November 5, 2024. Racially, I am white. Ideologically, I am conservative. Politically, I am an independent who leans Republican. I do not attend church. I am 64 years old. I am a man. I am somewhat interested in politics.. Question: Do you think the federal government should be doing more about the opioid drug addiction issue, should be doing less, or is it currently doing the right amount?

Answer choices:
1. Should be doing more 2. Should be doing less 3. Is doing the right amount

When answering, respond ONLY with a single number that corresponds to the option you choose. Do not include any additional text, punctuation or explanation.

My answer is
",1
fake_5420,1,4,5,2,32,1,2,"Today is November 5, 2024. Racially, I am white. Ideologically, I am moderate. Politically, I am an independent who leans Republican. I do not attend church. I am 32 years old. I am a man. I am somewhat interested in politics.. Question: Do you think the federal government should be doing more about the opioid drug addiction issue, should be doing less, or is it currently doing the right amount?

Answer choices:
1. Should be doing more 2. Should be doing less 3. Is doing the right amount

When answering, respond ONLY with a single number that corresponds to the option you choose. Do not include any additional text, punctuation or explanation.

My answer is
",1
fake_5421,1,4,5,2,18,2,1,"Today is November 5, 2024. Racially, I am white. Ideologically, I am moderate. Politically, I am an independent who leans Republican. I do not attend church. I am 18 years old. I am a woman. I am very interested in politics.. Question: Do you think the federal government should be doing more about the opioid drug addiction issue, should be doing less, or is it currently doing the right amount?

Answer choices:
1. Should be doing more 2. Should be doing less 3. Is doing the right amount

When answering, respond ONLY with a single number that corresponds to the option you choose. Do not include any additional text, punctuation or explanation.

My answer is
",1
fake_5422,1,6,1,2,37,1,2,"Today is November 5, 2024. Racially, I am white. Ideologically, I am conservative. Politically, I am a strong democrat. I do not attend church. I am 37 years old. I am a man. I am somewhat interested in politics.. Question: Do you think the federal government should be doing more about the opioid drug addiction issue, should be doing less, or is it currently doing the right amount?

Answer choices:
1. Should be doing more 2. Should be doing less 3. Is doing the right amount

When answering, respond ONLY with a single number that corresponds to the option you choose. Do not include any additional text, punctuation or explanation.

My answer is
",1
fake_5423,1,99,7,1,66,1,2,"Today is November 5, 2024. Racially, I am white. Politically, I am a strong Republican. I attend church. I am 66 years old. I am a man. I am somewhat interested in politics.. Question: Do you think the federal government should be doing more about the opioid drug addiction issue, should be doing less, or is it currently doing the right amount?

Answer choices:
1. Should be doing more 2. Should be doing less 3. Is doing the right amount

When answering, respond ONLY with a single number that corresponds to the option you choose. Do not include any additional text, punctuation or explanation.

My answer is
",1
fake_5424,1,6,7,2,28,2,2,"Today is November 5, 2024. Racially, I am white. Ideologically, I am conservative. Politically, I am a strong Republican. I do not attend church. I am 28 years old. I am a woman. I am somewhat interested in politics.. Question: Do you think the federal government should be doing more about the opioid drug addiction issue, should be doing less, or is it currently doing the right amount?

Answer choices:
1. Should be doing more 2. Should be doing less 3. Is doing the right amount

When answering, respond ONLY with a single number that corresponds to the option you choose. Do not include any additional text, punctuation or explanation.

My answer is
",1
fake_5425,4,2,5,1,77,2,3,"Today is November 5, 2024. Racially, I am asian. Ideologically, I am liberal. Politically, I am an independent who leans Republican. I attend church. I am 77 years old. I am a woman. I am not very interested in politics.. Question: Do you think the federal government should be doing more about the opioid drug addiction issue, should be doing less, or is it currently doing the right amount?

Answer choices:
1. Should be doing more 2. Should be doing less 3. Is doing the right amount

When answering, respond ONLY with a single number that corresponds to the option you choose. Do not include any additional text, punctuation or explanation.

My answer is
",1
fake_5426,1,2,4,1,43,1,2,"Today is November 5, 2024. Racially, I am white. Ideologically, I am liberal. Politically, I am an independent. I attend church. I am 43 years old. I am a man. I am somewhat interested in politics.. Question: Do you think the federal government should be doing more about the opioid drug addiction issue, should be doing less, or is it currently doing the right amount?

Answer choices:
1. Should be doing more 2. Should be doing less 3. Is doing the right amount

When answering, respond ONLY with a single number that corresponds to the option you choose. Do not include any additional text, punctuation or explanation.

My answer is
",1
fake_5427,1,2,7,1,76,1,1,"Today is November 5, 2024. Racially, I am white. Ideologically, I am liberal. Politically, I am a strong Republican. I attend church. I am 76 years old. I am a man. I am very interested in politics.. Question: Do you think the federal government should be doing more about the opioid drug addiction issue, should be doing less, or is it currently doing the right amount?

Answer choices:
1. Should be doing more 2. Should be doing less 3. Is doing the right amount

When answering, respond ONLY with a single number that corresponds to the option you choose. Do not include any additional text, punctuation or explanation.

My answer is
",1
fake_5428,4,4,1,1,64,2,-6,"Today is November 5, 2024. Racially, I am asian. Ideologically, I am moderate. Politically, I am a strong democrat. I attend church. I am 64 years old. I am a woman.. Question: Do you think the federal government should be doing more about the opioid drug addiction issue, should be doing less, or is it currently doing the right amount?

Answer choices:
1. Should be doing more 2. Should be doing less 3. Is doing the right amount

When answering, respond ONLY with a single number that corresponds to the option you choose. Do not include any additional text, punctuation or explanation.

My answer is
",1
fake_5429,1,3,1,2,61,1,1,"Today is November 5, 2024. Racially, I am white. Ideologically, I am slightly liberal. Politically, I am a strong democrat. I do not attend church. I am 61 years old. I am a man. I am very interested in politics.. Question: Do you think the federal government should be doing more about the opioid drug addiction issue, should be doing less, or is it currently doing the right amount?

Answer choices:
1. Should be doing more 2. Should be doing less 3. Is doing the right amount

When answering, respond ONLY with a single number that corresponds to the option you choose. Do not include any additional text, punctuation or explanation.

My answer is
",1
fake_5430,1,99,6,1,41,2,1,"Today is November 5, 2024. Racially, I am white. Politically, I am a weak Republican. I attend church. I am 41 years old. I am a woman. I am very interested in politics.. Question: Do you think the federal government should be doing more about the opioid drug addiction issue, should be doing less, or is it currently doing the right amount?

Answer choices:
1. Should be doing more 2. Should be doing less 3. Is doing the right amount

When answering, respond ONLY with a single number that corresponds to the option you choose. Do not include any additional text, punctuation or explanation.

My answer is
",1
fake_5431,1,4,7,2,38,1,1,"Today is November 5, 2024. Racially, I am white. Ideologically, I am moderate. Politically, I am a strong Republican. I do not attend church. I am 38 years old. I am a man. I am very interested in politics.. Question: Do you think the federal government should be doing more about the opioid drug addiction issue, should be doing less, or is it currently doing the right amount?

Answer choices:
1. Should be doing more 2. Should be doing less 3. Is doing the right amount

When answering, respond ONLY with a single number that corresponds to the option you choose. Do not include any additional text, punctuation or explanation.

My answer is
",1
fake_5432,3,5,7,1,28,1,2,"Today is November 5, 2024. Racially, I am hispanic. Ideologically, I am slightly conservative. Politically, I am a strong Republican. I attend church. I am 28 years old. I am a man. I am somewhat interested in politics.. Question: Do you think the federal government should be doing more about the opioid drug addiction issue, should be doing less, or is it currently doing the right amount?

Answer choices:
1. Should be doing more 2. Should be doing less 3. Is doing the right amount

When answering, respond ONLY with a single number that corresponds to the option you choose. Do not include any additional text, punctuation or explanation.

My answer is
",1
fake_5433,3,6,7,2,18,1,2,"Today is November 5, 2024. Racially, I am hispanic. Ideologically, I am conservative. Politically, I am a strong Republican. I do not attend church. I am 18 years old. I am a man. I am somewhat interested in politics.. Question: Do you think the federal government should be doing more about the opioid drug addiction issue, should be doing less, or is it currently doing the right amount?

Answer choices:
1. Should be doing more 2. Should be doing less 3. Is doing the right amount

When answering, respond ONLY with a single number that corresponds to the option you choose. Do not include any additional text, punctuation or explanation.

My answer is
",1
fake_5434,1,2,7,1,70,2,1,"Today is November 5, 2024. Racially, I am white. Ideologically, I am liberal. Politically, I am a strong Republican. I attend church. I am 70 years old. I am a woman. I am very interested in politics.. Question: Do you think the federal government should be doing more about the opioid drug addiction issue, should be doing less, or is it currently doing the right amount?

Answer choices:
1. Should be doing more 2. Should be doing less 3. Is doing the right amount

When answering, respond ONLY with a single number that corresponds to the option you choose. Do not include any additional text, punctuation or explanation.

My answer is
",1
fake_5435,1,2,6,1,76,1,4,"Today is November 5, 2024. Racially, I am white. Ideologically, I am liberal. Politically, I am a weak Republican. I attend church. I am 76 years old. I am a man. I am not at all interested in politics.. Question: Do you think the federal government should be doing more about the opioid drug addiction issue, should be doing less, or is it currently doing the right amount?

Answer choices:
1. Should be doing more 2. Should be doing less 3. Is doing the right amount

When answering, respond ONLY with a single number that corresponds to the option you choose. Do not include any additional text, punctuation or explanation.

My answer is
",1
fake_5436,1,7,2,2,21,2,3,"Today is November 5, 2024. Racially, I am white. Ideologically, I am extremely conservative. Politically, I am a weak Democrat. I do not attend church. I am 21 years old. I am a woman. I am not very interested in politics.. Question: Do you think the federal government should be doing more about the opioid drug addiction issue, should be doing less, or is it currently doing the right amount?

Answer choices:
1. Should be doing more 2. Should be doing less 3. Is doing the right amount

When answering, respond ONLY with a single number that corresponds to the option you choose. Do not include any additional text, punctuation or explanation.

My answer is
",1
fake_5437,1,99,2,2,70,1,4,"Today is November 5, 2024. Racially, I am white. Politically, I am a weak Democrat. I do not attend church. I am 70 years old. I am a man. I am not at all interested in politics.. Question: Do you think the federal government should be doing more about the opioid drug addiction issue, should be doing less, or is it currently doing the right amount?

Answer choices:
1. Should be doing more 2. Should be doing less 3. Is doing the right amount

When answering, respond ONLY with a single number that corresponds to the option you choose. Do not include any additional text, punctuation or explanation.

My answer is
",1
fake_5438,1,99,4,1,19,1,3,"Today is November 5, 2024. Racially, I am white. Politically, I am an independent. I attend church. I am 19 years old. I am a man. I am not very interested in politics.. Question: Do you think the federal government should be doing more about the opioid drug addiction issue, should be doing less, or is it currently doing the right amount?

Answer choices:
1. Should be doing more 2. Should be doing less 3. Is doing the right amount

When answering, respond ONLY with a single number that corresponds to the option you choose. Do not include any additional text, punctuation or explanation.

My answer is
",1
fake_5439,1,99,6,1,44,1,1,"Today is November 5, 2024. Racially, I am white. Politically, I am a weak Republican. I attend church. I am 44 years old. I am a man. I am very interested in politics.. Question: Do you think the federal government should be doing more about the opioid drug addiction issue, should be doing less, or is it currently doing the right amount?

Answer choices:
1. Should be doing more 2. Should be doing less 3. Is doing the right amount

When answering, respond ONLY with a single number that corresponds to the option you choose. Do not include any additional text, punctuation or explanation.

My answer is
",1
fake_5440,1,7,3,1,30,1,1,"Today is November 5, 2024. Racially, I am white. Ideologically, I am extremely conservative. Politically, I am an independent who leans Democratic. I attend church. I am 30 years old. I am a man. I am very interested in politics.. Question: Do you think the federal government should be doing more about the opioid drug addiction issue, should be doing less, or is it currently doing the right amount?

Answer choices:
1. Should be doing more 2. Should be doing less 3. Is doing the right amount

When answering, respond ONLY with a single number that corresponds to the option you choose. Do not include any additional text, punctuation or explanation.

My answer is
",1
fake_5441,2,3,6,1,72,2,1,"Today is November 5, 2024. Racially, I am black. Ideologically, I am slightly liberal. Politically, I am a weak Republican. I attend church. I am 72 years old. I am a woman. I am very interested in politics.. Question: Do you think the federal government should be doing more about the opioid drug addiction issue, should be doing less, or is it currently doing the right amount?

Answer choices:
1. Should be doing more 2. Should be doing less 3. Is doing the right amount

When answering, respond ONLY with a single number that corresponds to the option you choose. Do not include any additional text, punctuation or explanation.

My answer is
",1
fake_5442,2,6,7,2,70,1,2,"Today is November 5, 2024. Racially, I am black. Ideologically, I am conservative. Politically, I am a strong Republican. I do not attend church. I am 70 years old. I am a man. I am somewhat interested in politics.. Question: Do you think the federal government should be doing more about the opioid drug addiction issue, should be doing less, or is it currently doing the right amount?

Answer choices:
1. Should be doing more 2. Should be doing less 3. Is doing the right amount

When answering, respond ONLY with a single number that corresponds to the option you choose. Do not include any additional text, punctuation or explanation.

My answer is
",1
fake_5443,1,99,4,1,40,1,2,"Today is November 5, 2024. Racially, I am white. Politically, I am an independent. I attend church. I am 40 years old. I am a man. I am somewhat interested in politics.. Question: Do you think the federal government should be doing more about the opioid drug addiction issue, should be doing less, or is it currently doing the right amount?

Answer choices:
1. Should be doing more 2. Should be doing less 3. Is doing the right amount

When answering, respond ONLY with a single number that corresponds to the option you choose. Do not include any additional text, punctuation or explanation.

My answer is
",1
fake_5444,1,5,2,2,57,1,1,"Today is November 5, 2024. Racially, I am white. Ideologically, I am slightly conservative. Politically, I am a weak Democrat. I do not attend church. I am 57 years old. I am a man. I am very interested in politics.. Question: Do you think the federal government should be doing more about the opioid drug addiction issue, should be doing less, or is it currently doing the right amount?

Answer choices:
1. Should be doing more 2. Should be doing less 3. Is doing the right amount

When answering, respond ONLY with a single number that corresponds to the option you choose. Do not include any additional text, punctuation or explanation.

My answer is
",1
fake_5445,1,6,5,1,49,1,-6,"Today is November 5, 2024. Racially, I am white. Ideologically, I am conservative. Politically, I am an independent who leans Republican. I attend church. I am 49 years old. I am a man.. Question: Do you think the federal government should be doing more about the opioid drug addiction issue, should be doing less, or is it currently doing the right amount?

Answer choices:
1. Should be doing more 2. Should be doing less 3. Is doing the right amount

When answering, respond ONLY with a single number that corresponds to the option you choose. Do not include any additional text, punctuation or explanation.

My answer is
",1
fake_5446,1,2,7,1,78,2,2,"Today is November 5, 2024. Racially, I am white. Ideologically, I am liberal. Politically, I am a strong Republican. I attend church. I am 78 years old. I am a woman. I am somewhat interested in politics.. Question: Do you think the federal government should be doing more about the opioid drug addiction issue, should be doing less, or is it currently doing the right amount?

Answer choices:
1. Should be doing more 2. Should be doing less 3. Is doing the right amount

When answering, respond ONLY with a single number that corresponds to the option you choose. Do not include any additional text, punctuation or explanation.

My answer is
",1
fake_5447,1,1,6,1,65,2,3,"Today is November 5, 2024. Racially, I am white. Ideologically, I am extremely liberal. Politically, I am a weak Republican. I attend church. I am 65 years old. I am a woman. I am not very interested in politics.. Question: Do you think the federal government should be doing more about the opioid drug addiction issue, should be doing less, or is it currently doing the right amount?

Answer choices:
1. Should be doing more 2. Should be doing less 3. Is doing the right amount

When answering, respond ONLY with a single number that corresponds to the option you choose. Do not include any additional text, punctuation or explanation.

My answer is
",1
fake_5448,1,3,4,2,80,1,2,"Today is November 5, 2024. Racially, I am white. Ideologically, I am slightly liberal. Politically, I am an independent. I do not attend church. I am 80 years old. I am a man. I am somewhat interested in politics.. Question: Do you think the federal government should be doing more about the opioid drug addiction issue, should be doing less, or is it currently doing the right amount?

Answer choices:
1. Should be doing more 2. Should be doing less 3. Is doing the right amount

When answering, respond ONLY with a single number that corresponds to the option you choose. Do not include any additional text, punctuation or explanation.

My answer is
",1
fake_5449,1,6,6,2,41,1,2,"Today is November 5, 2024. Racially, I am white. Ideologically, I am conservative. Politically, I am a weak Republican. I do not attend church. I am 41 years old. I am a man. I am somewhat interested in politics.. Question: Do you think the federal government should be doing more about the opioid drug addiction issue, should be doing less, or is it currently doing the right amount?

Answer choices:
1. Should be doing more 2. Should be doing less 3. Is doing the right amount

When answering, respond ONLY with a single number that corresponds to the option you choose. Do not include any additional text, punctuation or explanation.

My answer is
",1
fake_5450,3,6,5,2,69,1,2,"Today is November 5, 2024. Racially, I am hispanic. Ideologically, I am conservative. Politically, I am an independent who leans Republican. I do not attend church. I am 69 years old. I am a man. I am somewhat interested in politics.. Question: Do you think the federal government should be doing more about the opioid drug addiction issue, should be doing less, or is it currently doing the right amount?

Answer choices:
1. Should be doing more 2. Should be doing less 3. Is doing the right amount

When answering, respond ONLY with a single number that corresponds to the option you choose. Do not include any additional text, punctuation or explanation.

My answer is
",1
fake_5451,1,99,3,2,52,2,2,"Today is November 5, 2024. Racially, I am white. Politically, I am an independent who leans Democratic. I do not attend church. I am 52 years old. I am a woman. I am somewhat interested in politics.. Question: Do you think the federal government should be doing more about the opioid drug addiction issue, should be doing less, or is it currently doing the right amount?

Answer choices:
1. Should be doing more 2. Should be doing less 3. Is doing the right amount

When answering, respond ONLY with a single number that corresponds to the option you choose. Do not include any additional text, punctuation or explanation.

My answer is
",1
fake_5452,1,6,5,2,76,1,-6,"Today is November 5, 2024. Racially, I am white. Ideologically, I am conservative. Politically, I am an independent who leans Republican. I do not attend church. I am 76 years old. I am a man.. Question: Do you think the federal government should be doing more about the opioid drug addiction issue, should be doing less, or is it currently doing the right amount?

Answer choices:
1. Should be doing more 2. Should be doing less 3. Is doing the right amount

When answering, respond ONLY with a single number that corresponds to the option you choose. Do not include any additional text, punctuation or explanation.

My answer is
",1
fake_5453,3,6,6,2,62,1,3,"Today is November 5, 2024. Racially, I am hispanic. Ideologically, I am conservative. Politically, I am a weak Republican. I do not attend church. I am 62 years old. I am a man. I am not very interested in politics.. Question: Do you think the federal government should be doing more about the opioid drug addiction issue, should be doing less, or is it currently doing the right amount?

Answer choices:
1. Should be doing more 2. Should be doing less 3. Is doing the right amount

When answering, respond ONLY with a single number that corresponds to the option you choose. Do not include any additional text, punctuation or explanation.

My answer is
",1
fake_5454,1,99,1,2,64,2,2,"Today is November 5, 2024. Racially, I am white. Politically, I am a strong democrat. I do not attend church. I am 64 years old. I am a woman. I am somewhat interested in politics.. Question: Do you think the federal government should be doing more about the opioid drug addiction issue, should be doing less, or is it currently doing the right amount?

Answer choices:
1. Should be doing more 2. Should be doing less 3. Is doing the right amount

When answering, respond ONLY with a single number that corresponds to the option you choose. Do not include any additional text, punctuation or explanation.

My answer is
",1
fake_5455,2,6,2,1,41,1,3,"Today is November 5, 2024. Racially, I am black. Ideologically, I am conservative. Politically, I am a weak Democrat. I attend church. I am 41 years old. I am a man. I am not very interested in politics.. Question: Do you think the federal government should be doing more about the opioid drug addiction issue, should be doing less, or is it currently doing the right amount?

Answer choices:
1. Should be doing more 2. Should be doing less 3. Is doing the right amount

When answering, respond ONLY with a single number that corresponds to the option you choose. Do not include any additional text, punctuation or explanation.

My answer is
",1
fake_5456,1,2,4,2,49,2,2,"Today is November 5, 2024. Racially, I am white. Ideologically, I am liberal. Politically, I am an independent. I do not attend church. I am 49 years old. I am a woman. I am somewhat interested in politics.. Question: Do you think the federal government should be doing more about the opioid drug addiction issue, should be doing less, or is it currently doing the right amount?

Answer choices:
1. Should be doing more 2. Should be doing less 3. Is doing the right amount

When answering, respond ONLY with a single number that corresponds to the option you choose. Do not include any additional text, punctuation or explanation.

My answer is
",1
fake_5457,1,6,2,1,71,2,2,"Today is November 5, 2024. Racially, I am white. Ideologically, I am conservative. Politically, I am a weak Democrat. I attend church. I am 71 years old. I am a woman. I am somewhat interested in politics.. Question: Do you think the federal government should be doing more about the opioid drug addiction issue, should be doing less, or is it currently doing the right amount?

Answer choices:
1. Should be doing more 2. Should be doing less 3. Is doing the right amount

When answering, respond ONLY with a single number that corresponds to the option you choose. Do not include any additional text, punctuation or explanation.

My answer is
",1
fake_5458,3,5,2,1,59,1,-6,"Today is November 5, 2024. Racially, I am hispanic. Ideologically, I am slightly conservative. Politically, I am a weak Democrat. I attend church. I am 59 years old. I am a man.. Question: Do you think the federal government should be doing more about the opioid drug addiction issue, should be doing less, or is it currently doing the right amount?

Answer choices:
1. Should be doing more 2. Should be doing less 3. Is doing the right amount

When answering, respond ONLY with a single number that corresponds to the option you choose. Do not include any additional text, punctuation or explanation.

My answer is
",1
fake_5459,1,5,7,-1,34,1,3,"Today is November 5, 2024. Racially, I am white. Ideologically, I am slightly conservative. Politically, I am a strong Republican. I am 34 years old. I am a man. I am not very interested in politics.. Question: Do you think the federal government should be doing more about the opioid drug addiction issue, should be doing less, or is it currently doing the right amount?

Answer choices:
1. Should be doing more 2. Should be doing less 3. Is doing the right amount

When answering, respond ONLY with a single number that corresponds to the option you choose. Do not include any additional text, punctuation or explanation.

My answer is
",1
fake_5460,1,2,1,1,39,1,3,"Today is November 5, 2024. Racially, I am white. Ideologically, I am liberal. Politically, I am a strong democrat. I attend church. I am 39 years old. I am a man. I am not very interested in politics.. Question: Do you think the federal government should be doing more about the opioid drug addiction issue, should be doing less, or is it currently doing the right amount?

Answer choices:
1. Should be doing more 2. Should be doing less 3. Is doing the right amount

When answering, respond ONLY with a single number that corresponds to the option you choose. Do not include any additional text, punctuation or explanation.

My answer is
",1
fake_5461,1,5,4,1,63,2,-9,"Today is November 5, 2024. Racially, I am white. Ideologically, I am slightly conservative. Politically, I am an independent. I attend church. I am 63 years old. I am a woman.. Question: Do you think the federal government should be doing more about the opioid drug addiction issue, should be doing less, or is it currently doing the right amount?

Answer choices:
1. Should be doing more 2. Should be doing less 3. Is doing the right amount

When answering, respond ONLY with a single number that corresponds to the option you choose. Do not include any additional text, punctuation or explanation.

My answer is
",1
fake_5462,1,1,1,1,55,1,2,"Today is November 5, 2024. Racially, I am white. Ideologically, I am extremely liberal. Politically, I am a strong democrat. I attend church. I am 55 years old. I am a man. I am somewhat interested in politics.. Question: Do you think the federal government should be doing more about the opioid drug addiction issue, should be doing less, or is it currently doing the right amount?

Answer choices:
1. Should be doing more 2. Should be doing less 3. Is doing the right amount

When answering, respond ONLY with a single number that corresponds to the option you choose. Do not include any additional text, punctuation or explanation.

My answer is
",1
fake_5463,6,3,5,1,80,2,2,"Today is November 5, 2024. Ideologically, I am slightly liberal. Politically, I am an independent who leans Republican. I attend church. I am 80 years old. I am a woman. I am somewhat interested in politics.. Question: Do you think the federal government should be doing more about the opioid drug addiction issue, should be doing less, or is it currently doing the right amount?

Answer choices:
1. Should be doing more 2. Should be doing less 3. Is doing the right amount

When answering, respond ONLY with a single number that corresponds to the option you choose. Do not include any additional text, punctuation or explanation.

My answer is
",1
fake_5464,1,6,5,1,52,2,2,"Today is November 5, 2024. Racially, I am white. Ideologically, I am conservative. Politically, I am an independent who leans Republican. I attend church. I am 52 years old. I am a woman. I am somewhat interested in politics.. Question: Do you think the federal government should be doing more about the opioid drug addiction issue, should be doing less, or is it currently doing the right amount?

Answer choices:
1. Should be doing more 2. Should be doing less 3. Is doing the right amount

When answering, respond ONLY with a single number that corresponds to the option you choose. Do not include any additional text, punctuation or explanation.

My answer is
",1
fake_5465,2,2,6,2,36,1,2,"Today is November 5, 2024. Racially, I am black. Ideologically, I am liberal. Politically, I am a weak Republican. I do not attend church. I am 36 years old. I am a man. I am somewhat interested in politics.. Question: Do you think the federal government should be doing more about the opioid drug addiction issue, should be doing less, or is it currently doing the right amount?

Answer choices:
1. Should be doing more 2. Should be doing less 3. Is doing the right amount

When answering, respond ONLY with a single number that corresponds to the option you choose. Do not include any additional text, punctuation or explanation.

My answer is
",1
fake_5466,1,6,6,-1,47,1,-6,"Today is November 5, 2024. Racially, I am white. Ideologically, I am conservative. Politically, I am a weak Republican. I am 47 years old. I am a man.. Question: Do you think the federal government should be doing more about the opioid drug addiction issue, should be doing less, or is it currently doing the right amount?

Answer choices:
1. Should be doing more 2. Should be doing less 3. Is doing the right amount

When answering, respond ONLY with a single number that corresponds to the option you choose. Do not include any additional text, punctuation or explanation.

My answer is
",1
fake_5467,4,4,7,2,28,2,-7,"Today is November 5, 2024. Racially, I am asian. Ideologically, I am moderate. Politically, I am a strong Republican. I do not attend church. I am 28 years old. I am a woman.. Question: Do you think the federal government should be doing more about the opioid drug addiction issue, should be doing less, or is it currently doing the right amount?

Answer choices:
1. Should be doing more 2. Should be doing less 3. Is doing the right amount

When answering, respond ONLY with a single number that corresponds to the option you choose. Do not include any additional text, punctuation or explanation.

My answer is
",1
fake_5468,1,99,5,2,-2,2,2,"Today is November 5, 2024. Racially, I am white. Politically, I am an independent who leans Republican. I do not attend church. I am a woman. I am somewhat interested in politics.. Question: Do you think the federal government should be doing more about the opioid drug addiction issue, should be doing less, or is it currently doing the right amount?

Answer choices:
1. Should be doing more 2. Should be doing less 3. Is doing the right amount

When answering, respond ONLY with a single number that corresponds to the option you choose. Do not include any additional text, punctuation or explanation.

My answer is
",1
fake_5469,1,4,7,1,64,2,2,"Today is November 5, 2024. Racially, I am white. Ideologically, I am moderate. Politically, I am a strong Republican. I attend church. I am 64 years old. I am a woman. I am somewhat interested in politics.. Question: Do you think the federal government should be doing more about the opioid drug addiction issue, should be doing less, or is it currently doing the right amount?

Answer choices:
1. Should be doing more 2. Should be doing less 3. Is doing the right amount

When answering, respond ONLY with a single number that corresponds to the option you choose. Do not include any additional text, punctuation or explanation.

My answer is
",1
fake_5470,1,6,1,2,78,1,-6,"Today is November 5, 2024. Racially, I am white. Ideologically, I am conservative. Politically, I am a strong democrat. I do not attend church. I am 78 years old. I am a man.. Question: Do you think the federal government should be doing more about the opioid drug addiction issue, should be doing less, or is it currently doing the right amount?

Answer choices:
1. Should be doing more 2. Should be doing less 3. Is doing the right amount

When answering, respond ONLY with a single number that corresponds to the option you choose. Do not include any additional text, punctuation or explanation.

My answer is
",1
fake_5471,1,2,1,2,37,2,4,"Today is November 5, 2024. Racially, I am white. Ideologically, I am liberal. Politically, I am a strong democrat. I do not attend church. I am 37 years old. I am a woman. I am not at all interested in politics.. Question: Do you think the federal government should be doing more about the opioid drug addiction issue, should be doing less, or is it currently doing the right amount?

Answer choices:
1. Should be doing more 2. Should be doing less 3. Is doing the right amount

When answering, respond ONLY with a single number that corresponds to the option you choose. Do not include any additional text, punctuation or explanation.

My answer is
",1
fake_5472,1,4,5,1,70,1,1,"Today is November 5, 2024. Racially, I am white. Ideologically, I am moderate. Politically, I am an independent who leans Republican. I attend church. I am 70 years old. I am a man. I am very interested in politics.. Question: Do you think the federal government should be doing more about the opioid drug addiction issue, should be doing less, or is it currently doing the right amount?

Answer choices:
1. Should be doing more 2. Should be doing less 3. Is doing the right amount

When answering, respond ONLY with a single number that corresponds to the option you choose. Do not include any additional text, punctuation or explanation.

My answer is
",1
fake_5473,1,6,3,1,71,2,2,"Today is November 5, 2024. Racially, I am white. Ideologically, I am conservative. Politically, I am an independent who leans Democratic. I attend church. I am 71 years old. I am a woman. I am somewhat interested in politics.. Question: Do you think the federal government should be doing more about the opioid drug addiction issue, should be doing less, or is it currently doing the right amount?

Answer choices:
1. Should be doing more 2. Should be doing less 3. Is doing the right amount

When answering, respond ONLY with a single number that corresponds to the option you choose. Do not include any additional text, punctuation or explanation.

My answer is
",1
fake_5474,1,99,3,1,75,1,1,"Today is November 5, 2024. Racially, I am white. Politically, I am an independent who leans Democratic. I attend church. I am 75 years old. I am a man. I am very interested in politics.. Question: Do you think the federal government should be doing more about the opioid drug addiction issue, should be doing less, or is it currently doing the right amount?

Answer choices:
1. Should be doing more 2. Should be doing less 3. Is doing the right amount

When answering, respond ONLY with a single number that corresponds to the option you choose. Do not include any additional text, punctuation or explanation.

My answer is
",1
fake_5475,1,4,1,1,58,2,1,"Today is November 5, 2024. Racially, I am white. Ideologically, I am moderate. Politically, I am a strong democrat. I attend church. I am 58 years old. I am a woman. I am very interested in politics.. Question: Do you think the federal government should be doing more about the opioid drug addiction issue, should be doing less, or is it currently doing the right amount?

Answer choices:
1. Should be doing more 2. Should be doing less 3. Is doing the right amount

When answering, respond ONLY with a single number that corresponds to the option you choose. Do not include any additional text, punctuation or explanation.

My answer is
",1
fake_5476,1,99,5,2,69,1,3,"Today is November 5, 2024. Racially, I am white. Politically, I am an independent who leans Republican. I do not attend church. I am 69 years old. I am a man. I am not very interested in politics.. Question: Do you think the federal government should be doing more about the opioid drug addiction issue, should be doing less, or is it currently doing the right amount?

Answer choices:
1. Should be doing more 2. Should be doing less 3. Is doing the right amount

When answering, respond ONLY with a single number that corresponds to the option you choose. Do not include any additional text, punctuation or explanation.

My answer is
",1
fake_5477,1,6,7,1,71,1,2,"Today is November 5, 2024. Racially, I am white. Ideologically, I am conservative. Politically, I am a strong Republican. I attend church. I am 71 years old. I am a man. I am somewhat interested in politics.. Question: Do you think the federal government should be doing more about the opioid drug addiction issue, should be doing less, or is it currently doing the right amount?

Answer choices:
1. Should be doing more 2. Should be doing less 3. Is doing the right amount

When answering, respond ONLY with a single number that corresponds to the option you choose. Do not include any additional text, punctuation or explanation.

My answer is
",1
fake_5478,2,6,7,1,39,2,2,"Today is November 5, 2024. Racially, I am black. Ideologically, I am conservative. Politically, I am a strong Republican. I attend church. I am 39 years old. I am a woman. I am somewhat interested in politics.. Question: Do you think the federal government should be doing more about the opioid drug addiction issue, should be doing less, or is it currently doing the right amount?

Answer choices:
1. Should be doing more 2. Should be doing less 3. Is doing the right amount

When answering, respond ONLY with a single number that corresponds to the option you choose. Do not include any additional text, punctuation or explanation.

My answer is
",1
fake_5479,1,4,4,1,69,2,3,"Today is November 5, 2024. Racially, I am white. Ideologically, I am moderate. Politically, I am an independent. I attend church. I am 69 years old. I am a woman. I am not very interested in politics.. Question: Do you think the federal government should be doing more about the opioid drug addiction issue, should be doing less, or is it currently doing the right amount?

Answer choices:
1. Should be doing more 2. Should be doing less 3. Is doing the right amount

When answering, respond ONLY with a single number that corresponds to the option you choose. Do not include any additional text, punctuation or explanation.

My answer is
",1
fake_5480,1,5,7,1,66,2,2,"Today is November 5, 2024. Racially, I am white. Ideologically, I am slightly conservative. Politically, I am a strong Republican. I attend church. I am 66 years old. I am a woman. I am somewhat interested in politics.. Question: Do you think the federal government should be doing more about the opioid drug addiction issue, should be doing less, or is it currently doing the right amount?

Answer choices:
1. Should be doing more 2. Should be doing less 3. Is doing the right amount

When answering, respond ONLY with a single number that corresponds to the option you choose. Do not include any additional text, punctuation or explanation.

My answer is
",1
fake_5481,1,5,3,1,58,1,2,"Today is November 5, 2024. Racially, I am white. Ideologically, I am slightly conservative. Politically, I am an independent who leans Democratic. I attend church. I am 58 years old. I am a man. I am somewhat interested in politics.. Question: Do you think the federal government should be doing more about the opioid drug addiction issue, should be doing less, or is it currently doing the right amount?

Answer choices:
1. Should be doing more 2. Should be doing less 3. Is doing the right amount

When answering, respond ONLY with a single number that corresponds to the option you choose. Do not include any additional text, punctuation or explanation.

My answer is
",1
fake_5482,1,99,3,1,30,2,2,"Today is November 5, 2024. Racially, I am white. Politically, I am an independent who leans Democratic. I attend church. I am 30 years old. I am a woman. I am somewhat interested in politics.. Question: Do you think the federal government should be doing more about the opioid drug addiction issue, should be doing less, or is it currently doing the right amount?

Answer choices:
1. Should be doing more 2. Should be doing less 3. Is doing the right amount

When answering, respond ONLY with a single number that corresponds to the option you choose. Do not include any additional text, punctuation or explanation.

My answer is
",1
fake_5483,1,4,4,1,53,2,2,"Today is November 5, 2024. Racially, I am white. Ideologically, I am moderate. Politically, I am an independent. I attend church. I am 53 years old. I am a woman. I am somewhat interested in politics.. Question: Do you think the federal government should be doing more about the opioid drug addiction issue, should be doing less, or is it currently doing the right amount?

Answer choices:
1. Should be doing more 2. Should be doing less 3. Is doing the right amount

When answering, respond ONLY with a single number that corresponds to the option you choose. Do not include any additional text, punctuation or explanation.

My answer is
",1
fake_5484,1,3,1,1,64,2,2,"Today is November 5, 2024. Racially, I am white. Ideologically, I am slightly liberal. Politically, I am a strong democrat. I attend church. I am 64 years old. I am a woman. I am somewhat interested in politics.. Question: Do you think the federal government should be doing more about the opioid drug addiction issue, should be doing less, or is it currently doing the right amount?

Answer choices:
1. Should be doing more 2. Should be doing less 3. Is doing the right amount

When answering, respond ONLY with a single number that corresponds to the option you choose. Do not include any additional text, punctuation or explanation.

My answer is
",1
fake_5485,1,99,7,1,43,1,2,"Today is November 5, 2024. Racially, I am white. Politically, I am a strong Republican. I attend church. I am 43 years old. I am a man. I am somewhat interested in politics.. Question: Do you think the federal government should be doing more about the opioid drug addiction issue, should be doing less, or is it currently doing the right amount?

Answer choices:
1. Should be doing more 2. Should be doing less 3. Is doing the right amount

When answering, respond ONLY with a single number that corresponds to the option you choose. Do not include any additional text, punctuation or explanation.

My answer is
",1
fake_5486,1,2,6,2,48,1,3,"Today is November 5, 2024. Racially, I am white. Ideologically, I am liberal. Politically, I am a weak Republican. I do not attend church. I am 48 years old. I am a man. I am not very interested in politics.. Question: Do you think the federal government should be doing more about the opioid drug addiction issue, should be doing less, or is it currently doing the right amount?

Answer choices:
1. Should be doing more 2. Should be doing less 3. Is doing the right amount

When answering, respond ONLY with a single number that corresponds to the option you choose. Do not include any additional text, punctuation or explanation.

My answer is
",1
fake_5487,1,3,1,2,75,2,2,"Today is November 5, 2024. Racially, I am white. Ideologically, I am slightly liberal. Politically, I am a strong democrat. I do not attend church. I am 75 years old. I am a woman. I am somewhat interested in politics.. Question: Do you think the federal government should be doing more about the opioid drug addiction issue, should be doing less, or is it currently doing the right amount?

Answer choices:
1. Should be doing more 2. Should be doing less 3. Is doing the right amount

When answering, respond ONLY with a single number that corresponds to the option you choose. Do not include any additional text, punctuation or explanation.

My answer is
",1
fake_5488,6,6,1,1,69,2,1,"Today is November 5, 2024. Ideologically, I am conservative. Politically, I am a strong democrat. I attend church. I am 69 years old. I am a woman. I am very interested in politics.. Question: Do you think the federal government should be doing more about the opioid drug addiction issue, should be doing less, or is it currently doing the right amount?

Answer choices:
1. Should be doing more 2. Should be doing less 3. Is doing the right amount

When answering, respond ONLY with a single number that corresponds to the option you choose. Do not include any additional text, punctuation or explanation.

My answer is
",1
fake_5489,4,6,1,1,76,1,1,"Today is November 5, 2024. Racially, I am asian. Ideologically, I am conservative. Politically, I am a strong democrat. I attend church. I am 76 years old. I am a man. I am very interested in politics.. Question: Do you think the federal government should be doing more about the opioid drug addiction issue, should be doing less, or is it currently doing the right amount?

Answer choices:
1. Should be doing more 2. Should be doing less 3. Is doing the right amount

When answering, respond ONLY with a single number that corresponds to the option you choose. Do not include any additional text, punctuation or explanation.

My answer is
",1
fake_5490,1,4,7,1,26,2,3,"Today is November 5, 2024. Racially, I am white. Ideologically, I am moderate. Politically, I am a strong Republican. I attend church. I am 26 years old. I am a woman. I am not very interested in politics.. Question: Do you think the federal government should be doing more about the opioid drug addiction issue, should be doing less, or is it currently doing the right amount?

Answer choices:
1. Should be doing more 2. Should be doing less 3. Is doing the right amount

When answering, respond ONLY with a single number that corresponds to the option you choose. Do not include any additional text, punctuation or explanation.

My answer is
",1
fake_5491,1,7,1,1,44,1,2,"Today is November 5, 2024. Racially, I am white. Ideologically, I am extremely conservative. Politically, I am a strong democrat. I attend church. I am 44 years old. I am a man. I am somewhat interested in politics.. Question: Do you think the federal government should be doing more about the opioid drug addiction issue, should be doing less, or is it currently doing the right amount?

Answer choices:
1. Should be doing more 2. Should be doing less 3. Is doing the right amount

When answering, respond ONLY with a single number that corresponds to the option you choose. Do not include any additional text, punctuation or explanation.

My answer is
",1
fake_5492,1,6,7,1,37,2,2,"Today is November 5, 2024. Racially, I am white. Ideologically, I am conservative. Politically, I am a strong Republican. I attend church. I am 37 years old. I am a woman. I am somewhat interested in politics.. Question: Do you think the federal government should be doing more about the opioid drug addiction issue, should be doing less, or is it currently doing the right amount?

Answer choices:
1. Should be doing more 2. Should be doing less 3. Is doing the right amount

When answering, respond ONLY with a single number that corresponds to the option you choose. Do not include any additional text, punctuation or explanation.

My answer is
",1
fake_5493,-9,99,1,1,49,1,3,"Today is November 5, 2024. Politically, I am a strong democrat. I attend church. I am 49 years old. I am a man. I am not very interested in politics.. Question: Do you think the federal government should be doing more about the opioid drug addiction issue, should be doing less, or is it currently doing the right amount?

Answer choices:
1. Should be doing more 2. Should be doing less 3. Is doing the right amount

When answering, respond ONLY with a single number that corresponds to the option you choose. Do not include any additional text, punctuation or explanation.

My answer is
",1
fake_5494,1,5,7,1,48,2,2,"Today is November 5, 2024. Racially, I am white. Ideologically, I am slightly conservative. Politically, I am a strong Republican. I attend church. I am 48 years old. I am a woman. I am somewhat interested in politics.. Question: Do you think the federal government should be doing more about the opioid drug addiction issue, should be doing less, or is it currently doing the right amount?

Answer choices:
1. Should be doing more 2. Should be doing less 3. Is doing the right amount

When answering, respond ONLY with a single number that corresponds to the option you choose. Do not include any additional text, punctuation or explanation.

My answer is
",1
fake_5495,1,99,4,1,66,1,2,"Today is November 5, 2024. Racially, I am white. Politically, I am an independent. I attend church. I am 66 years old. I am a man. I am somewhat interested in politics.. Question: Do you think the federal government should be doing more about the opioid drug addiction issue, should be doing less, or is it currently doing the right amount?

Answer choices:
1. Should be doing more 2. Should be doing less 3. Is doing the right amount

When answering, respond ONLY with a single number that corresponds to the option you choose. Do not include any additional text, punctuation or explanation.

My answer is
",1
fake_5496,2,1,1,1,75,2,3,"Today is November 5, 2024. Racially, I am black. Ideologically, I am extremely liberal. Politically, I am a strong democrat. I attend church. I am 75 years old. I am a woman. I am not very interested in politics.. Question: Do you think the federal government should be doing more about the opioid drug addiction issue, should be doing less, or is it currently doing the right amount?

Answer choices:
1. Should be doing more 2. Should be doing less 3. Is doing the right amount

When answering, respond ONLY with a single number that corresponds to the option you choose. Do not include any additional text, punctuation or explanation.

My answer is
",1
fake_5497,1,4,7,1,56,1,3,"Today is November 5, 2024. Racially, I am white. Ideologically, I am moderate. Politically, I am a strong Republican. I attend church. I am 56 years old. I am a man. I am not very interested in politics.. Question: Do you think the federal government should be doing more about the opioid drug addiction issue, should be doing less, or is it currently doing the right amount?

Answer choices:
1. Should be doing more 2. Should be doing less 3. Is doing the right amount

When answering, respond ONLY with a single number that corresponds to the option you choose. Do not include any additional text, punctuation or explanation.

My answer is
",1
fake_5498,1,6,2,1,72,1,2,"Today is November 5, 2024. Racially, I am white. Ideologically, I am conservative. Politically, I am a weak Democrat. I attend church. I am 72 years old. I am a man. I am somewhat interested in politics.. Question: Do you think the federal government should be doing more about the opioid drug addiction issue, should be doing less, or is it currently doing the right amount?

Answer choices:
1. Should be doing more 2. Should be doing less 3. Is doing the right amount

When answering, respond ONLY with a single number that corresponds to the option you choose. Do not include any additional text, punctuation or explanation.

My answer is
",1
fake_5499,1,3,7,1,77,2,2,"Today is November 5, 2024. Racially, I am white. Ideologically, I am slightly liberal. Politically, I am a strong Republican. I attend church. I am 77 years old. I am a woman. I am somewhat interested in politics.. Question: Do you think the federal government should be doing more about the opioid drug addiction issue, should be doing less, or is it currently doing the right amount?

Answer choices:
1. Should be doing more 2. Should be doing less 3. Is doing the right amount

When answering, respond ONLY with a single number that corresponds to the option you choose. Do not include any additional text, punctuation or explanation.

My answer is
",1
fake_5500,3,4,4,1,18,1,3,"Today is November 5, 2024. Racially, I am hispanic. Ideologically, I am moderate. Politically, I am an independent. I attend church. I am 18 years old. I am a man. I am not very interested in politics.. Question: Do you think the federal government should be doing more about the opioid drug addiction issue, should be doing less, or is it currently doing the right amount?

Answer choices:
1. Should be doing more 2. Should be doing less 3. Is doing the right amount

When answering, respond ONLY with a single number that corresponds to the option you choose. Do not include any additional text, punctuation or explanation.

My answer is
",1
fake_5501,1,3,7,1,56,2,1,"Today is November 5, 2024. Racially, I am white. Ideologically, I am slightly liberal. Politically, I am a strong Republican. I attend church. I am 56 years old. I am a woman. I am very interested in politics.. Question: Do you think the federal government should be doing more about the opioid drug addiction issue, should be doing less, or is it currently doing the right amount?

Answer choices:
1. Should be doing more 2. Should be doing less 3. Is doing the right amount

When answering, respond ONLY with a single number that corresponds to the option you choose. Do not include any additional text, punctuation or explanation.

My answer is
",1
fake_5502,1,2,2,2,52,2,2,"Today is November 5, 2024. Racially, I am white. Ideologically, I am liberal. Politically, I am a weak Democrat. I do not attend church. I am 52 years old. I am a woman. I am somewhat interested in politics.. Question: Do you think the federal government should be doing more about the opioid drug addiction issue, should be doing less, or is it currently doing the right amount?

Answer choices:
1. Should be doing more 2. Should be doing less 3. Is doing the right amount

When answering, respond ONLY with a single number that corresponds to the option you choose. Do not include any additional text, punctuation or explanation.

My answer is
",1
fake_5503,1,99,1,1,80,2,1,"Today is November 5, 2024. Racially, I am white. Politically, I am a strong democrat. I attend church. I am 80 years old. I am a woman. I am very interested in politics.. Question: Do you think the federal government should be doing more about the opioid drug addiction issue, should be doing less, or is it currently doing the right amount?

Answer choices:
1. Should be doing more 2. Should be doing less 3. Is doing the right amount

When answering, respond ONLY with a single number that corresponds to the option you choose. Do not include any additional text, punctuation or explanation.

My answer is
",1
fake_5504,1,6,2,2,45,1,1,"Today is November 5, 2024. Racially, I am white. Ideologically, I am conservative. Politically, I am a weak Democrat. I do not attend church. I am 45 years old. I am a man. I am very interested in politics.. Question: Do you think the federal government should be doing more about the opioid drug addiction issue, should be doing less, or is it currently doing the right amount?

Answer choices:
1. Should be doing more 2. Should be doing less 3. Is doing the right amount

When answering, respond ONLY with a single number that corresponds to the option you choose. Do not include any additional text, punctuation or explanation.

My answer is
",1
fake_5505,1,4,5,2,62,1,2,"Today is November 5, 2024. Racially, I am white. Ideologically, I am moderate. Politically, I am an independent who leans Republican. I do not attend church. I am 62 years old. I am a man. I am somewhat interested in politics.. Question: Do you think the federal government should be doing more about the opioid drug addiction issue, should be doing less, or is it currently doing the right amount?

Answer choices:
1. Should be doing more 2. Should be doing less 3. Is doing the right amount

When answering, respond ONLY with a single number that corresponds to the option you choose. Do not include any additional text, punctuation or explanation.

My answer is
",1
fake_5506,1,7,2,2,62,1,2,"Today is November 5, 2024. Racially, I am white. Ideologically, I am extremely conservative. Politically, I am a weak Democrat. I do not attend church. I am 62 years old. I am a man. I am somewhat interested in politics.. Question: Do you think the federal government should be doing more about the opioid drug addiction issue, should be doing less, or is it currently doing the right amount?

Answer choices:
1. Should be doing more 2. Should be doing less 3. Is doing the right amount

When answering, respond ONLY with a single number that corresponds to the option you choose. Do not include any additional text, punctuation or explanation.

My answer is
",1
fake_5507,1,6,3,-1,46,1,4,"Today is November 5, 2024. Racially, I am white. Ideologically, I am conservative. Politically, I am an independent who leans Democratic. I am 46 years old. I am a man. I am not at all interested in politics.. Question: Do you think the federal government should be doing more about the opioid drug addiction issue, should be doing less, or is it currently doing the right amount?

Answer choices:
1. Should be doing more 2. Should be doing less 3. Is doing the right amount

When answering, respond ONLY with a single number that corresponds to the option you choose. Do not include any additional text, punctuation or explanation.

My answer is
",1
fake_5508,1,4,6,1,56,1,2,"Today is November 5, 2024. Racially, I am white. Ideologically, I am moderate. Politically, I am a weak Republican. I attend church. I am 56 years old. I am a man. I am somewhat interested in politics.. Question: Do you think the federal government should be doing more about the opioid drug addiction issue, should be doing less, or is it currently doing the right amount?

Answer choices:
1. Should be doing more 2. Should be doing less 3. Is doing the right amount

When answering, respond ONLY with a single number that corresponds to the option you choose. Do not include any additional text, punctuation or explanation.

My answer is
",1
fake_5509,2,5,1,2,39,2,1,"Today is November 5, 2024. Racially, I am black. Ideologically, I am slightly conservative. Politically, I am a strong democrat. I do not attend church. I am 39 years old. I am a woman. I am very interested in politics.. Question: Do you think the federal government should be doing more about the opioid drug addiction issue, should be doing less, or is it currently doing the right amount?

Answer choices:
1. Should be doing more 2. Should be doing less 3. Is doing the right amount

When answering, respond ONLY with a single number that corresponds to the option you choose. Do not include any additional text, punctuation or explanation.

My answer is
",1
fake_5510,1,4,1,1,-2,1,3,"Today is November 5, 2024. Racially, I am white. Ideologically, I am moderate. Politically, I am a strong democrat. I attend church. I am a man. I am not very interested in politics.. Question: Do you think the federal government should be doing more about the opioid drug addiction issue, should be doing less, or is it currently doing the right amount?

Answer choices:
1. Should be doing more 2. Should be doing less 3. Is doing the right amount

When answering, respond ONLY with a single number that corresponds to the option you choose. Do not include any additional text, punctuation or explanation.

My answer is
",1
fake_5511,1,6,1,1,43,1,2,"Today is November 5, 2024. Racially, I am white. Ideologically, I am conservative. Politically, I am a strong democrat. I attend church. I am 43 years old. I am a man. I am somewhat interested in politics.. Question: Do you think the federal government should be doing more about the opioid drug addiction issue, should be doing less, or is it currently doing the right amount?

Answer choices:
1. Should be doing more 2. Should be doing less 3. Is doing the right amount

When answering, respond ONLY with a single number that corresponds to the option you choose. Do not include any additional text, punctuation or explanation.

My answer is
",1
fake_5512,2,4,3,1,80,2,1,"Today is November 5, 2024. Racially, I am black. Ideologically, I am moderate. Politically, I am an independent who leans Democratic. I attend church. I am 80 years old. I am a woman. I am very interested in politics.. Question: Do you think the federal government should be doing more about the opioid drug addiction issue, should be doing less, or is it currently doing the right amount?

Answer choices:
1. Should be doing more 2. Should be doing less 3. Is doing the right amount

When answering, respond ONLY with a single number that corresponds to the option you choose. Do not include any additional text, punctuation or explanation.

My answer is
",1
fake_5513,1,4,1,2,45,1,2,"Today is November 5, 2024. Racially, I am white. Ideologically, I am moderate. Politically, I am a strong democrat. I do not attend church. I am 45 years old. I am a man. I am somewhat interested in politics.. Question: Do you think the federal government should be doing more about the opioid drug addiction issue, should be doing less, or is it currently doing the right amount?

Answer choices:
1. Should be doing more 2. Should be doing less 3. Is doing the right amount

When answering, respond ONLY with a single number that corresponds to the option you choose. Do not include any additional text, punctuation or explanation.

My answer is
",1
fake_5514,5,3,1,1,73,1,3,"Today is November 5, 2024. Racially, I am native American. Ideologically, I am slightly liberal. Politically, I am a strong democrat. I attend church. I am 73 years old. I am a man. I am not very interested in politics.. Question: Do you think the federal government should be doing more about the opioid drug addiction issue, should be doing less, or is it currently doing the right amount?

Answer choices:
1. Should be doing more 2. Should be doing less 3. Is doing the right amount

When answering, respond ONLY with a single number that corresponds to the option you choose. Do not include any additional text, punctuation or explanation.

My answer is
",1
fake_5515,1,5,6,1,47,2,4,"Today is November 5, 2024. Racially, I am white. Ideologically, I am slightly conservative. Politically, I am a weak Republican. I attend church. I am 47 years old. I am a woman. I am not at all interested in politics.. Question: Do you think the federal government should be doing more about the opioid drug addiction issue, should be doing less, or is it currently doing the right amount?

Answer choices:
1. Should be doing more 2. Should be doing less 3. Is doing the right amount

When answering, respond ONLY with a single number that corresponds to the option you choose. Do not include any additional text, punctuation or explanation.

My answer is
",1
fake_5516,1,99,7,2,50,1,3,"Today is November 5, 2024. Racially, I am white. Politically, I am a strong Republican. I do not attend church. I am 50 years old. I am a man. I am not very interested in politics.. Question: Do you think the federal government should be doing more about the opioid drug addiction issue, should be doing less, or is it currently doing the right amount?

Answer choices:
1. Should be doing more 2. Should be doing less 3. Is doing the right amount

When answering, respond ONLY with a single number that corresponds to the option you choose. Do not include any additional text, punctuation or explanation.

My answer is
",1
fake_5517,1,4,5,1,-2,1,1,"Today is November 5, 2024. Racially, I am white. Ideologically, I am moderate. Politically, I am an independent who leans Republican. I attend church. I am a man. I am very interested in politics.. Question: Do you think the federal government should be doing more about the opioid drug addiction issue, should be doing less, or is it currently doing the right amount?

Answer choices:
1. Should be doing more 2. Should be doing less 3. Is doing the right amount

When answering, respond ONLY with a single number that corresponds to the option you choose. Do not include any additional text, punctuation or explanation.

My answer is
",1
fake_5518,1,3,1,2,52,1,-6,"Today is November 5, 2024. Racially, I am white. Ideologically, I am slightly liberal. Politically, I am a strong democrat. I do not attend church. I am 52 years old. I am a man.. Question: Do you think the federal government should be doing more about the opioid drug addiction issue, should be doing less, or is it currently doing the right amount?

Answer choices:
1. Should be doing more 2. Should be doing less 3. Is doing the right amount

When answering, respond ONLY with a single number that corresponds to the option you choose. Do not include any additional text, punctuation or explanation.

My answer is
",1
fake_5519,1,6,7,2,51,1,3,"Today is November 5, 2024. Racially, I am white. Ideologically, I am conservative. Politically, I am a strong Republican. I do not attend church. I am 51 years old. I am a man. I am not very interested in politics.. Question: Do you think the federal government should be doing more about the opioid drug addiction issue, should be doing less, or is it currently doing the right amount?

Answer choices:
1. Should be doing more 2. Should be doing less 3. Is doing the right amount

When answering, respond ONLY with a single number that corresponds to the option you choose. Do not include any additional text, punctuation or explanation.

My answer is
",1
fake_5520,1,5,2,2,54,1,3,"Today is November 5, 2024. Racially, I am white. Ideologically, I am slightly conservative. Politically, I am a weak Democrat. I do not attend church. I am 54 years old. I am a man. I am not very interested in politics.. Question: Do you think the federal government should be doing more about the opioid drug addiction issue, should be doing less, or is it currently doing the right amount?

Answer choices:
1. Should be doing more 2. Should be doing less 3. Is doing the right amount

When answering, respond ONLY with a single number that corresponds to the option you choose. Do not include any additional text, punctuation or explanation.

My answer is
",1
